2 0.044531 0.778320 0.048438 0.115234
2 0.463281 0.772461 0.042188 0.123047
2 0.543750 0.770508 0.040625 0.126953
2 0.625000 0.767578 0.043750 0.121094
2 0.119531 0.716797 0.048438 0.121094
0 0.039844 0.658203 0.048438 0.125000
2 0.542969 0.648438 0.042188 0.125000
2 0.626563 0.647461 0.043750 0.123047
2 0.117969 0.596680 0.048438 0.126953
2 0.202344 0.569336 0.048438 0.119141
4 0.038281 0.538086 0.048438 0.126953
2 0.542969 0.525391 0.042188 0.128906
2 0.625781 0.524414 0.045312 0.126953
2 0.278906 0.505859 0.048438 0.125000
2 0.275781 0.259766 0.051562 0.128906
4 0.197656 0.200195 0.042188 0.123047
2 0.621094 0.153320 0.042188 0.119141
2 0.274219 0.139648 0.045312 0.123047
4 0.197656 0.078125 0.042188 0.125000
1 0.621875 0.047852 0.043750 0.095703
2 0.378125 0.041016 0.043750 0.082031
2 0.272656 0.038086 0.045312 0.076172
2 0.383594 0.895508 0.039062 0.123047
2 0.464844 0.894531 0.042188 0.125000
2 0.546094 0.891602 0.039062 0.126953
2 0.627344 0.890625 0.042188 0.125000
2 0.199219 0.445312 0.045312 0.125000
2 0.624219 0.400391 0.045312 0.125000
2 0.378125 0.139648 0.043750 0.126953
2 0.276562 0.383789 0.050000 0.126953
0 0.376563 0.262695 0.043750 0.123047
2 0.196875 0.323242 0.043750 0.123047
2 0.621875 0.275391 0.046875 0.128906
