4 0.369531 0.789062 0.042188 0.132812
2 0.441406 0.752930 0.039062 0.126953
0 0.516406 0.748047 0.042188 0.128906
2 0.944531 0.746094 0.045312 0.117188
2 0.288281 0.720703 0.039062 0.121094
2 0.596094 0.684570 0.048438 0.123047
2 0.678125 0.676758 0.046875 0.119141
4 0.367188 0.671875 0.043750 0.121094
2 0.436719 0.632812 0.039062 0.128906
2 0.514844 0.629883 0.042188 0.123047
2 0.594531 0.561523 0.045312 0.123047
2 0.431250 0.510742 0.043750 0.126953
4 0.511719 0.507812 0.045312 0.125000
4 0.293750 0.948242 0.043750 0.103516
2 0.149219 0.481445 0.042188 0.119141
2 0.592969 0.442383 0.048438 0.119141
2 0.218750 0.416992 0.037500 0.123047
0 0.814063 0.396484 0.046875 0.117188
2 0.428906 0.389648 0.045312 0.123047
4 0.509375 0.389648 0.043750 0.119141
2 0.146094 0.363281 0.042188 0.125000
2 0.867969 0.934570 0.048438 0.119141
4 0.216406 0.299805 0.035937 0.123047
2 0.810937 0.276367 0.050000 0.119141
2 0.427344 0.270508 0.045312 0.119141
4 0.508594 0.268555 0.045312 0.123047
2 0.145313 0.243164 0.040625 0.123047
2 0.600000 0.922852 0.043750 0.123047
2 0.216406 0.177734 0.035937 0.121094
4 0.372656 0.906250 0.042188 0.125000
2 0.216406 0.060547 0.035937 0.117188
2 0.442969 0.871094 0.039062 0.125000
2 0.517969 0.870117 0.045312 0.123047
2 0.944531 0.859375 0.045312 0.125000
2 0.292187 0.836914 0.043750 0.123047
2 0.680469 0.797852 0.045312 0.123047
2 0.682031 0.913086 0.042188 0.119141
2 0.145313 0.124023 0.037500 0.123047
2 0.596875 0.803711 0.043750 0.119141
