2 0.017188 0.232422 0.034375 0.125000
2 0.764844 0.256836 0.045312 0.119141
2 0.918672 0.276367 0.037656 0.119141
2 0.578906 0.289062 0.042188 0.125000
4 0.091172 0.299707 0.036406 0.122852
4 0.842969 0.303711 0.045312 0.115234
2 0.673438 0.319336 0.043750 0.123047
2 0.765625 0.375977 0.043750 0.119141
0 0.579688 0.409180 0.043750 0.119141
2 0.672656 0.438477 0.045312 0.123047
2 0.913281 0.048828 0.039062 0.097656
2 0.763281 0.492188 0.042188 0.113281
2 0.506250 0.516602 0.040625 0.119141
2 0.425781 0.517578 0.042188 0.121094
4 0.578125 0.525391 0.037500 0.117188
2 0.335156 0.054688 0.039062 0.109375
2 0.412500 0.055664 0.043750 0.111328
2 0.673438 0.559570 0.043750 0.119141
2 0.344531 0.573242 0.042188 0.123047
2 0.423438 0.635742 0.043750 0.126953
2 0.503906 0.637695 0.039062 0.123047
4 0.578906 0.651367 0.039062 0.119141
4 0.095703 0.067773 0.039844 0.119922
2 0.342969 0.695312 0.042188 0.117188
4 0.842187 0.073242 0.043750 0.115234
4 0.168750 0.735352 0.037500 0.123047
2 0.965625 0.739258 0.046875 0.119141
2 0.253906 0.739258 0.039062 0.119141
4 0.502344 0.756836 0.042188 0.119141
2 0.423438 0.756836 0.040625 0.119141
4 0.579688 0.768555 0.037500 0.115234
4 0.090625 0.801758 0.037500 0.123047
2 0.343750 0.815430 0.043750 0.123047
2 0.671875 0.083984 0.040625 0.121094
2 0.885938 0.855469 0.046875 0.109375
2 0.961719 0.858398 0.042188 0.126953
4 0.167969 0.860352 0.035937 0.126953
2 0.251563 0.864258 0.037500 0.123047
4 0.090625 0.914062 0.043750 0.113281
4 0.340625 0.932617 0.043750 0.119141
2 0.018750 0.114258 0.037500 0.111328
2 0.765625 0.137695 0.046875 0.115234
2 0.916641 0.159180 0.035469 0.115234
4 0.843750 0.185547 0.043750 0.117188
4 0.092969 0.184570 0.035937 0.119141
2 0.672656 0.200195 0.042188 0.123047
