2 0.184375 0.387695 0.040625 0.119141
2 0.182031 0.507812 0.039062 0.117188
4 0.260937 0.509766 0.037500 0.121094
0 0.565625 0.532227 0.043750 0.119141
2 0.342969 0.566406 0.042188 0.121094
2 0.181250 0.627930 0.037500 0.119141
4 0.259375 0.629883 0.037500 0.115234
2 0.338281 0.686523 0.042188 0.119141
2 0.370312 0.073242 0.040625 0.115234
2 0.260156 0.747070 0.039062 0.119141
2 0.182812 0.749023 0.034375 0.115234
4 0.115625 0.781250 0.037500 0.117188
2 0.419531 0.805664 0.042188 0.119141
4 0.263281 0.392578 0.042188 0.121094
2 0.039062 0.827148 0.034375 0.115234
2 0.761719 0.857422 0.035937 0.117188
2 0.185156 0.868164 0.032813 0.115234
0 0.257812 0.872070 0.040625 0.123047
2 0.691406 0.889648 0.042188 0.119141
4 0.116406 0.899414 0.035937 0.115234
2 0.419531 0.924805 0.039062 0.119141
4 0.336719 0.924805 0.039062 0.123047
2 0.039062 0.936523 0.034375 0.115234
2 0.567187 0.412109 0.040625 0.121094
2 0.337500 0.807617 0.040625 0.119141
