2 0.022656 0.528320 0.039062 0.119141
4 0.097656 0.521484 0.039062 0.117188
2 0.177344 0.516602 0.039062 0.119141
4 0.250000 0.508789 0.037500 0.119141
2 0.331250 0.504883 0.040625 0.115234
2 0.409375 0.496094 0.040625 0.117188
2 0.499219 0.492188 0.045312 0.121094
2 0.577344 0.488281 0.045312 0.117188
2 0.653906 0.483398 0.045312 0.119141
2 0.735156 0.476562 0.045312 0.117188
2 0.814063 0.471680 0.040625 0.119141
4 0.892969 0.466797 0.042188 0.117188
4 0.966406 0.460938 0.042188 0.117188
2 0.017188 0.408203 0.034375 0.117188
2 0.092969 0.405273 0.039062 0.119141
2 0.171094 0.396484 0.039062 0.121094
4 0.246094 0.390625 0.039062 0.121094
2 0.324219 0.387695 0.039062 0.119141
2 0.403906 0.376953 0.039062 0.121094
2 0.492188 0.374023 0.046875 0.115234
2 0.569531 0.369141 0.045312 0.121094
2 0.648438 0.362305 0.046875 0.123047
2 0.728906 0.356445 0.042188 0.123047
2 0.808594 0.352539 0.042188 0.119141
0 0.884375 0.347656 0.043750 0.117188
4 0.960938 0.343750 0.043750 0.117188
2 0.015625 0.291016 0.031250 0.121094
2 0.089844 0.284180 0.039062 0.119141
2 0.167969 0.276367 0.039062 0.119141
4 0.239844 0.268555 0.035937 0.123047
2 0.317969 0.263672 0.035937 0.121094
2 0.400000 0.256836 0.037500 0.123047
2 0.484375 0.252930 0.043750 0.123047
2 0.561719 0.249023 0.039062 0.119141
2 0.642188 0.244141 0.043750 0.117188
2 0.722656 0.240234 0.042188 0.113281
2 0.802344 0.235352 0.042188 0.119141
2 0.879687 0.230469 0.043750 0.117188
2 0.953125 0.224609 0.046875 0.117188
4 0.085938 0.166016 0.037500 0.121094
2 0.162500 0.160156 0.037500 0.117188
4 0.235156 0.152344 0.035937 0.117188
2 0.314063 0.142578 0.034375 0.125000
4 0.392188 0.139648 0.037500 0.119141
