2 0.024219 0.190430 0.045312 0.119141
2 0.579688 0.166016 0.040625 0.121094
2 0.492969 0.168945 0.045312 0.119141
4 0.675000 0.840820 0.040625 0.119141
2 0.753125 0.909180 0.040625 0.123047
2 0.025000 0.078125 0.043750 0.121094
0 0.177344 0.752930 0.045312 0.123047
2 0.090625 0.842773 0.050000 0.119141
2 0.752344 0.789062 0.042188 0.125000
4 0.675781 0.950195 0.039062 0.099609
4 0.925781 0.844727 0.039062 0.115234
2 0.974219 0.102539 0.039062 0.123047
2 0.181250 0.872070 0.043750 0.115234
2 0.925000 0.949219 0.037500 0.101562
4 0.582031 0.403320 0.042188 0.119141
4 0.921094 0.725586 0.039062 0.119141
2 0.407031 0.458984 0.045312 0.125000
4 0.900781 0.329102 0.039062 0.119141
2 0.739844 0.219727 0.042188 0.123047
4 0.246094 0.405273 0.042188 0.119141
4 0.171875 0.512695 0.043750 0.119141
4 0.173437 0.633789 0.043750 0.119141
4 0.979688 0.217773 0.040625 0.119141
2 0.410156 0.579102 0.045312 0.123047
2 0.327344 0.640625 0.045312 0.121094
2 0.496875 0.407227 0.043750 0.126953
4 0.741406 0.333984 0.039062 0.121094
2 0.247656 0.642578 0.045312 0.117188
4 0.660156 0.217773 0.042188 0.119141
2 0.917969 0.606445 0.039062 0.119141
2 0.403906 0.217773 0.045312 0.119141
2 0.325781 0.518555 0.045312 0.126953
2 0.750000 0.668945 0.040625 0.119141
2 0.820312 0.333008 0.034375 0.123047
2 0.819531 0.213867 0.035937 0.119141
2 0.087500 0.723633 0.050000 0.119141
2 0.167266 0.394531 0.037344 0.113281
4 0.580469 0.280273 0.042188 0.123047
2 0.495312 0.287109 0.043750 0.121094
2 0.897656 0.213867 0.039062 0.123047
2 0.404687 0.339844 0.043750 0.125000
2 0.249219 0.522461 0.045312 0.126953
2 0.982031 0.334961 0.035937 0.123047
2 0.083594 0.603516 0.048438 0.121094
2 0.661719 0.333984 0.039062 0.121094
2 0.324219 0.397461 0.045312 0.119141
