2 0.835156 0.154297 0.042188 0.125000
2 0.313281 0.155273 0.045312 0.123047
4 0.475000 0.196289 0.043750 0.130859
2 0.916406 0.209961 0.035937 0.130859
2 0.400781 0.229492 0.039062 0.123047
2 0.558594 0.246094 0.042188 0.128906
4 0.837500 0.274414 0.037500 0.126953
2 0.314063 0.278320 0.043750 0.126953
2 0.475781 0.321289 0.042188 0.126953
2 0.917969 0.329102 0.039062 0.126953
2 0.400781 0.355469 0.035937 0.128906
2 0.559375 0.367188 0.043750 0.125000
2 0.838281 0.398438 0.039062 0.125000
2 0.316406 0.399414 0.045312 0.126953
2 0.755469 0.401367 0.039062 0.123047
2 0.475781 0.443359 0.042188 0.125000
2 0.919531 0.455078 0.035937 0.128906
2 0.400781 0.480469 0.035937 0.121094
2 0.838281 0.521484 0.039062 0.128906
2 0.755469 0.526367 0.039062 0.126953
2 0.475781 0.567383 0.042188 0.123047
2 0.920312 0.576172 0.037500 0.125000
2 0.400781 0.602539 0.035937 0.119141
2 0.755469 0.644531 0.039062 0.117188
2 0.840625 0.646484 0.037500 0.121094
2 0.917188 0.701172 0.034375 0.128906
2 0.474219 0.077148 0.045312 0.126953
2 0.838281 0.765625 0.035937 0.125000
4 0.918750 0.821289 0.034375 0.123047
2 0.838281 0.887695 0.035937 0.123047
2 0.913281 0.093750 0.039062 0.128906
0 0.609375 0.929688 0.043750 0.121094
4 0.917969 0.940430 0.032813 0.119141
2 0.400000 0.108398 0.037500 0.123047
2 0.559375 0.125000 0.043750 0.125000
