2 0.578906 0.710938 0.042188 0.125000
4 0.091172 0.700293 0.036406 0.122852
4 0.842969 0.696289 0.045312 0.115234
2 0.673438 0.680664 0.043750 0.123047
2 0.765625 0.624023 0.043750 0.119141
0 0.579688 0.590820 0.043750 0.119141
2 0.672656 0.561523 0.045312 0.123047
2 0.913281 0.951172 0.039062 0.097656
2 0.763281 0.507812 0.042188 0.113281
2 0.506250 0.483398 0.040625 0.119141
2 0.425781 0.482422 0.042188 0.121094
4 0.578125 0.474609 0.037500 0.117188
2 0.335156 0.945312 0.039062 0.109375
2 0.412500 0.944336 0.043750 0.111328
2 0.673438 0.440430 0.043750 0.119141
2 0.344531 0.426758 0.042188 0.123047
2 0.423438 0.364258 0.043750 0.126953
2 0.503906 0.362305 0.039062 0.123047
4 0.578906 0.348633 0.039062 0.119141
4 0.095703 0.932227 0.039844 0.119922
2 0.342969 0.304688 0.042188 0.117188
4 0.842187 0.926758 0.043750 0.115234
4 0.168750 0.264648 0.037500 0.123047
2 0.965625 0.260742 0.046875 0.119141
2 0.253906 0.260742 0.039062 0.119141
4 0.502344 0.243164 0.042188 0.119141
2 0.423438 0.243164 0.040625 0.119141
4 0.579688 0.231445 0.037500 0.115234
4 0.090625 0.198242 0.037500 0.123047
2 0.343750 0.184570 0.043750 0.123047
2 0.671875 0.916016 0.040625 0.121094
2 0.885938 0.144531 0.046875 0.109375
2 0.961719 0.141602 0.042188 0.126953
4 0.167969 0.139648 0.035937 0.126953
2 0.251563 0.135742 0.037500 0.123047
4 0.090625 0.085938 0.043750 0.113281
4 0.340625 0.067383 0.043750 0.119141
2 0.018750 0.885742 0.037500 0.111328
2 0.765625 0.862305 0.046875 0.115234
2 0.916641 0.840820 0.035469 0.115234
4 0.843750 0.814453 0.043750 0.117188
4 0.092969 0.815430 0.035937 0.119141
2 0.672656 0.799805 0.042188 0.123047
2 0.017188 0.767578 0.034375 0.125000
2 0.764844 0.743164 0.045312 0.119141
2 0.918672 0.723633 0.037656 0.119141
