2 0.815625 0.612305 0.040625 0.119141
4 0.736719 0.607422 0.042188 0.121094
2 0.432812 0.587891 0.040625 0.121094
2 0.817969 0.492188 0.039062 0.117188
4 0.739062 0.490234 0.037500 0.121094
0 0.434375 0.467773 0.043750 0.119141
2 0.657031 0.433594 0.042188 0.121094
2 0.818750 0.372070 0.037500 0.119141
4 0.740625 0.370117 0.037500 0.115234
2 0.661719 0.313477 0.042188 0.119141
2 0.629687 0.926758 0.040625 0.115234
2 0.739844 0.252930 0.039062 0.119141
2 0.817187 0.250977 0.034375 0.115234
4 0.884375 0.218750 0.037500 0.117188
2 0.580469 0.194336 0.042188 0.119141
2 0.662500 0.192383 0.040625 0.119141
2 0.814844 0.131836 0.032813 0.115234
0 0.742188 0.127930 0.040625 0.123047
2 0.308594 0.110352 0.042188 0.119141
4 0.883594 0.100586 0.035937 0.115234
2 0.580469 0.075195 0.039062 0.119141
4 0.663281 0.075195 0.039062 0.123047
2 0.960938 0.172852 0.034375 0.115234
2 0.238281 0.142578 0.035937 0.117188
2 0.960938 0.063477 0.034375 0.115234
