2 0.684375 0.823242 0.043750 0.119141
2 0.584375 0.345703 0.043750 0.121094
2 0.756250 0.577148 0.046875 0.123047
2 0.737500 0.094727 0.043750 0.123047
2 0.936719 0.826172 0.045312 0.117188
2 0.939844 0.941406 0.045312 0.113281
2 0.577344 0.103516 0.045312 0.121094
2 0.971094 0.086914 0.048438 0.119141
2 0.828125 0.333008 0.046875 0.119141
2 0.829688 0.454102 0.043750 0.119141
2 0.607031 0.944336 0.048438 0.111328
2 0.817187 0.092773 0.043750 0.119141
2 0.747656 0.335938 0.042188 0.121094
2 0.976562 0.206055 0.040625 0.119141
2 0.905469 0.329102 0.048438 0.123047
2 0.657813 0.098633 0.043750 0.119141
2 0.678125 0.705078 0.043750 0.121094
2 0.895312 0.088867 0.043750 0.115234
2 0.901563 0.208984 0.046875 0.117188
0 0.823438 0.213867 0.046875 0.119141
2 0.666406 0.341797 0.045312 0.117188
2 0.662500 0.219727 0.043750 0.119141
2 0.742188 0.213867 0.043750 0.115234
2 0.671094 0.463867 0.045312 0.123047
2 0.580469 0.222656 0.045312 0.117188
2 0.602344 0.829102 0.048438 0.123047
2 0.752344 0.456055 0.042188 0.123047
2 0.589844 0.466797 0.045312 0.125000
2 0.595313 0.588867 0.043750 0.119141
2 0.675781 0.583008 0.045312 0.119141
2 0.598437 0.708008 0.046875 0.123047
