4 0.853906 0.200195 0.042188 0.123047
2 0.775781 0.202148 0.042188 0.123047
2 0.700000 0.208008 0.043750 0.119141
2 0.621094 0.209961 0.042188 0.123047
2 0.542969 0.217773 0.045312 0.123047
4 0.464844 0.221680 0.045312 0.123047
2 0.382031 0.224609 0.045312 0.125000
2 0.305469 0.231445 0.045312 0.123047
4 0.225781 0.237305 0.045312 0.119141
1 0.148438 0.242188 0.046875 0.121094
2 0.066406 0.310547 0.048438 0.121094
2 0.938281 0.311523 0.042188 0.115234
2 0.860156 0.319336 0.042188 0.123047
2 0.783594 0.320312 0.042188 0.125000
2 0.705469 0.325195 0.042188 0.119141
4 0.626563 0.329102 0.043750 0.130859
2 0.546094 0.335938 0.045312 0.125000
2 0.468750 0.340820 0.043750 0.126953
2 0.389062 0.344727 0.046875 0.123047
2 0.309375 0.350586 0.043750 0.123047
4 0.228906 0.358398 0.048438 0.119141
4 0.150781 0.360352 0.045312 0.119141
2 0.069531 0.426758 0.048438 0.119141
2 0.943750 0.428711 0.040625 0.119141
2 0.933594 0.193359 0.042188 0.125000
2 0.064062 0.192383 0.043750 0.119141
2 0.866406 0.433594 0.039062 0.117188
2 0.786719 0.440430 0.042188 0.123047
2 0.711719 0.442383 0.042188 0.119141
4 0.632812 0.447266 0.043750 0.121094
2 0.553906 0.452148 0.048438 0.123047
1 0.474219 0.458984 0.045312 0.121094
2 0.394531 0.463867 0.048438 0.123047
2 0.314063 0.469727 0.046875 0.123047
2 0.234375 0.476562 0.043750 0.117188
4 0.156250 0.479492 0.050000 0.123047
2 0.073438 0.544922 0.046875 0.117188
2 0.949219 0.549805 0.039062 0.119141
2 0.871094 0.551758 0.039062 0.126953
2 0.792969 0.557617 0.039062 0.123047
2 0.716406 0.567383 0.039062 0.123047
4 0.636719 0.568359 0.042188 0.121094
2 0.558594 0.575195 0.045312 0.123047
4 0.480469 0.580078 0.045312 0.121094
2 0.397656 0.585938 0.045312 0.125000
2 0.319531 0.590820 0.045312 0.119141
2 0.241406 0.595703 0.042188 0.121094
4 0.160938 0.597656 0.043750 0.121094
2 0.952344 0.669922 0.035937 0.117188
2 0.875000 0.672852 0.037500 0.119141
2 0.797656 0.677734 0.042188 0.121094
2 0.721875 0.684570 0.037500 0.119141
4 0.639844 0.688477 0.045312 0.126953
2 0.561719 0.697266 0.042188 0.121094
4 0.487500 0.701172 0.043750 0.121094
2 0.403906 0.703125 0.045312 0.125000
0 0.325000 0.708984 0.043750 0.121094
4 0.167969 0.713867 0.045312 0.115234
2 0.244531 0.714844 0.045312 0.125000
2 0.064062 0.075195 0.046875 0.111328
2 0.925781 0.079102 0.042188 0.119141
2 0.955469 0.782227 0.035937 0.119141
2 0.878125 0.791992 0.037500 0.119141
2 0.799219 0.796875 0.039062 0.121094
2 0.722656 0.805664 0.042188 0.123047
2 0.646094 0.805664 0.042188 0.123047
2 0.566406 0.815430 0.042188 0.123047
4 0.492188 0.817383 0.043750 0.119141
2 0.850000 0.083984 0.043750 0.121094
2 0.408594 0.823242 0.045312 0.119141
4 0.328906 0.827148 0.045312 0.119141
2 0.249219 0.833008 0.042188 0.119141
2 0.771875 0.085938 0.040625 0.121094
2 0.696094 0.090820 0.042188 0.119141
4 0.958594 0.901367 0.035937 0.115234
2 0.880469 0.906250 0.035937 0.117188
2 0.802344 0.915039 0.039062 0.123047
2 0.727344 0.920898 0.042188 0.123047
4 0.648438 0.925781 0.043750 0.117188
2 0.570312 0.932617 0.040625 0.123047
4 0.496875 0.936523 0.043750 0.115234
2 0.413281 0.940430 0.045312 0.119141
4 0.334375 0.943359 0.043750 0.113281
2 0.253906 0.944336 0.042188 0.111328
2 0.617188 0.098633 0.040625 0.119141
2 0.538281 0.099609 0.045312 0.121094
4 0.460156 0.103516 0.042188 0.121094
2 0.379688 0.108398 0.046875 0.123047
2 0.299219 0.112305 0.045312 0.119141
4 0.221875 0.120117 0.046875 0.119141
4 0.143750 0.125977 0.046875 0.123047
