4 0.116406 0.924805 0.032813 0.119141
2 0.306250 0.894531 0.040625 0.125000
2 0.726562 0.209961 0.050000 0.115234
2 0.225000 0.890625 0.040625 0.125000
2 0.238281 0.047852 0.039062 0.095703
2 0.160938 0.046875 0.037500 0.093750
2 0.159375 0.151367 0.034375 0.115234
2 0.481250 0.833984 0.043750 0.125000
2 0.084375 0.156250 0.040625 0.117188
2 0.086719 0.048828 0.039062 0.097656
4 0.115625 0.810547 0.034375 0.121094
2 0.238281 0.152344 0.039062 0.117188
2 0.042188 0.806641 0.034375 0.117188
2 0.640625 0.208008 0.046875 0.119141
4 0.560156 0.881836 0.045312 0.119141
2 0.043750 0.921875 0.034375 0.121094
2 0.817187 0.616211 0.046875 0.119141
2 0.403906 0.382812 0.042188 0.117188
4 0.237500 0.270508 0.037500 0.119141
2 0.081250 0.270508 0.037500 0.115234
2 0.728906 0.449219 0.045312 0.117188
4 0.643750 0.448242 0.046875 0.115234
2 0.310937 0.657227 0.040625 0.126953
2 0.483594 0.264648 0.042188 0.119141
2 0.480469 0.945312 0.045312 0.109375
2 0.728125 0.331055 0.046875 0.119141
2 0.815625 0.259766 0.046875 0.117188
2 0.481250 0.717773 0.043750 0.123047
2 0.159375 0.269531 0.034375 0.117188
0 0.237500 0.390625 0.037500 0.117188
4 0.483594 0.382812 0.042188 0.117188
2 0.564063 0.383789 0.043750 0.119141
2 0.039062 0.692383 0.037500 0.123047
2 0.322656 0.380859 0.039062 0.117188
4 0.114844 0.694336 0.035937 0.123047
2 0.816406 0.496094 0.045312 0.117188
2 0.310156 0.776367 0.039062 0.123047
2 0.969531 0.672852 0.045312 0.115234
2 0.226562 0.657227 0.040625 0.119141
2 0.894531 0.435547 0.045312 0.117188
4 0.564063 0.262695 0.043750 0.123047
2 0.403125 0.262695 0.040625 0.123047
2 0.971094 0.555664 0.045312 0.119141
2 0.816406 0.377930 0.045312 0.119141
2 0.080469 0.387695 0.035937 0.115234
4 0.642969 0.329102 0.045312 0.119141
2 0.159375 0.386719 0.037500 0.117188
4 0.968750 0.438477 0.046875 0.115234
2 0.322656 0.261719 0.039062 0.121094
2 0.895312 0.553711 0.043750 0.119141
2 0.226562 0.775391 0.037500 0.117188
2 0.892969 0.671875 0.048438 0.117188
