2 1.000000 0.002051 0.000000 0.000195
2 0.278906 0.218750 0.048438 0.125000
4 0.198437 0.268555 0.043750 0.123047
2 0.131250 0.305664 0.037500 0.115234
2 0.055469 0.307617 0.045312 0.119141
2 0.134375 0.424805 0.046875 0.123047
4 0.058594 0.424805 0.045312 0.123047
2 0.911719 0.481445 0.035937 0.119141
4 0.835156 0.485352 0.039062 0.123047
2 0.753906 0.485352 0.042188 0.119141
2 0.673438 0.487305 0.040625 0.123047
2 0.344531 0.512695 0.039062 0.123047
2 0.135156 0.543945 0.045312 0.123047
4 0.057813 0.543945 0.046875 0.115234
2 0.419531 0.572266 0.045312 0.128906
2 0.910937 0.602539 0.037500 0.119141
2 0.754687 0.602539 0.040625 0.126953
4 0.835156 0.603516 0.039062 0.121094
2 0.675781 0.607422 0.042188 0.117188
4 0.344531 0.635742 0.042188 0.123047
4 0.060937 0.663086 0.046875 0.115234
2 0.138281 0.665039 0.045312 0.115234
2 0.421875 0.697266 0.043750 0.125000
2 0.130469 0.071289 0.035937 0.123047
2 0.913281 0.720703 0.035937 0.121094
4 0.835938 0.721680 0.037500 0.119141
2 0.757031 0.723633 0.042188 0.123047
2 0.676562 0.729492 0.040625 0.126953
2 0.059375 0.075195 0.043750 0.115234
4 0.346875 0.756836 0.043750 0.123047
2 0.421094 0.817383 0.042188 0.123047
2 0.911719 0.836914 0.035937 0.119141
4 0.836719 0.842773 0.032813 0.123047
2 0.755469 0.844727 0.039062 0.123047
2 0.679688 0.847656 0.037500 0.117188
2 0.347656 0.876953 0.039062 0.113281
2 0.421094 0.934570 0.042188 0.119141
4 0.911719 0.948242 0.035937 0.103516
4 0.837500 0.949219 0.031250 0.101562
2 0.757031 0.951172 0.035937 0.097656
2 0.677344 0.953125 0.035937 0.093750
2 0.277344 0.098633 0.045312 0.123047
4 0.199219 0.148438 0.042188 0.125000
2 0.129688 0.188477 0.037500 0.119141
0 0.058594 0.189453 0.045312 0.117188
2 0.417969 0.453125 0.045312 0.125000
