2 0.317969 0.648438 0.042188 0.121094
4 0.645312 0.083984 0.040625 0.113281
2 0.564063 0.842773 0.040625 0.119141
2 0.721875 0.817383 0.037500 0.111328
4 0.400781 0.763672 0.042188 0.121094
4 0.851562 0.128906 0.040625 0.117188
2 0.481250 0.757812 0.043750 0.121094
2 0.560156 0.724609 0.039062 0.121094
4 0.406250 0.877930 0.043750 0.119141
4 0.639062 0.704102 0.040625 0.119141
2 0.929688 0.186523 0.040625 0.115234
2 0.247656 0.888672 0.042188 0.121094
4 0.396094 0.640625 0.042188 0.121094
2 0.922656 0.067383 0.042188 0.115234
2 0.799219 0.750977 0.039062 0.115234
2 0.644531 0.821289 0.039062 0.119141
2 0.325781 0.883789 0.042188 0.119141
4 0.485156 0.877930 0.042188 0.119141
0 0.716406 0.700195 0.039062 0.123047
2 0.321875 0.764648 0.043750 0.119141
2 0.236719 0.649414 0.045312 0.119141
2 0.242969 0.772461 0.045312 0.119141
2 0.476562 0.637695 0.043750 0.123047
0 0.388281 0.401367 0.048438 0.119141
4 0.713281 0.581055 0.039062 0.119141
2 0.233594 0.532227 0.045312 0.123047
2 0.467187 0.396484 0.043750 0.121094
2 0.550000 0.485352 0.043750 0.123047
0 0.391406 0.522461 0.045312 0.119141
2 0.308594 0.404297 0.045312 0.121094
2 0.794531 0.633789 0.039062 0.119141
2 0.546094 0.364258 0.042188 0.119141
2 0.947656 0.535156 0.039062 0.113281
4 0.633594 0.583984 0.042188 0.117188
4 0.553906 0.607422 0.042188 0.121094
4 0.857031 0.247070 0.039062 0.111328
2 0.935156 0.299805 0.039062 0.115234
2 0.870313 0.486328 0.034375 0.121094
2 0.227344 0.413086 0.048438 0.119141
2 0.312500 0.526367 0.046875 0.119141
2 0.864844 0.365234 0.032813 0.121094
2 0.942187 0.416992 0.040625 0.119141
2 0.471094 0.515625 0.042188 0.121094
2 0.875781 0.601562 0.035937 0.117188
