2 0.705469 0.317383 0.042188 0.115234
2 0.782813 0.082031 0.040625 0.117188
2 0.932813 0.787109 0.040625 0.121094
2 0.935156 0.200195 0.042188 0.115234
2 0.933594 0.084961 0.042188 0.111328
2 0.781250 0.790039 0.043750 0.115234
2 0.784375 0.434570 0.040625 0.115234
2 0.935937 0.318359 0.043750 0.113281
2 0.783594 0.551758 0.042188 0.115234
2 0.703125 0.905273 0.040625 0.115234
2 0.778906 0.905273 0.042188 0.115234
2 0.859375 0.318359 0.043750 0.117188
2 0.936719 0.549805 0.045312 0.119141
2 0.703125 0.789062 0.040625 0.117188
2 0.936719 0.434570 0.045312 0.115234
2 0.859375 0.081055 0.040625 0.115234
2 0.931250 0.903320 0.043750 0.111328
2 0.860156 0.200195 0.042188 0.119141
2 0.935156 0.668945 0.045312 0.119141
2 0.859375 0.667969 0.043750 0.117188
2 0.857812 0.786133 0.046875 0.115234
2 0.855469 0.901367 0.042188 0.115234
2 0.705469 0.432617 0.042188 0.119141
2 0.783594 0.317383 0.042188 0.115234
2 0.860156 0.435547 0.042188 0.113281
2 0.705469 0.555664 0.039062 0.119141
2 0.704688 0.200195 0.040625 0.119141
2 0.783594 0.672852 0.042188 0.119141
2 0.703906 0.080078 0.042188 0.121094
2 0.860156 0.551758 0.042188 0.119141
2 0.704688 0.670898 0.040625 0.119141
2 0.785156 0.198242 0.042188 0.115234
