2 0.647656 0.230469 0.042188 0.117188
4 0.725000 0.234375 0.043750 0.117188
2 0.440625 0.252930 0.034375 0.119141
2 0.117969 0.277344 0.032813 0.125000
2 0.042969 0.287109 0.032813 0.121094
2 0.366406 0.310547 0.039062 0.132812
2 0.646875 0.347656 0.043750 0.128906
4 0.727344 0.347656 0.042188 0.121094
2 0.440625 0.374023 0.037500 0.115234
2 0.117969 0.394531 0.035937 0.125000
2 0.040625 0.397461 0.031250 0.111328
2 0.806250 0.406250 0.043750 0.121094
2 0.367188 0.431641 0.037500 0.125000
2 0.648438 0.466797 0.040625 0.125000
4 0.726562 0.470703 0.040625 0.117188
2 0.804688 0.526367 0.043750 0.119141
2 0.120313 0.055664 0.034375 0.111328
2 0.047656 0.055664 0.032813 0.111328
2 0.652344 0.587891 0.039062 0.121094
2 0.728125 0.587891 0.043750 0.117188
4 0.582812 0.624023 0.043750 0.115234
2 0.885938 0.641602 0.043750 0.119141
2 0.805469 0.645508 0.042188 0.119141
2 0.501563 0.670898 0.043750 0.115234
0 0.726562 0.708008 0.043750 0.115234
2 0.652344 0.709961 0.039062 0.119141
4 0.583594 0.742188 0.045312 0.121094
2 0.884375 0.759766 0.046875 0.117188
2 0.369531 0.076172 0.042188 0.117188
2 0.803906 0.761719 0.045312 0.117188
2 0.502344 0.787109 0.042188 0.125000
2 0.725000 0.827148 0.040625 0.119141
2 0.652344 0.827148 0.035937 0.119141
4 0.582812 0.861328 0.043750 0.117188
2 0.882812 0.873047 0.046875 0.117188
2 0.801562 0.878906 0.040625 0.117188
2 0.501563 0.907227 0.043750 0.119141
2 0.650781 0.942383 0.039062 0.115234
2 0.440625 0.135742 0.034375 0.123047
2 0.119531 0.159180 0.035937 0.123047
2 0.046094 0.165039 0.035937 0.123047
2 0.366406 0.193359 0.035937 0.121094
