4 0.883594 0.075195 0.032813 0.119141
2 0.761719 0.847656 0.039062 0.117188
4 0.516406 0.617188 0.042188 0.117188
2 0.183594 0.622070 0.045312 0.119141
2 0.915625 0.843750 0.040625 0.117188
2 0.516406 0.735352 0.042188 0.119141
2 0.956250 0.078125 0.034375 0.121094
2 0.839063 0.953125 0.037500 0.093750
2 0.693750 0.105469 0.040625 0.125000
2 0.273438 0.790039 0.050000 0.115234
2 0.596094 0.617188 0.042188 0.117188
4 0.762500 0.729492 0.037500 0.119141
4 0.435937 0.737305 0.043750 0.123047
2 0.359375 0.791992 0.046875 0.119141
2 0.957812 0.193359 0.034375 0.117188
2 0.518750 0.166016 0.043750 0.125000
2 0.184375 0.740234 0.046875 0.117188
2 0.840625 0.730469 0.034375 0.117188
2 0.840625 0.848633 0.034375 0.115234
2 0.761719 0.952148 0.039062 0.095703
2 0.918750 0.729492 0.037500 0.115234
4 0.884375 0.189453 0.034375 0.121094
4 0.357031 0.670898 0.045312 0.119141
4 0.439844 0.118164 0.045312 0.119141
2 0.271875 0.668945 0.046875 0.119141
2 0.596875 0.737305 0.040625 0.123047
2 0.677344 0.619141 0.039062 0.117188
2 0.913281 0.951172 0.039062 0.097656
2 0.677344 0.738281 0.039062 0.121094
2 0.775000 0.109375 0.040625 0.125000
2 0.689844 0.223633 0.039062 0.123047
2 0.435937 0.616211 0.043750 0.119141
2 0.519531 0.054688 0.045312 0.109375
2 0.689063 0.342773 0.040625 0.126953
2 0.840625 0.613281 0.037500 0.117188
2 0.030469 0.327148 0.045312 0.115234
2 0.919531 0.612305 0.035937 0.115234
2 0.104688 0.446289 0.043750 0.119141
4 0.031250 0.561523 0.046875 0.115234
2 0.182812 0.383789 0.046875 0.119141
4 0.885156 0.305664 0.035937 0.123047
4 0.356250 0.551758 0.046875 0.115234
2 0.028906 0.444336 0.045312 0.119141
2 0.271094 0.550781 0.045312 0.117188
2 0.773438 0.224609 0.037500 0.117188
0 0.762500 0.609375 0.037500 0.117188
2 0.960938 0.307617 0.037500 0.123047
2 0.183594 0.503906 0.045312 0.117188
2 0.105469 0.564453 0.045312 0.117188
2 0.518750 0.282227 0.043750 0.123047
2 0.773438 0.342773 0.040625 0.119141
2 0.107031 0.328125 0.048438 0.117188
