2 0.805469 0.196289 0.045312 0.123047
1 0.326562 0.196289 0.040625 0.119141
0 0.247656 0.195312 0.035937 0.117188
2 0.882031 0.196289 0.045312 0.119141
2 0.957031 0.198242 0.045312 0.119141
2 0.172656 0.199219 0.035937 0.121094
2 0.092969 0.202148 0.032813 0.119141
2 0.019531 0.202148 0.032813 0.123047
2 0.805469 0.307617 0.045312 0.115234
4 0.725781 0.307617 0.045312 0.119141
2 0.407813 0.307617 0.040625 0.119141
2 0.646094 0.308594 0.042188 0.117188
2 0.485938 0.309570 0.040625 0.119141
4 0.959375 0.310547 0.043750 0.121094
2 0.566406 0.309570 0.042188 0.119141
4 0.327344 0.310547 0.039062 0.121094
2 0.883594 0.312500 0.045312 0.113281
4 0.249219 0.313477 0.035937 0.115234
2 0.172656 0.315430 0.035937 0.111328
2 0.017188 0.317383 0.031250 0.119141
2 0.093750 0.319336 0.034375 0.115234
2 0.642969 0.073242 0.042188 0.119141
2 0.564844 0.072266 0.042188 0.121094
4 0.482812 0.074219 0.040625 0.117188
2 0.721875 0.076172 0.043750 0.117188
2 0.802344 0.078125 0.045312 0.121094
2 0.403906 0.079102 0.039062 0.119141
2 0.325000 0.079102 0.037500 0.119141
0 0.877344 0.080078 0.045312 0.117188
2 0.953906 0.082031 0.045312 0.117188
2 0.248438 0.081055 0.037500 0.115234
2 0.171094 0.083984 0.035937 0.113281
2 0.093750 0.088867 0.034375 0.115234
2 0.020313 0.089844 0.034375 0.117188
2 0.645312 0.189453 0.043750 0.121094
2 0.564844 0.190430 0.045312 0.123047
2 0.724219 0.192383 0.048438 0.119141
1 0.485156 0.192383 0.042188 0.123047
2 0.406250 0.192383 0.037500 0.123047
