2 0.663281 0.472656 0.042188 0.117188
2 0.261719 0.472656 0.042188 0.117188
2 0.421094 0.473633 0.042188 0.119141
2 0.180469 0.474609 0.045312 0.121094
2 0.101562 0.476562 0.043750 0.121094
2 0.025781 0.478516 0.042188 0.121094
2 0.741406 0.108398 0.039062 0.126953
2 0.580469 0.108398 0.039062 0.119141
4 0.661719 0.109375 0.039062 0.121094
2 0.501563 0.110352 0.040625 0.123047
2 0.818750 0.110352 0.037500 0.126953
2 0.897656 0.110352 0.035937 0.123047
2 0.341406 0.113281 0.039062 0.125000
2 0.976562 0.114258 0.034375 0.115234
2 0.182031 0.115234 0.045312 0.125000
2 0.261719 0.114258 0.042188 0.123047
2 0.420312 0.115234 0.040625 0.121094
2 0.103125 0.120117 0.043750 0.119141
4 0.027344 0.122070 0.042188 0.119141
2 0.500781 0.229492 0.039062 0.126953
0 0.582812 0.229492 0.040625 0.130859
2 0.661719 0.230469 0.039062 0.125000
2 0.744531 0.229492 0.035937 0.123047
2 0.821875 0.229492 0.037500 0.126953
2 0.900000 0.229492 0.037500 0.126953
4 0.978125 0.230469 0.034375 0.117188
4 0.339844 0.233398 0.042188 0.123047
2 0.419531 0.232422 0.042188 0.121094
2 0.261719 0.234375 0.042188 0.125000
2 0.181250 0.236328 0.043750 0.121094
2 0.101562 0.239258 0.043750 0.119141
4 0.025781 0.242188 0.045312 0.117188
2 0.903125 0.348633 0.034375 0.119141
2 0.979688 0.348633 0.031250 0.119141
2 0.745313 0.350586 0.040625 0.126953
2 0.823438 0.350586 0.037500 0.119141
2 0.662500 0.352539 0.040625 0.123047
2 0.501563 0.352539 0.040625 0.126953
2 0.583594 0.352539 0.039062 0.115234
2 0.418750 0.355469 0.043750 0.128906
2 0.179688 0.356445 0.046875 0.123047
4 0.340625 0.356445 0.043750 0.123047
2 0.260937 0.356445 0.043750 0.123047
2 0.102344 0.358398 0.045312 0.123047
2 0.025000 0.360352 0.043750 0.123047
2 0.823438 0.467773 0.040625 0.119141
4 0.746094 0.468750 0.039062 0.125000
2 0.978125 0.468750 0.034375 0.117188
2 0.904687 0.469727 0.034375 0.111328
4 0.503906 0.470703 0.039062 0.117188
2 0.582031 0.469727 0.042188 0.123047
2 0.340625 0.472656 0.040625 0.121094
