2 0.327344 0.799805 0.042188 0.123047
2 0.982812 0.767578 0.034375 0.125000
2 0.235156 0.743164 0.045312 0.119141
2 0.081328 0.723633 0.037656 0.119141
2 0.421094 0.710938 0.042188 0.125000
4 0.908828 0.700293 0.036406 0.122852
4 0.157031 0.696289 0.045312 0.115234
2 0.326562 0.680664 0.043750 0.123047
2 0.234375 0.624023 0.043750 0.119141
0 0.420312 0.590820 0.043750 0.119141
2 0.327344 0.561523 0.045312 0.123047
2 0.086719 0.951172 0.039062 0.097656
2 0.236719 0.507812 0.042188 0.113281
2 0.493750 0.483398 0.040625 0.119141
2 0.574219 0.482422 0.042188 0.121094
4 0.421875 0.474609 0.037500 0.117188
2 0.664844 0.945312 0.039062 0.109375
2 0.587500 0.944336 0.043750 0.111328
2 0.326562 0.440430 0.043750 0.119141
2 0.655469 0.426758 0.042188 0.123047
2 0.576562 0.364258 0.043750 0.126953
2 0.496094 0.362305 0.039062 0.123047
4 0.421094 0.348633 0.039062 0.119141
4 0.904297 0.932227 0.039844 0.119922
2 0.657031 0.304688 0.042188 0.117188
4 0.157812 0.926758 0.043750 0.115234
4 0.831250 0.264648 0.037500 0.123047
2 0.034375 0.260742 0.046875 0.119141
2 0.746094 0.260742 0.039062 0.119141
4 0.497656 0.243164 0.042188 0.119141
2 0.576562 0.243164 0.040625 0.119141
4 0.909375 0.198242 0.037500 0.123047
2 0.656250 0.184570 0.043750 0.123047
2 0.328125 0.916016 0.040625 0.121094
2 0.114062 0.144531 0.046875 0.109375
2 0.038281 0.141602 0.042188 0.126953
4 0.832031 0.139648 0.035937 0.126953
2 0.748437 0.135742 0.037500 0.123047
4 0.909375 0.085938 0.043750 0.113281
4 0.659375 0.067383 0.043750 0.119141
2 0.981250 0.885742 0.037500 0.111328
2 0.234375 0.862305 0.046875 0.115234
2 0.083359 0.840820 0.035469 0.115234
4 0.156250 0.814453 0.043750 0.117188
4 0.907031 0.815430 0.035937 0.119141
4 0.420312 0.231445 0.037500 0.115234
