2 0.721094 0.494141 0.048438 0.125000
2 0.800781 0.554688 0.045312 0.125000
2 0.375781 0.599609 0.045312 0.125000
2 0.723437 0.616211 0.050000 0.126953
2 0.803125 0.676758 0.043750 0.123047
2 0.378125 0.724609 0.046875 0.128906
0 0.623437 0.737305 0.043750 0.123047
4 0.961719 0.461914 0.048438 0.126953
2 0.378906 0.846680 0.042188 0.119141
2 0.621875 0.860352 0.043750 0.126953
2 0.457031 0.474609 0.042188 0.128906
4 0.802344 0.799805 0.042188 0.123047
2 0.374219 0.475586 0.045312 0.126953
2 0.724219 0.740234 0.051562 0.128906
2 0.725781 0.860352 0.045312 0.123047
4 0.802344 0.921875 0.042188 0.125000
1 0.378125 0.952148 0.043750 0.095703
2 0.621875 0.958984 0.043750 0.082031
2 0.727344 0.961914 0.045312 0.076172
2 0.616406 0.104492 0.039062 0.123047
2 0.535156 0.105469 0.042188 0.125000
2 0.453906 0.108398 0.039062 0.126953
2 0.372656 0.109375 0.042188 0.125000
2 0.797656 0.430664 0.048438 0.119141
2 0.536719 0.227539 0.042188 0.123047
2 0.456250 0.229492 0.040625 0.126953
2 0.375000 0.232422 0.043750 0.121094
2 0.880469 0.283203 0.048438 0.121094
0 0.960156 0.341797 0.048438 0.125000
2 0.457031 0.351562 0.042188 0.125000
2 0.373437 0.352539 0.043750 0.123047
2 0.882031 0.403320 0.048438 0.126953
2 0.955469 0.221680 0.048438 0.115234
