2 0.967969 0.786133 0.048438 0.115234
2 0.894531 0.783203 0.048438 0.121094
4 0.816406 0.780273 0.045312 0.123047
2 0.739062 0.777344 0.050000 0.117188
2 0.419531 0.775391 0.042188 0.121094
2 0.664844 0.747070 0.051562 0.119141
4 0.583594 0.727539 0.045312 0.119141
0 0.503125 0.724609 0.040625 0.121094
2 0.975000 0.668945 0.050000 0.119141
2 0.900000 0.666992 0.050000 0.119141
4 0.820312 0.662109 0.050000 0.121094
2 0.743750 0.659180 0.043750 0.119141
2 0.426563 0.657227 0.040625 0.126953
4 0.666406 0.630859 0.048438 0.121094
2 0.342187 0.627930 0.043750 0.119141
4 0.586719 0.609375 0.042188 0.121094
4 0.507031 0.604492 0.045312 0.123047
2 0.020313 0.569336 0.037500 0.119141
2 0.267969 0.565430 0.045312 0.119141
2 0.977344 0.551758 0.045312 0.119141
2 0.903906 0.547852 0.048438 0.119141
0 0.823438 0.542969 0.046875 0.117188
0 0.746875 0.541016 0.043750 0.121094
2 0.344531 0.510742 0.042188 0.123047
2 0.670312 0.509766 0.046875 0.121094
2 0.269531 0.445312 0.035937 0.121094
2 0.980469 0.435547 0.039062 0.117188
2 0.908594 0.427734 0.045312 0.117188
0 0.832812 0.423828 0.046875 0.121094
2 0.750781 0.421875 0.045312 0.121094
2 0.675000 0.388672 0.050000 0.121094
2 0.351562 0.388672 0.040625 0.121094
2 0.275000 0.328125 0.037500 0.121094
0 0.179688 0.324219 0.040625 0.117188
2 0.162500 0.929688 0.037500 0.125000
0 0.356250 0.267578 0.040625 0.117188
2 0.089063 0.924805 0.034375 0.126953
2 0.281250 0.208008 0.043750 0.123047
2 0.183594 0.205078 0.042188 0.117188
4 0.360156 0.150391 0.039062 0.117188
2 0.573438 0.107422 0.043750 0.113281
2 0.186719 0.087891 0.039062 0.117188
2 0.288281 0.087891 0.045312 0.113281
2 0.363281 0.044922 0.035937 0.089844
2 0.889062 0.898438 0.050000 0.117188
4 0.811719 0.895508 0.048438 0.123047
4 0.732031 0.895508 0.051562 0.119141
2 0.656250 0.863281 0.046875 0.121094
2 0.578906 0.844727 0.045312 0.123047
2 0.497656 0.841797 0.042188 0.117188
2 0.090625 0.809570 0.034375 0.123047
2 0.964063 0.902344 0.050000 0.117188
