2 0.383594 0.134766 0.039062 0.121094
0 0.303906 0.142578 0.039062 0.121094
2 0.225000 0.147461 0.037500 0.119141
2 0.710938 0.234375 0.046875 0.113281
2 0.625000 0.237305 0.043750 0.123047
2 0.543750 0.243164 0.037500 0.123047
4 0.462500 0.248047 0.040625 0.117188
2 0.388281 0.254883 0.039062 0.123047
2 0.307812 0.260742 0.037500 0.123047
2 0.228906 0.268555 0.035937 0.119141
2 0.949219 0.343750 0.045312 0.121094
2 0.871094 0.345703 0.048438 0.121094
4 0.793750 0.348633 0.046875 0.119141
2 0.717969 0.352539 0.045312 0.119141
2 0.631250 0.358398 0.046875 0.119141
2 0.550000 0.362305 0.037500 0.123047
4 0.468750 0.366211 0.040625 0.119141
2 0.393750 0.373047 0.040625 0.121094
2 0.313281 0.379883 0.039062 0.123047
2 0.232813 0.385742 0.043750 0.123047
2 0.953906 0.458008 0.042188 0.115234
2 0.876563 0.464844 0.046875 0.121094
4 0.800000 0.466797 0.046875 0.117188
2 0.724219 0.472656 0.048438 0.117188
2 0.638281 0.475586 0.045312 0.115234
2 0.557031 0.482422 0.042188 0.117188
4 0.474219 0.486328 0.039062 0.117188
2 0.397656 0.493164 0.042188 0.115234
4 0.317969 0.497070 0.042188 0.115234
2 0.237500 0.503906 0.037500 0.121094
4 0.619531 0.120117 0.045312 0.119141
2 0.538281 0.124023 0.039062 0.126953
4 0.459375 0.130859 0.037500 0.117188
4 0.787500 0.230469 0.043750 0.117188
2 0.864062 0.229492 0.043750 0.115234
2 0.942187 0.226562 0.046875 0.117188
