2 0.917188 0.884766 0.034375 0.117188
2 0.276562 0.909180 0.043750 0.119141
2 0.517188 0.784180 0.040625 0.126953
2 0.436719 0.786133 0.045312 0.123047
4 0.123438 0.912109 0.043750 0.117188
2 0.839844 0.888672 0.032813 0.121094
2 0.599219 0.902344 0.039062 0.125000
2 0.196094 0.791016 0.045312 0.121094
2 0.199219 0.910156 0.045312 0.121094
2 0.438281 0.905273 0.042188 0.123047
2 0.518750 0.905273 0.040625 0.123047
4 0.760938 0.893555 0.037500 0.119141
0 0.356250 0.905273 0.043750 0.123047
2 0.681250 0.897461 0.040625 0.119141
2 0.356250 0.787109 0.043750 0.121094
2 0.276562 0.789062 0.043750 0.121094
4 0.118750 0.791016 0.046875 0.117188
2 0.041406 0.793945 0.045312 0.115234
2 0.046875 0.913086 0.043750 0.115234
2 0.114844 0.672852 0.045312 0.115234
2 0.434375 0.666016 0.043750 0.121094
2 0.835156 0.653320 0.039062 0.123047
4 0.271875 0.670898 0.043750 0.115234
2 0.351562 0.666016 0.046875 0.121094
2 0.754687 0.655273 0.037500 0.123047
2 0.837500 0.770508 0.037500 0.130859
2 0.039062 0.674805 0.046875 0.119141
2 0.594531 0.660156 0.042188 0.121094
2 0.192188 0.669922 0.046875 0.117188
4 0.758594 0.777344 0.039062 0.117188
4 0.916406 0.770508 0.035937 0.123047
2 0.679688 0.780273 0.040625 0.119141
4 0.914844 0.649414 0.035937 0.115234
4 0.514844 0.666016 0.042188 0.121094
2 0.677344 0.661133 0.042188 0.119141
2 0.598437 0.782227 0.040625 0.123047
