3 0.132969 0.774219 0.056563 0.029687
3 0.075938 0.772656 0.058125 0.032813
3 0.191406 0.773828 0.060937 0.030469
3 0.251250 0.773340 0.061875 0.031445
3 0.311797 0.771387 0.057969 0.035352
2 0.370938 0.769238 0.060625 0.031836
3 0.046328 0.640820 0.058281 0.030859
3 0.106016 0.636328 0.058906 0.032031
3 0.165938 0.634277 0.060000 0.036133
2 0.225156 0.632520 0.059687 0.035742
2 0.285000 0.631738 0.060625 0.033398
3 0.257578 0.833691 0.062031 0.031836
3 0.290313 0.982324 0.065000 0.035352
3 0.351406 0.982324 0.062188 0.035352
3 0.052344 0.981641 0.057813 0.032813
2 0.168047 0.981445 0.064219 0.037109
2 0.230156 0.981055 0.063437 0.037891
3 0.078594 0.806055 0.060312 0.032422
3 0.373359 0.802734 0.059219 0.031250
3 0.196719 0.804980 0.062188 0.030664
3 0.256875 0.803223 0.060625 0.030273
3 0.316094 0.804297 0.057187 0.028125
3 0.136484 0.802832 0.057344 0.034961
3 0.345313 0.630762 0.059375 0.031445
3 0.045703 0.608496 0.057031 0.033008
3 0.102422 0.604199 0.057969 0.033789
2 0.162031 0.602246 0.061563 0.033789
2 0.221953 0.597559 0.059531 0.035352
2 0.282656 0.597852 0.062188 0.034766
3 0.343672 0.596191 0.059219 0.034180
2 0.038047 0.574023 0.060469 0.035547
2 0.097969 0.570020 0.058438 0.031836
2 0.158516 0.568848 0.060781 0.034180
2 0.217891 0.566699 0.060781 0.034570
3 0.279062 0.562500 0.061250 0.035156
3 0.339141 0.560742 0.059531 0.034766
2 0.065547 0.439844 0.059219 0.034375
3 0.124922 0.435742 0.059219 0.034766
3 0.183828 0.432520 0.061406 0.037305
2 0.244453 0.429688 0.060781 0.035156
2 0.303594 0.427441 0.060312 0.035742
0 0.363359 0.424121 0.061094 0.034570
2 0.064141 0.405762 0.059531 0.032227
3 0.121562 0.397852 0.058750 0.036328
2 0.180781 0.394922 0.061563 0.038281
2 0.240313 0.395703 0.061875 0.032813
2 0.300234 0.393750 0.059844 0.032813
0 0.361250 0.391504 0.060000 0.033398
2 0.060000 0.371387 0.057500 0.038477
2 0.117109 0.363867 0.059219 0.033984
2 0.177891 0.360645 0.062031 0.036523
2 0.238750 0.360742 0.058750 0.036328
2 0.298438 0.360254 0.062500 0.036914
3 0.360625 0.356348 0.061875 0.037305
1 0.034766 0.237402 0.060156 0.036914
2 0.092266 0.232520 0.056406 0.034961
3 0.150078 0.225977 0.059531 0.040234
3 0.207891 0.226172 0.056406 0.039844
3 0.269141 0.225293 0.066406 0.037695
3 0.331797 0.221777 0.060469 0.037305
3 0.392656 0.217480 0.060313 0.037695
2 0.030078 0.201855 0.060156 0.037695
2 0.089922 0.198633 0.057969 0.036328
3 0.148359 0.188379 0.059219 0.037305
3 0.268437 0.187988 0.065000 0.038086
3 0.207187 0.186133 0.058125 0.037891
3 0.329766 0.184766 0.059531 0.040625
3 0.389531 0.181836 0.060313 0.038672
2 0.027891 0.166602 0.055781 0.033984
3 0.085781 0.162109 0.059062 0.039062
3 0.146641 0.154980 0.062031 0.037695
3 0.206094 0.151172 0.059063 0.033594
3 0.267734 0.148633 0.063594 0.038672
3 0.329062 0.147266 0.061250 0.037500
3 0.389141 0.144824 0.059531 0.038477
3 0.062500 0.032813 0.056250 0.039844
3 0.121250 0.028418 0.061250 0.040820
3 0.182422 0.023828 0.058594 0.038281
3 0.241250 0.020410 0.057500 0.037305
2 0.298438 0.018555 0.059375 0.037109
2 0.360156 0.017578 0.060937 0.035156
3 0.421875 0.017578 0.062500 0.035156
3 0.107656 0.982812 0.062187 0.034375
3 0.080469 0.839746 0.064062 0.031445
3 0.140391 0.836914 0.058906 0.037109
3 0.198828 0.835547 0.060156 0.028125
3 0.378047 0.836133 0.059219 0.034766
3 0.316953 0.833789 0.058906 0.031641
