3 0.089297 0.170703 0.062969 0.037500
3 0.084844 0.816602 0.060312 0.030859
3 0.206953 0.127539 0.063906 0.037891
3 0.145937 0.131836 0.057500 0.037109
3 0.088359 0.133496 0.061094 0.041602
2 0.029375 0.176855 0.058750 0.033008
3 0.029375 0.141602 0.058750 0.037109
3 0.269453 0.156152 0.057656 0.035352
3 0.149688 0.166309 0.061875 0.038477
3 0.210781 0.160254 0.059063 0.038867
3 0.266094 0.120996 0.054062 0.035352
3 0.080859 0.983789 0.061719 0.032422
3 0.076563 0.954199 0.059375 0.033008
3 0.115078 0.546582 0.055156 0.035742
3 0.073594 0.752637 0.056563 0.029883
3 0.053984 0.546387 0.061094 0.036133
3 0.154844 0.204687 0.059688 0.039844
3 0.065078 0.615039 0.058281 0.031641
3 0.271563 0.196484 0.058750 0.040625
3 0.059609 0.580469 0.062969 0.034375
3 0.157734 0.337402 0.062344 0.036133
3 0.102188 0.372852 0.060625 0.039453
3 0.215781 0.201074 0.059687 0.039258
3 0.048203 0.411914 0.058906 0.039453
3 0.106953 0.409766 0.060781 0.039844
3 0.119687 0.582422 0.061250 0.034375
3 0.039609 0.341699 0.060469 0.035352
3 0.042266 0.374023 0.062656 0.037109
3 0.161172 0.372363 0.059844 0.040430
3 0.099062 0.340137 0.060625 0.034570
3 0.079531 0.784473 0.059062 0.032617
3 0.164375 0.407129 0.056875 0.033398
3 0.094531 0.206738 0.064062 0.035742
2 0.033516 0.212500 0.060781 0.039844
3 0.122578 0.616309 0.057656 0.029102
