4 0.514062 0.789062 0.037500 0.117188
2 0.586719 0.789062 0.039062 0.125000
2 0.667969 0.789062 0.039062 0.125000
2 0.977344 0.775391 0.032813 0.117188
4 0.510938 0.670898 0.037500 0.119141
2 0.902344 0.780273 0.035937 0.119141
2 0.746094 0.786133 0.039062 0.119141
2 0.825000 0.780273 0.037500 0.119141
2 0.586719 0.668945 0.039062 0.123047
2 0.666406 0.667969 0.039062 0.121094
2 0.746875 0.666992 0.037500 0.119141
2 0.824219 0.665039 0.035937 0.119141
2 0.903906 0.664062 0.032813 0.117188
2 0.978125 0.661133 0.034375 0.119141
2 0.825781 0.548828 0.035937 0.121094
4 0.902344 0.548828 0.035937 0.121094
2 0.977344 0.543945 0.032813 0.119141
4 0.509375 0.553711 0.037500 0.119141
2 0.585156 0.548828 0.039062 0.121094
4 0.507812 0.432617 0.037500 0.123047
2 0.666406 0.550781 0.039062 0.121094
2 0.583594 0.431641 0.039062 0.121094
2 0.746875 0.550781 0.037500 0.117188
2 0.745313 0.429688 0.037500 0.121094
4 0.667188 0.430664 0.037500 0.119141
2 0.823438 0.429688 0.034375 0.117188
4 0.903125 0.428711 0.034375 0.119141
2 0.977344 0.427734 0.032813 0.113281
4 0.506250 0.314453 0.037500 0.117188
2 0.582031 0.314453 0.039062 0.117188
4 0.665625 0.313477 0.037500 0.111328
2 0.976562 0.312500 0.031250 0.117188
2 0.743750 0.313477 0.034375 0.115234
2 0.900781 0.313477 0.032813 0.111328
2 0.823438 0.312500 0.034375 0.113281
2 0.587500 0.906250 0.040625 0.121094
2 0.667969 0.904297 0.039062 0.125000
2 0.746875 0.901367 0.037500 0.119141
2 0.824219 0.899414 0.035937 0.119141
2 0.901563 0.896484 0.034375 0.117188
2 0.976562 0.891602 0.034375 0.119141
