2 0.761250 0.360742 0.058750 0.036328
2 0.701562 0.360254 0.062500 0.036914
3 0.639375 0.356348 0.061875 0.037305
1 0.965234 0.237402 0.060156 0.036914
2 0.907734 0.232520 0.056406 0.034961
3 0.849922 0.225977 0.059531 0.040234
3 0.792109 0.226172 0.056406 0.039844
3 0.730859 0.225293 0.066406 0.037695
3 0.668203 0.221777 0.060469 0.037305
3 0.607344 0.217480 0.060313 0.037695
2 0.969922 0.201855 0.060156 0.037695
2 0.910078 0.198633 0.057969 0.036328
3 0.851641 0.188379 0.059219 0.037305
3 0.731563 0.187988 0.065000 0.038086
3 0.792812 0.186133 0.058125 0.037891
3 0.670234 0.184766 0.059531 0.040625
3 0.610469 0.181836 0.060313 0.038672
2 0.972109 0.166602 0.055781 0.033984
3 0.914219 0.162109 0.059062 0.039062
3 0.853359 0.154980 0.062031 0.037695
3 0.793906 0.151172 0.059063 0.033594
3 0.732266 0.148633 0.063594 0.038672
3 0.670937 0.147266 0.061250 0.037500
3 0.610859 0.144824 0.059531 0.038477
3 0.937500 0.032813 0.056250 0.039844
3 0.878750 0.028418 0.061250 0.040820
3 0.817578 0.023828 0.058594 0.038281
3 0.758750 0.020410 0.057500 0.037305
2 0.701562 0.018555 0.059375 0.037109
2 0.639844 0.017578 0.060937 0.035156
3 0.578125 0.017578 0.062500 0.035156
3 0.892344 0.982812 0.062187 0.034375
3 0.919531 0.839746 0.064062 0.031445
3 0.859609 0.836914 0.058906 0.037109
3 0.801172 0.835547 0.060156 0.028125
3 0.621953 0.836133 0.059219 0.034766
3 0.683047 0.833789 0.058906 0.031641
3 0.742422 0.833691 0.062031 0.031836
3 0.648594 0.982324 0.062188 0.035352
3 0.947656 0.981641 0.057813 0.032813
3 0.709609 0.982324 0.064844 0.035352
2 0.769844 0.981055 0.063438 0.037891
2 0.831953 0.981445 0.064219 0.037109
3 0.921406 0.806055 0.060313 0.032422
3 0.953672 0.640820 0.058281 0.030859
3 0.834062 0.634277 0.060000 0.036133
3 0.893984 0.636328 0.058906 0.032031
3 0.924063 0.772656 0.058125 0.032813
3 0.688203 0.771387 0.057969 0.035352
3 0.748750 0.773340 0.061875 0.031445
3 0.867031 0.774219 0.056563 0.029687
3 0.743125 0.803223 0.060625 0.030273
3 0.683906 0.804297 0.057188 0.028125
3 0.863516 0.802832 0.057344 0.034961
3 0.626641 0.802734 0.059219 0.031250
3 0.808594 0.773828 0.060937 0.030469
2 0.629063 0.769238 0.060625 0.031836
2 0.715000 0.631738 0.060625 0.033398
3 0.654687 0.630762 0.059375 0.031445
3 0.954297 0.608496 0.057031 0.033008
3 0.897578 0.604199 0.057969 0.033789
2 0.837969 0.602246 0.061562 0.033789
2 0.778047 0.597559 0.059531 0.035352
2 0.717344 0.597852 0.062188 0.034766
3 0.656328 0.596191 0.059219 0.034180
2 0.961953 0.574023 0.060469 0.035547
2 0.902031 0.570020 0.058437 0.031836
2 0.841484 0.568848 0.060781 0.034180
2 0.782109 0.566699 0.060781 0.034570
3 0.720938 0.562500 0.061250 0.035156
3 0.660859 0.560742 0.059531 0.034766
2 0.934453 0.439844 0.059219 0.034375
3 0.803281 0.804980 0.062188 0.030664
3 0.816172 0.432520 0.061406 0.037305
2 0.755547 0.429688 0.060781 0.035156
2 0.696406 0.427441 0.060313 0.035742
0 0.636641 0.424121 0.061094 0.034570
2 0.935859 0.405762 0.059531 0.032227
3 0.878438 0.397852 0.058750 0.036328
2 0.819219 0.394922 0.061562 0.038281
2 0.774844 0.632520 0.059687 0.035742
2 0.699766 0.393750 0.059844 0.032813
0 0.638750 0.391504 0.060000 0.033398
2 0.940000 0.371387 0.057500 0.038477
3 0.875078 0.435742 0.059219 0.034766
2 0.822109 0.360645 0.062031 0.036523
2 0.759687 0.395703 0.061875 0.032813
2 0.882891 0.363867 0.059219 0.033984
