3 0.921094 0.199219 0.060937 0.031250
3 0.860547 0.201172 0.060156 0.035156
2 0.799297 0.204590 0.060781 0.034180
3 0.736328 0.204102 0.061719 0.033203
3 0.678672 0.205469 0.064531 0.035938
2 0.969453 0.336426 0.061094 0.032227
2 0.912422 0.337109 0.056406 0.029687
3 0.853594 0.338086 0.061562 0.031641
3 0.794375 0.343750 0.061250 0.035156
3 0.733359 0.342773 0.061406 0.037109
3 0.673594 0.346191 0.062188 0.032227
3 0.612109 0.347070 0.060156 0.033984
2 0.972344 0.365625 0.055312 0.032031
3 0.917578 0.369336 0.058594 0.031641
3 0.857187 0.369238 0.060625 0.035352
3 0.798672 0.373633 0.059219 0.032422
3 0.738828 0.378027 0.062969 0.033398
2 0.676719 0.378418 0.062188 0.034180
3 0.614844 0.381543 0.060937 0.032617
0 0.972969 0.400684 0.054063 0.035742
3 0.919844 0.401367 0.057188 0.037109
3 0.861328 0.404687 0.064844 0.035938
3 0.800391 0.408301 0.061719 0.035352
2 0.739453 0.411719 0.061719 0.034375
3 0.679453 0.413379 0.062969 0.037695
3 0.617812 0.417578 0.061250 0.034375
1 0.951406 0.540820 0.059688 0.038672
3 0.890078 0.542969 0.060469 0.035156
3 0.831641 0.543848 0.058594 0.033008
3 0.770781 0.547852 0.061562 0.037109
3 0.711328 0.550684 0.058594 0.034961
3 0.652578 0.554102 0.060469 0.037891
2 0.956016 0.575293 0.059844 0.037305
3 0.591172 0.555664 0.061406 0.037109
3 0.894297 0.576367 0.061406 0.031641
3 0.834922 0.579395 0.058281 0.037695
3 0.774141 0.581836 0.061094 0.038672
3 0.714375 0.586426 0.061875 0.036133
3 0.654062 0.589453 0.060625 0.034375
3 0.895078 0.612695 0.062969 0.037891
3 0.593203 0.591016 0.060469 0.037500
3 0.956953 0.612305 0.061094 0.041016
3 0.834688 0.616211 0.058750 0.037109
3 0.775000 0.618750 0.059375 0.038281
3 0.714766 0.621387 0.061094 0.039648
3 0.654922 0.625000 0.058906 0.035156
3 0.595000 0.627930 0.060000 0.037109
3 0.922578 0.746484 0.061094 0.035937
3 0.862031 0.749219 0.057188 0.037500
3 0.803750 0.754004 0.058125 0.039258
3 0.746797 0.755957 0.059531 0.035352
3 0.685156 0.760156 0.064062 0.035937
3 0.623281 0.762109 0.062812 0.035937
3 0.561641 0.764844 0.061094 0.037500
3 0.924297 0.782520 0.060781 0.037695
3 0.864062 0.786523 0.059375 0.037891
3 0.806406 0.789160 0.062188 0.035352
3 0.747812 0.793652 0.060625 0.036523
2 0.686250 0.795996 0.061875 0.037305
2 0.624844 0.796484 0.062812 0.034375
3 0.562734 0.800781 0.062031 0.035156
3 0.924687 0.819531 0.060000 0.037500
3 0.865312 0.821680 0.056875 0.033984
3 0.808047 0.826953 0.062031 0.036719
2 0.749375 0.829297 0.063750 0.037500
3 0.689297 0.833594 0.062031 0.038281
3 0.626406 0.835547 0.062812 0.042188
3 0.564219 0.838379 0.062188 0.040039
2 0.953594 0.942676 0.061562 0.037695
2 0.893906 0.947559 0.059062 0.035742
2 0.834297 0.950488 0.059531 0.037695
3 0.774297 0.953223 0.060781 0.035352
3 0.714141 0.956055 0.059219 0.037109
2 0.654766 0.961719 0.059219 0.036719
2 0.595313 0.964551 0.062500 0.034570
3 0.534453 0.970410 0.059219 0.038477
2 0.957031 0.980469 0.060937 0.039062
2 0.895937 0.982812 0.061250 0.032031
2 0.835547 0.983008 0.060156 0.032422
3 0.776563 0.985352 0.059375 0.029297
3 0.852578 0.134082 0.060469 0.029883
3 0.910547 0.134766 0.057031 0.031250
3 0.792578 0.138672 0.058594 0.035156
2 0.733437 0.138867 0.058125 0.031641
3 0.673672 0.141699 0.058906 0.029492
3 0.916563 0.167969 0.060625 0.031250
3 0.856484 0.168359 0.062031 0.032031
3 0.795547 0.172461 0.058906 0.036328
2 0.735938 0.171875 0.062500 0.031250
3 0.677344 0.171875 0.060937 0.031250
