2 0.868750 0.602539 0.037500 0.123047
2 0.545312 0.599609 0.043750 0.121094
2 0.942969 0.838867 0.039062 0.123047
2 0.627344 0.840820 0.042188 0.123047
2 0.941406 0.949219 0.035937 0.101562
2 0.381250 0.950195 0.043750 0.099609
2 0.542969 0.952148 0.042188 0.095703
2 0.867188 0.721680 0.040625 0.123047
2 0.944531 0.721680 0.042188 0.123047
2 0.709375 0.720703 0.037500 0.125000
4 0.789844 0.721680 0.035937 0.126953
2 0.464062 0.720703 0.043750 0.128906
2 0.543750 0.720703 0.043750 0.128906
2 0.627344 0.719727 0.042188 0.126953
2 0.382031 0.718750 0.045312 0.125000
2 0.301563 0.715820 0.046875 0.123047
4 0.218750 0.713867 0.043750 0.123047
2 0.062500 0.711914 0.046875 0.119141
0 0.140625 0.710938 0.046875 0.125000
4 0.947656 0.602539 0.039062 0.123047
2 0.789844 0.600586 0.039062 0.123047
2 0.462500 0.598633 0.043750 0.123047
2 0.628125 0.598633 0.040625 0.123047
2 0.708594 0.598633 0.039062 0.123047
2 0.382031 0.594727 0.045312 0.123047
2 0.221094 0.594727 0.045312 0.126953
2 0.300781 0.593750 0.048438 0.121094
4 0.141406 0.592773 0.045312 0.119141
2 0.061719 0.588867 0.048438 0.119141
2 0.625781 0.952148 0.042188 0.095703
4 0.462500 0.951172 0.043750 0.097656
2 0.788281 0.951172 0.035937 0.097656
2 0.707812 0.950195 0.040625 0.099609
2 0.300781 0.949219 0.045312 0.101562
2 0.862500 0.949219 0.037500 0.101562
4 0.221094 0.948242 0.045312 0.103516
2 0.064844 0.946289 0.045312 0.107422
2 0.140625 0.945312 0.046875 0.109375
4 0.464844 0.843750 0.045312 0.121094
2 0.544531 0.842773 0.045312 0.126953
2 0.864844 0.842773 0.039062 0.123047
2 0.382031 0.841797 0.042188 0.121094
4 0.788281 0.840820 0.035937 0.126953
2 0.707812 0.840820 0.040625 0.123047
2 0.300781 0.838867 0.045312 0.123047
4 0.218750 0.835938 0.046875 0.121094
4 0.142187 0.832031 0.046875 0.121094
2 0.064062 0.831055 0.043750 0.119141
