4 0.245312 0.883789 0.043750 0.130859
2 0.091406 0.841797 0.035937 0.128906
2 0.019531 0.913086 0.039062 0.119141
2 0.160156 0.813477 0.039062 0.126953
4 0.094531 0.948242 0.035937 0.103516
2 0.239063 0.524414 0.040625 0.126953
2 0.157031 0.688477 0.039062 0.130859
2 0.242969 0.643555 0.042188 0.134766
4 0.085156 0.603516 0.039062 0.128906
2 0.151562 0.450195 0.040625 0.130859
4 0.088281 0.725586 0.039062 0.126953
2 0.155469 0.570312 0.039062 0.128906
2 0.082031 0.481445 0.035937 0.123047
2 0.152344 0.327148 0.032813 0.119141
2 0.165625 0.928711 0.037500 0.126953
2 0.242969 0.767578 0.042188 0.136719
2 0.079687 0.362305 0.034375 0.123047
