2 0.561719 0.296875 0.032813 0.074219
1 0.261719 0.227539 0.029687 0.076172
2 0.537500 0.750000 0.031250 0.074219
2 0.446875 0.748047 0.031250 0.074219
2 0.352344 0.298828 0.029687 0.074219
2 0.531250 0.373047 0.031250 0.074219
2 0.442969 0.448242 0.029687 0.076172
2 0.384375 0.448242 0.031250 0.076172
2 0.262500 0.300781 0.031250 0.074219
2 0.560937 0.374023 0.031250 0.080078
2 0.239063 0.750977 0.031250 0.072266
2 0.413281 0.448242 0.029687 0.076172
2 0.292969 0.374023 0.029687 0.076172
2 0.232813 0.300781 0.031250 0.074219
2 0.562500 0.451172 0.031250 0.066406
2 0.502344 0.293945 0.029687 0.072266
2 0.293750 0.450195 0.031250 0.076172
2 0.268750 0.750977 0.031250 0.076172
1 0.474219 0.449219 0.032813 0.074219
2 0.292187 0.297852 0.031250 0.076172
1 0.443750 0.372070 0.031250 0.076172
1 0.413281 0.373047 0.029687 0.078125
2 0.471875 0.222656 0.028125 0.078125
2 0.530469 0.296875 0.029687 0.074219
2 0.382812 0.223633 0.031250 0.076172
2 0.615625 0.222656 0.028125 0.074219
2 0.473438 0.372070 0.031250 0.080078
2 0.325000 0.449219 0.028125 0.074219
2 0.442188 0.147461 0.031250 0.076172
2 0.442188 0.224609 0.031250 0.078125
1 0.413281 0.299805 0.029687 0.076172
2 0.291406 0.224609 0.029687 0.074219
2 0.350781 0.149414 0.026562 0.076172
2 0.297656 0.750000 0.029687 0.074219
1 0.323437 0.149414 0.031250 0.076172
2 0.530469 0.219727 0.026562 0.076172
1 0.382031 0.298828 0.029687 0.074219
2 0.442969 0.298828 0.029687 0.074219
2 0.502344 0.222656 0.029687 0.078125
2 0.411719 0.147461 0.029687 0.076172
2 0.471875 0.299805 0.028125 0.072266
2 0.235156 0.449219 0.029687 0.074219
2 0.589844 0.375000 0.026562 0.078125
2 0.233594 0.375000 0.029687 0.074219
2 0.503906 0.448242 0.029687 0.072266
2 0.592187 0.449219 0.028125 0.066406
2 0.617188 0.375977 0.028125 0.076172
2 0.383594 0.374023 0.032813 0.076172
2 0.203906 0.228516 0.026562 0.074219
2 0.353125 0.374023 0.028125 0.072266
2 0.205469 0.377930 0.026562 0.076172
2 0.613281 0.147461 0.029687 0.068359
2 0.354687 0.448242 0.031250 0.076172
2 0.351562 0.225586 0.031250 0.076172
2 0.589063 0.219727 0.028125 0.076172
2 0.503906 0.372070 0.029687 0.080078
1 0.204687 0.301758 0.028125 0.076172
2 0.388281 0.750000 0.029687 0.074219
2 0.417187 0.749023 0.031250 0.072266
2 0.232031 0.228516 0.029687 0.074219
2 0.624219 0.747070 0.023438 0.076172
2 0.533594 0.447266 0.026562 0.070312
2 0.596875 0.749023 0.031250 0.076172
2 0.322656 0.299805 0.029687 0.080078
2 0.327344 0.749023 0.029687 0.076172
2 0.567187 0.750977 0.028125 0.076172
2 0.560156 0.219727 0.032813 0.076172
2 0.616406 0.296875 0.026562 0.074219
2 0.411719 0.224609 0.029687 0.078125
2 0.357812 0.749023 0.031250 0.076172
2 0.323437 0.375000 0.031250 0.074219
2 0.382031 0.148438 0.032813 0.074219
2 0.292187 0.152344 0.031250 0.078125
2 0.471094 0.147461 0.029687 0.076172
2 0.208594 0.751953 0.029687 0.074219
2 0.262500 0.375000 0.031250 0.078125
2 0.589063 0.296875 0.028125 0.074219
2 0.321875 0.224609 0.031250 0.074219
2 0.239063 0.825195 0.031250 0.076172
2 0.625000 0.896484 0.025000 0.074219
2 0.242969 0.968750 0.029687 0.062500
2 0.501563 0.145508 0.031250 0.076172
2 0.620313 0.523438 0.028125 0.078125
2 0.535156 0.523438 0.029687 0.078125
2 0.500781 0.072266 0.029687 0.070312
2 0.297656 0.675781 0.029687 0.074219
2 0.509375 0.966797 0.028125 0.066406
2 0.625000 0.823242 0.021875 0.068359
1 0.389844 0.897461 0.032813 0.080078
2 0.264844 0.526367 0.029687 0.076172
1 0.354687 0.525391 0.031250 0.078125
2 0.564844 0.671875 0.029687 0.078125
2 0.443750 0.598633 0.028125 0.076172
2 0.420312 0.967773 0.031250 0.064453
2 0.384375 0.524414 0.031250 0.076172
2 0.417969 0.822266 0.032813 0.074219
2 0.325781 0.674805 0.029687 0.076172
2 0.536719 0.671875 0.032813 0.078125
2 0.236719 0.601562 0.029687 0.074219
2 0.625781 0.967773 0.026562 0.064453
2 0.618750 0.451172 0.028125 0.066406
2 0.568750 0.896484 0.031250 0.074219
2 0.471094 0.074219 0.029687 0.070312
2 0.355469 0.600586 0.029687 0.076172
2 0.538281 0.599609 0.029687 0.070312
2 0.295312 0.601562 0.031250 0.074219
2 0.475781 0.747070 0.029687 0.072266
1 0.207031 0.603516 0.029687 0.074219
2 0.325781 0.601562 0.029687 0.074219
2 0.599219 0.967773 0.029687 0.064453
2 0.300781 0.967773 0.029687 0.064453
2 0.599219 0.897461 0.029687 0.076172
2 0.599219 0.822266 0.029687 0.074219
2 0.593750 0.670898 0.028125 0.080078
2 0.214062 0.968750 0.028125 0.062500
2 0.507031 0.747070 0.032813 0.072266
2 0.508594 0.821289 0.032813 0.076172
2 0.207031 0.525391 0.026562 0.078125
2 0.382812 0.074219 0.031250 0.070312
2 0.359375 0.967773 0.028125 0.064453
2 0.265625 0.600586 0.031250 0.076172
2 0.587500 0.147461 0.034375 0.072266
2 0.271875 0.968750 0.028125 0.062500
2 0.359375 0.896484 0.031250 0.074219
2 0.241406 0.901367 0.032813 0.076172
2 0.210938 0.827148 0.028125 0.076172
2 0.507031 0.598633 0.032813 0.072266
2 0.414844 0.524414 0.029687 0.072266
2 0.539844 0.966797 0.029687 0.066406
2 0.474219 0.672852 0.029687 0.076172
2 0.614844 0.074219 0.029687 0.070312
2 0.236719 0.677734 0.029687 0.074219
2 0.416406 0.675781 0.029687 0.078125
2 0.300000 0.900391 0.031250 0.078125
2 0.529687 0.145508 0.031250 0.072266
2 0.448437 0.822266 0.031250 0.078125
2 0.330469 0.897461 0.032813 0.080078
2 0.509375 0.895508 0.031250 0.076172
2 0.557813 0.146484 0.034375 0.070312
2 0.558594 0.073242 0.026562 0.076172
2 0.357812 0.824219 0.031250 0.078125
2 0.507031 0.522461 0.032813 0.080078
2 0.269531 0.902344 0.029687 0.074219
2 0.389844 0.967773 0.032813 0.064453
2 0.387500 0.597656 0.031250 0.078125
1 0.566406 0.525391 0.029687 0.078125
2 0.594531 0.598633 0.029687 0.068359
2 0.330469 0.968750 0.029687 0.062500
2 0.270313 0.827148 0.031250 0.080078
2 0.211719 0.900391 0.029687 0.074219
2 0.567969 0.823242 0.029687 0.072266
2 0.479687 0.966797 0.031250 0.066406
2 0.449219 0.967773 0.029687 0.064453
2 0.297656 0.823242 0.029687 0.076172
2 0.444531 0.674805 0.029687 0.080078
2 0.477344 0.822266 0.029687 0.078125
2 0.204687 0.452148 0.028125 0.076172
2 0.208594 0.677734 0.029687 0.074219
2 0.264844 0.451172 0.029687 0.074219
2 0.415625 0.598633 0.031250 0.076172
2 0.388281 0.824219 0.029687 0.078125
2 0.566406 0.599609 0.029687 0.066406
2 0.420312 0.897461 0.031250 0.076172
2 0.328125 0.824219 0.031250 0.074219
2 0.356250 0.674805 0.031250 0.076172
2 0.410938 0.076172 0.028125 0.070312
2 0.474219 0.524414 0.032813 0.076172
2 0.593750 0.524414 0.028125 0.076172
1 0.505469 0.672852 0.032813 0.076172
2 0.235156 0.525391 0.029687 0.078125
2 0.620313 0.672852 0.028125 0.076172
2 0.529687 0.073242 0.028125 0.072266
2 0.539062 0.895508 0.031250 0.076172
2 0.442188 0.075195 0.031250 0.072266
2 0.325000 0.525391 0.028125 0.078125
2 0.621875 0.597656 0.025000 0.070312
2 0.586719 0.074219 0.032813 0.074219
2 0.450000 0.897461 0.031250 0.076172
2 0.443750 0.525391 0.028125 0.074219
1 0.474219 0.597656 0.032813 0.074219
2 0.539062 0.822266 0.031250 0.074219
2 0.295312 0.525391 0.031250 0.078125
2 0.386719 0.674805 0.029687 0.076172
2 0.265625 0.675781 0.031250 0.074219
2 0.568750 0.966797 0.028125 0.066406
2 0.478906 0.894531 0.029687 0.074219
