4 0.407813 0.196289 0.040625 0.119141
2 0.233594 0.215820 0.039062 0.123047
2 0.324219 0.272461 0.042188 0.126953
4 0.777344 0.281250 0.048438 0.121094
2 0.702344 0.283203 0.045312 0.121094
2 0.858594 0.286133 0.042188 0.123047
4 0.138281 0.307617 0.035937 0.123047
2 0.232031 0.336914 0.039062 0.123047
2 0.322656 0.390625 0.039062 0.125000
2 0.700781 0.403320 0.039062 0.123047
2 0.617969 0.403320 0.042188 0.123047
4 0.780469 0.404297 0.045312 0.121094
2 0.860156 0.409180 0.045312 0.123047
2 0.941406 0.409180 0.048438 0.126953
2 0.064844 0.414062 0.035937 0.125000
2 0.137500 0.427734 0.034375 0.117188
2 0.230469 0.459961 0.039062 0.123047
2 0.698438 0.526367 0.043750 0.123047
2 0.616406 0.526367 0.042188 0.123047
2 0.484375 0.052734 0.037500 0.105469
2 0.778906 0.529297 0.045312 0.125000
2 0.859375 0.530273 0.043750 0.126953
2 0.939844 0.531250 0.045312 0.125000
2 0.063281 0.537109 0.035937 0.117188
2 0.136719 0.547852 0.035937 0.119141
2 0.533594 0.647461 0.045312 0.123047
2 0.696094 0.649414 0.045312 0.123047
4 0.614844 0.650391 0.042188 0.121094
2 0.777344 0.651367 0.042188 0.126953
2 0.936719 0.652344 0.045312 0.125000
2 0.858594 0.653320 0.042188 0.123047
2 0.062500 0.655273 0.037500 0.119141
2 0.135937 0.668945 0.034375 0.115234
4 0.410156 0.078125 0.042188 0.121094
2 0.450781 0.768555 0.042188 0.123047
2 0.532031 0.770508 0.042188 0.126953
4 0.613281 0.770508 0.042188 0.126953
2 0.775781 0.772461 0.042188 0.123047
2 0.694531 0.772461 0.042188 0.123047
2 0.857031 0.772461 0.042188 0.126953
2 0.936719 0.776367 0.045312 0.123047
4 0.367188 0.885742 0.040625 0.123047
2 0.286719 0.886719 0.039062 0.128906
2 0.530469 0.891602 0.042188 0.130859
2 0.449219 0.893555 0.042188 0.126953
2 0.771094 0.894531 0.042188 0.128906
2 0.691406 0.893555 0.042188 0.126953
2 0.851562 0.893555 0.043750 0.123047
4 0.612500 0.894531 0.040625 0.125000
2 0.932813 0.895508 0.043750 0.123047
2 0.235156 0.096680 0.039062 0.123047
2 0.325781 0.150391 0.042188 0.125000
0 0.778906 0.162109 0.048438 0.121094
4 0.482031 0.166992 0.039062 0.123047
2 0.142187 0.186523 0.034375 0.119141
