2 0.014844 0.786133 0.029687 0.123047
4 0.303125 0.686523 0.040625 0.123047
2 0.014844 0.669629 0.029687 0.121680
2 0.385156 0.567383 0.042188 0.123047
4 0.303125 0.564453 0.040625 0.121094
2 0.224219 0.564453 0.042188 0.121094
2 0.471094 0.445312 0.045312 0.121094
2 0.385937 0.443359 0.040625 0.125000
4 0.302344 0.443359 0.042188 0.125000
2 0.223438 0.440430 0.040625 0.123047
2 0.146875 0.440430 0.040625 0.123047
2 0.471094 0.323242 0.045312 0.123047
2 0.387500 0.322266 0.040625 0.121094
2 0.304688 0.321289 0.040625 0.123047
2 0.225000 0.321289 0.037500 0.119141
2 0.145313 0.319336 0.037500 0.119141
2 0.555469 0.202148 0.048438 0.115234
2 0.304688 0.201172 0.037500 0.121094
2 0.387500 0.201172 0.037500 0.121094
2 0.226562 0.199219 0.034375 0.121094
2 0.471094 0.198242 0.045312 0.123047
2 0.067969 0.199219 0.039062 0.117188
4 0.147656 0.198242 0.035937 0.119141
2 0.555469 0.083008 0.048438 0.119141
2 0.071875 0.082031 0.037500 0.121094
4 0.392188 0.080078 0.040625 0.121094
2 0.471875 0.078125 0.043750 0.117188
4 0.309375 0.078125 0.037500 0.125000
2 0.228906 0.077148 0.039062 0.119141
4 0.150781 0.078125 0.039062 0.121094
2 0.016406 0.904297 0.032813 0.121094
