3 0.862969 0.758984 0.061562 0.033594
3 0.800781 0.761426 0.060937 0.034570
3 0.863203 0.794727 0.064219 0.034766
3 0.802031 0.799023 0.058437 0.043359
3 0.926406 0.826074 0.059688 0.042773
3 0.865938 0.829688 0.061875 0.042188
3 0.806875 0.838281 0.058125 0.035937
3 0.974844 0.953516 0.050313 0.035937
3 0.920156 0.958203 0.056563 0.033594
3 0.863203 0.962793 0.061094 0.034961
3 0.805312 0.964746 0.058125 0.034961
3 0.743750 0.970996 0.062500 0.035742
3 0.975000 0.986328 0.050000 0.027344
3 0.921328 0.987012 0.054219 0.024805
