3 0.078906 0.800781 0.060937 0.031250
3 0.139453 0.798828 0.060156 0.035156
2 0.200703 0.795410 0.060781 0.034180
3 0.263594 0.795898 0.061563 0.033203
3 0.321328 0.794531 0.064531 0.035937
2 0.030547 0.663574 0.061094 0.032227
2 0.087578 0.662891 0.056406 0.029687
3 0.146406 0.661914 0.061563 0.031641
3 0.205625 0.656250 0.061250 0.035156
3 0.266641 0.657227 0.061406 0.037109
3 0.326406 0.653809 0.062188 0.032227
3 0.387891 0.652930 0.060156 0.033984
2 0.027656 0.634375 0.055313 0.032031
3 0.082422 0.630664 0.058594 0.031641
3 0.142813 0.630762 0.060625 0.035352
3 0.201484 0.626367 0.059219 0.032422
3 0.261172 0.621973 0.062969 0.033398
2 0.323281 0.621582 0.062188 0.034180
3 0.385156 0.618457 0.060937 0.032617
0 0.027031 0.599316 0.054062 0.035742
3 0.080156 0.598633 0.057187 0.037109
3 0.138672 0.595313 0.064844 0.035937
3 0.199609 0.591699 0.061719 0.035352
2 0.260547 0.588281 0.061719 0.034375
3 0.320547 0.586621 0.062969 0.037695
3 0.382188 0.582422 0.061250 0.034375
1 0.048594 0.459180 0.059688 0.038672
3 0.109922 0.457031 0.060469 0.035156
3 0.168359 0.456152 0.058594 0.033008
3 0.229219 0.452148 0.061563 0.037109
3 0.288672 0.449316 0.058594 0.034961
3 0.347422 0.445898 0.060469 0.037891
3 0.408828 0.444336 0.061406 0.037109
2 0.043984 0.424707 0.059844 0.037305
3 0.105703 0.423633 0.061406 0.031641
3 0.165078 0.420605 0.058281 0.037695
3 0.225859 0.418164 0.061094 0.038672
3 0.285625 0.413574 0.061875 0.036133
3 0.345938 0.410547 0.060625 0.034375
3 0.406797 0.408984 0.060469 0.037500
3 0.104922 0.387305 0.062969 0.037891
3 0.043047 0.387695 0.061094 0.041016
3 0.165313 0.383789 0.058750 0.037109
3 0.225000 0.381250 0.059375 0.038281
3 0.285234 0.378613 0.061094 0.039648
3 0.345078 0.375000 0.058906 0.035156
3 0.405000 0.372070 0.060000 0.037109
3 0.077422 0.253516 0.061094 0.035938
3 0.137969 0.250781 0.057187 0.037500
3 0.196250 0.245996 0.058125 0.039258
3 0.253203 0.244043 0.059531 0.035352
3 0.314844 0.239844 0.064062 0.035938
3 0.376719 0.237891 0.062812 0.035938
3 0.438359 0.235156 0.061094 0.037500
3 0.075703 0.217480 0.060781 0.037695
3 0.135937 0.213477 0.059375 0.037891
3 0.193594 0.210840 0.062188 0.035352
3 0.252188 0.206348 0.060625 0.036523
2 0.313750 0.204004 0.061875 0.037305
2 0.375156 0.203516 0.062812 0.034375
3 0.437266 0.199219 0.062031 0.035156
3 0.075313 0.180469 0.060000 0.037500
3 0.134688 0.178320 0.056875 0.033984
3 0.191953 0.173047 0.062031 0.036719
2 0.250625 0.170703 0.063750 0.037500
3 0.310703 0.166406 0.062031 0.038281
3 0.373594 0.164551 0.062812 0.042383
3 0.435781 0.161621 0.062188 0.040039
2 0.046406 0.057324 0.061562 0.037695
2 0.106094 0.052441 0.059062 0.035742
2 0.165703 0.049512 0.059531 0.037695
3 0.225703 0.046777 0.060781 0.035352
3 0.285859 0.043945 0.059219 0.037109
2 0.345234 0.038281 0.059219 0.036719
2 0.404687 0.035449 0.062500 0.034570
3 0.465547 0.029590 0.059219 0.038477
2 0.042969 0.019531 0.060937 0.039062
2 0.104062 0.017188 0.061250 0.032031
2 0.164453 0.016992 0.060156 0.032422
3 0.223438 0.014648 0.059375 0.029297
3 0.147422 0.865918 0.060469 0.029883
3 0.089453 0.865234 0.057031 0.031250
3 0.207422 0.861328 0.058594 0.035156
2 0.266562 0.861133 0.058125 0.031641
3 0.326328 0.858301 0.058906 0.029492
3 0.083437 0.832031 0.060625 0.031250
3 0.143516 0.831641 0.062031 0.032031
3 0.204453 0.827539 0.058906 0.036328
2 0.264062 0.828125 0.062500 0.031250
3 0.322656 0.828125 0.060937 0.031250
