2 0.071875 0.483398 0.046875 0.119141
2 0.071094 0.364258 0.045312 0.126953
2 0.232031 0.356445 0.045312 0.126953
2 0.153125 0.237305 0.046875 0.123047
0 0.558594 0.348633 0.045312 0.123047
2 0.396094 0.227539 0.045312 0.126953
2 0.479687 0.347656 0.046875 0.125000
2 0.230469 0.233398 0.042188 0.126953
2 0.153125 0.480469 0.043750 0.125000
2 0.157812 0.724609 0.050000 0.121094
2 0.233594 0.479492 0.048438 0.123047
2 0.958594 0.336914 0.035937 0.123047
2 0.872656 0.099609 0.042188 0.125000
2 0.726562 0.584961 0.040625 0.126953
2 0.480469 0.591797 0.042188 0.121094
2 0.239063 0.844727 0.046875 0.119141
2 0.315625 0.352539 0.040625 0.126953
2 0.642969 0.590820 0.045312 0.126953
2 0.718750 0.222656 0.040625 0.121094
2 0.071875 0.243164 0.046875 0.123047
2 0.317969 0.476562 0.045312 0.125000
2 0.400781 0.719727 0.045312 0.123047
2 0.317969 0.720703 0.045312 0.125000
4 0.794531 0.104492 0.039062 0.123047
2 0.159375 0.842773 0.046875 0.119141
2 0.724219 0.467773 0.045312 0.123047
2 0.402344 0.840820 0.042188 0.123047
2 0.317969 0.596680 0.045312 0.126953
2 0.484375 0.837891 0.040625 0.125000
4 0.797656 0.221680 0.039062 0.123047
2 0.560937 0.469727 0.043750 0.123047
4 0.714844 0.102539 0.039062 0.123047
4 0.562500 0.592773 0.043750 0.126953
2 0.878906 0.341797 0.039062 0.125000
2 0.235156 0.601562 0.048438 0.125000
2 0.725781 0.711914 0.042188 0.123047
1 0.565625 0.837891 0.043750 0.121094
2 0.640625 0.344727 0.043750 0.123047
2 0.883594 0.583008 0.039062 0.123047
2 0.153125 0.356445 0.046875 0.123047
4 0.564063 0.716797 0.040625 0.121094
2 0.314844 0.230469 0.042188 0.125000
2 0.483594 0.716797 0.042188 0.125000
4 0.475781 0.227539 0.042188 0.123047
2 0.321094 0.842773 0.045312 0.123047
4 0.802344 0.464844 0.039062 0.125000
2 0.559375 0.225586 0.043750 0.123047
4 0.806250 0.584961 0.037500 0.119141
4 0.555469 0.108398 0.042188 0.123047
2 0.398438 0.349609 0.043750 0.125000
2 0.634375 0.104492 0.043750 0.126953
2 0.720313 0.342773 0.040625 0.123047
2 0.398438 0.474609 0.043750 0.125000
2 0.644531 0.713867 0.042188 0.123047
2 0.072656 0.602539 0.045312 0.123047
2 0.883594 0.462891 0.039062 0.121094
4 0.800781 0.341797 0.039062 0.121094
2 0.644531 0.833984 0.039062 0.121094
2 0.950781 0.103516 0.039062 0.125000
2 0.154688 0.600586 0.046875 0.123047
2 0.639844 0.465820 0.045312 0.123047
2 0.399219 0.597656 0.045312 0.125000
2 0.236719 0.719727 0.045312 0.126953
2 0.479687 0.471680 0.043750 0.126953
4 0.474219 0.106445 0.045312 0.119141
2 0.071875 0.122070 0.043750 0.119141
2 0.230469 0.120117 0.045312 0.126953
2 0.875000 0.221680 0.037500 0.126953
2 0.151562 0.120117 0.046875 0.126953
2 0.312500 0.115234 0.043750 0.125000
2 0.394531 0.108398 0.048438 0.123047
2 0.955469 0.220703 0.039062 0.121094
2 0.636719 0.220703 0.039062 0.128906
