2 0.141406 0.604492 0.039062 0.126953
4 0.225781 0.950195 0.035937 0.099609
2 0.151562 0.950195 0.034375 0.099609
4 0.071875 0.949219 0.037500 0.101562
2 0.060156 0.490234 0.035937 0.121094
2 0.138281 0.489258 0.039062 0.123047
4 0.207031 0.487305 0.039062 0.123047
2 0.059375 0.372070 0.037500 0.119141
2 0.136719 0.372070 0.039062 0.126953
2 0.135156 0.249023 0.035937 0.123047
2 0.057813 0.249023 0.034375 0.126953
2 0.059375 0.137695 0.031250 0.119141
2 0.148438 0.840820 0.040625 0.119141
4 0.070312 0.840820 0.037500 0.123047
4 0.222656 0.839844 0.042188 0.117188
2 0.062500 0.606445 0.037500 0.123047
4 0.214844 0.604492 0.039062 0.119141
2 0.065625 0.729492 0.040625 0.126953
2 0.145313 0.727539 0.040625 0.123047
4 0.217188 0.723633 0.037500 0.126953
