2 0.952109 0.780859 0.061406 0.034375
3 0.828359 0.446484 0.065156 0.041406
3 0.865391 0.581445 0.062969 0.037891
2 0.808516 0.620117 0.061094 0.037109
2 0.683750 0.590820 0.060625 0.033203
2 0.950000 0.981445 0.062500 0.037109
3 0.841719 0.857227 0.060313 0.038672
2 0.811641 0.654004 0.061094 0.038477
3 0.897656 0.818066 0.060937 0.038477
3 0.926484 0.612305 0.062656 0.037109
3 0.794687 0.238184 0.060625 0.031055
3 0.734297 0.239063 0.059531 0.028906
3 0.866953 0.618164 0.062969 0.037109
3 0.642734 0.385547 0.064531 0.040625
2 0.910313 0.204590 0.060625 0.030273
3 0.838438 0.823730 0.060625 0.034180
2 0.856641 0.236230 0.061719 0.031055
3 0.705234 0.418164 0.064531 0.043359
3 0.629531 0.660840 0.062812 0.036523
3 0.834688 0.788574 0.061875 0.038086
3 0.805000 0.583691 0.061875 0.038477
3 0.763281 0.382520 0.064062 0.038477
2 0.747344 0.621582 0.061562 0.036133
3 0.698203 0.036719 0.062969 0.034375
2 0.931406 0.645215 0.062187 0.036523
3 0.889219 0.443652 0.059062 0.035742
3 0.690000 0.658887 0.060625 0.036523
3 0.765156 0.416992 0.063438 0.037109
3 0.645156 0.418750 0.059687 0.040625
3 0.625234 0.626270 0.062031 0.033789
3 0.766719 0.448047 0.063438 0.040625
2 0.875859 0.033887 0.063906 0.036523
3 0.732109 0.210449 0.060781 0.030273
3 0.880781 0.375293 0.063438 0.035742
3 0.673359 0.242383 0.059531 0.031641
3 0.939219 0.375977 0.059062 0.037109
3 0.819141 0.037109 0.061719 0.035156
2 0.936016 0.035449 0.062344 0.035742
3 0.672187 0.209570 0.061875 0.032422
3 0.900781 0.854004 0.060937 0.040039
3 0.750469 0.657422 0.061562 0.037500
3 0.705781 0.451562 0.063438 0.039844
2 0.891719 0.982910 0.060313 0.032227
3 0.943047 0.407715 0.054531 0.030273
3 0.648203 0.453223 0.062969 0.039258
2 0.744219 0.588086 0.061562 0.035547
3 0.758203 0.037109 0.061719 0.035156
3 0.820312 0.376758 0.065625 0.038672
3 0.825625 0.410547 0.061250 0.039844
3 0.925234 0.576172 0.062031 0.035156
3 0.892188 0.783691 0.059375 0.036133
3 0.624609 0.593555 0.060156 0.034766
3 0.885234 0.409766 0.063906 0.034375
2 0.915469 0.237793 0.062813 0.030273
2 0.871328 0.652832 0.060469 0.036133
2 0.968125 0.202637 0.060625 0.030273
2 0.850625 0.206250 0.061250 0.029688
2 0.791563 0.207813 0.060625 0.028906
2 0.971484 0.234277 0.057031 0.031055
3 0.959609 0.850098 0.058906 0.040039
2 0.687891 0.623828 0.061719 0.032813
2 0.955391 0.813965 0.057969 0.038086
3 0.947500 0.438379 0.061250 0.033008
3 0.906094 0.175098 0.062813 0.033789
3 0.727734 0.178320 0.060156 0.032422
3 0.669141 0.181250 0.058594 0.034375
3 0.846250 0.175977 0.060625 0.031641
3 0.963984 0.174414 0.059531 0.032422
3 0.787969 0.176660 0.058437 0.033008
3 0.830703 0.983887 0.057344 0.030273
