2 0.242969 0.232422 0.042188 0.136719
4 0.088281 0.274414 0.039062 0.126953
2 0.157031 0.311523 0.039062 0.130859
2 0.242969 0.356445 0.042188 0.134766
4 0.085156 0.396484 0.039062 0.128906
2 0.155469 0.429688 0.039062 0.128906
2 0.239063 0.475586 0.040625 0.126953
4 0.094531 0.051758 0.035937 0.103516
2 0.082031 0.518555 0.035937 0.123047
2 0.151562 0.549805 0.040625 0.130859
2 0.079687 0.637695 0.034375 0.123047
2 0.152344 0.672852 0.032813 0.119141
2 0.165625 0.071289 0.037500 0.126953
2 0.019531 0.086914 0.039062 0.119141
4 0.245312 0.116211 0.043750 0.130859
2 0.091406 0.158203 0.035937 0.128906
2 0.160156 0.186523 0.039062 0.126953
