2 0.976562 0.196289 0.028125 0.072266
2 0.630469 0.249023 0.029687 0.072266
2 0.659375 0.250977 0.031250 0.072266
2 0.688281 0.253906 0.029687 0.070312
2 0.746094 0.254883 0.029687 0.072266
2 0.716406 0.256836 0.029687 0.072266
2 0.776563 0.256836 0.028125 0.072266
2 0.804688 0.257812 0.028125 0.070312
2 0.832812 0.257812 0.028125 0.074219
2 0.862500 0.258789 0.031250 0.072266
2 0.892188 0.263672 0.028125 0.070312
1 0.921875 0.264648 0.028125 0.072266
2 0.949219 0.264648 0.026562 0.072266
2 0.977344 0.268555 0.029687 0.072266
1 0.628906 0.324219 0.029687 0.078125
2 0.657813 0.326172 0.028125 0.078125
2 0.746094 0.327148 0.029687 0.076172
2 0.716406 0.328125 0.029687 0.078125
2 0.775000 0.327148 0.028125 0.072266
2 0.687500 0.328125 0.028125 0.074219
2 0.832812 0.329102 0.028125 0.076172
2 0.804688 0.330078 0.031250 0.074219
2 0.664844 0.033203 0.029687 0.066406
2 0.860938 0.332031 0.031250 0.074219
1 0.891406 0.333008 0.029687 0.072266
2 0.919531 0.334961 0.026562 0.072266
2 0.946875 0.336914 0.028125 0.072266
2 0.975781 0.338867 0.029687 0.068359
2 0.634375 0.035156 0.028125 0.070312
2 0.694531 0.035156 0.029687 0.070312
2 0.751563 0.036133 0.028125 0.072266
2 0.722656 0.037109 0.029687 0.074219
2 0.781250 0.038086 0.031250 0.076172
2 0.810156 0.038086 0.029687 0.076172
2 0.625781 0.400391 0.029687 0.074219
2 0.795312 0.700195 0.031250 0.072266
2 0.823438 0.700195 0.028125 0.076172
2 0.850781 0.700195 0.026562 0.076172
2 0.905469 0.700195 0.026562 0.076172
2 0.878125 0.701172 0.028125 0.078125
2 0.705469 0.771484 0.029687 0.070312
2 0.764062 0.773438 0.028125 0.074219
2 0.876563 0.776367 0.025000 0.072266
2 0.930469 0.776367 0.029687 0.072266
2 0.959375 0.776367 0.028125 0.076172
2 0.846875 0.774414 0.031250 0.072266
2 0.955469 0.845703 0.032813 0.066406
2 0.902344 0.775391 0.026562 0.070312
2 0.899219 0.845703 0.026562 0.070312
2 0.927344 0.846680 0.026562 0.068359
1 0.735156 0.776367 0.029687 0.076172
2 0.789062 0.848633 0.031250 0.072266
2 0.817187 0.776367 0.028125 0.072266
2 0.815625 0.847656 0.028125 0.074219
2 0.846875 0.848633 0.031250 0.068359
2 0.791406 0.773438 0.026562 0.074219
2 0.873437 0.848633 0.028125 0.072266
2 0.871875 0.918945 0.028125 0.072266
2 0.926562 0.920898 0.031250 0.072266
2 0.897656 0.919922 0.029687 0.070312
2 0.956250 0.919922 0.031250 0.074219
2 0.662500 0.105469 0.028125 0.074219
2 0.692969 0.106445 0.029687 0.068359
2 0.634375 0.107422 0.031250 0.074219
2 0.723437 0.110352 0.028125 0.072266
2 0.751563 0.110352 0.028125 0.076172
2 0.780469 0.113281 0.029687 0.074219
2 0.809375 0.113281 0.031250 0.074219
2 0.868750 0.114258 0.031250 0.072266
2 0.839844 0.115234 0.029687 0.074219
2 0.895312 0.116211 0.025000 0.072266
2 0.922656 0.119141 0.026562 0.074219
2 0.950781 0.121094 0.029687 0.074219
2 0.978906 0.122070 0.026562 0.076172
2 0.632031 0.177734 0.029687 0.070312
2 0.749219 0.181641 0.029687 0.074219
2 0.661719 0.178711 0.029687 0.072266
2 0.692187 0.178711 0.031250 0.076172
2 0.720313 0.183594 0.031250 0.070312
2 0.779687 0.185547 0.031250 0.074219
2 0.835156 0.186523 0.029687 0.068359
2 0.807031 0.187500 0.029687 0.074219
2 0.894531 0.188477 0.026562 0.072266
2 0.864062 0.187500 0.031250 0.074219
2 0.921875 0.191406 0.028125 0.074219
2 0.950000 0.193359 0.028125 0.070312
2 0.714844 0.401367 0.029687 0.076172
2 0.655469 0.402344 0.029687 0.074219
2 0.743750 0.402344 0.034375 0.078125
1 0.773438 0.403320 0.028125 0.080078
2 0.683594 0.403320 0.029687 0.076172
2 0.803906 0.404297 0.029687 0.074219
2 0.831250 0.404297 0.028125 0.074219
2 0.859375 0.405273 0.031250 0.072266
2 0.889062 0.408203 0.028125 0.074219
2 0.917188 0.409180 0.028125 0.076172
2 0.944531 0.408203 0.029687 0.074219
1 0.974219 0.410156 0.029687 0.074219
2 0.839844 0.044922 0.026562 0.070312
2 0.867188 0.044922 0.031250 0.070312
2 0.895312 0.044922 0.028125 0.066406
2 0.922656 0.045898 0.026562 0.068359
2 0.949219 0.047852 0.029687 0.072266
2 0.978125 0.048828 0.028125 0.074219
2 0.624219 0.474609 0.029687 0.070312
2 0.652344 0.474609 0.029687 0.070312
2 0.712500 0.477539 0.028125 0.076172
2 0.742969 0.476562 0.029687 0.074219
2 0.684375 0.477539 0.031250 0.072266
2 0.772656 0.477539 0.029687 0.076172
2 0.802344 0.477539 0.032813 0.076172
2 0.859375 0.478516 0.028125 0.074219
2 0.830469 0.480469 0.029687 0.074219
1 0.886719 0.482422 0.029687 0.070312
2 0.915625 0.481445 0.028125 0.068359
2 0.943750 0.481445 0.028125 0.072266
2 0.971875 0.485352 0.028125 0.072266
2 0.622656 0.548828 0.029687 0.078125
2 0.651563 0.548828 0.028125 0.074219
2 0.682031 0.549805 0.032813 0.072266
2 0.710156 0.550781 0.032813 0.074219
2 0.739844 0.550781 0.029687 0.074219
2 0.769531 0.552734 0.029687 0.074219
1 0.857812 0.552734 0.028125 0.070312
2 0.800000 0.552734 0.031250 0.074219
2 0.912500 0.553711 0.028125 0.072266
1 0.828125 0.553711 0.028125 0.076172
2 0.885156 0.553711 0.026562 0.072266
2 0.942187 0.554688 0.031250 0.074219
2 0.970313 0.556641 0.028125 0.074219
2 0.650000 0.622070 0.028125 0.072266
1 0.621094 0.625000 0.029687 0.078125
2 0.678125 0.625000 0.031250 0.074219
2 0.739062 0.625000 0.031250 0.074219
2 0.708594 0.625977 0.029687 0.076172
2 0.767188 0.625977 0.031250 0.072266
1 0.796094 0.625977 0.032813 0.072266
2 0.853906 0.625000 0.026562 0.070312
2 0.880469 0.625977 0.026562 0.072266
2 0.907813 0.625977 0.031250 0.068359
2 0.938281 0.625977 0.029687 0.068359
1 0.825781 0.627930 0.029687 0.072266
2 0.967969 0.626953 0.026562 0.070312
2 0.649219 0.699219 0.029687 0.074219
1 0.677344 0.698242 0.029687 0.072266
2 0.618750 0.699219 0.031250 0.070312
2 0.707031 0.699219 0.029687 0.070312
2 0.765625 0.700195 0.031250 0.076172
2 0.932813 0.700195 0.028125 0.076172
2 0.964063 0.700195 0.031250 0.072266
2 0.735938 0.701172 0.031250 0.074219
