2 0.955469 0.779297 0.039062 0.121094
2 0.398438 0.525391 0.043750 0.125000
4 0.797656 0.778320 0.039062 0.123047
2 0.644531 0.286133 0.042188 0.123047
2 0.644531 0.166016 0.039062 0.121094
4 0.802344 0.535156 0.039062 0.125000
1 0.565625 0.162109 0.043750 0.121094
4 0.806250 0.415039 0.037500 0.119141
2 0.640625 0.655273 0.043750 0.123047
4 0.800781 0.658203 0.039062 0.121094
2 0.071875 0.756836 0.046875 0.123047
2 0.153125 0.762695 0.046875 0.123047
2 0.726562 0.415039 0.040625 0.126953
2 0.321094 0.157227 0.045312 0.123047
2 0.560937 0.530273 0.043750 0.123047
2 0.072656 0.397461 0.045312 0.123047
2 0.071875 0.516602 0.046875 0.119141
2 0.718750 0.777344 0.040625 0.121094
2 0.479687 0.528320 0.043750 0.126953
2 0.235156 0.398438 0.048438 0.125000
2 0.154688 0.399414 0.046875 0.123047
2 0.398438 0.650391 0.043750 0.125000
2 0.400781 0.280273 0.045312 0.123047
2 0.153125 0.643555 0.046875 0.123047
2 0.230469 0.766602 0.042188 0.126953
2 0.317969 0.403320 0.045312 0.126953
2 0.396094 0.772461 0.045312 0.126953
2 0.157812 0.275391 0.050000 0.121094
2 0.159375 0.157227 0.046875 0.119141
2 0.314844 0.769531 0.042188 0.125000
2 0.875000 0.778320 0.037500 0.126953
2 0.639844 0.534180 0.045312 0.123047
2 0.236719 0.280273 0.045312 0.126953
4 0.475781 0.772461 0.042188 0.123047
2 0.071094 0.635742 0.045312 0.126953
0 0.558594 0.651367 0.045312 0.123047
2 0.480469 0.408203 0.042188 0.121094
2 0.484375 0.162109 0.040625 0.125000
2 0.317969 0.279297 0.045312 0.125000
2 0.883594 0.416992 0.039062 0.123047
2 0.315625 0.647461 0.040625 0.126953
4 0.564063 0.283203 0.040625 0.121094
2 0.642969 0.409180 0.045312 0.126953
2 0.479687 0.652344 0.046875 0.125000
2 0.402344 0.159180 0.042188 0.123047
2 0.725781 0.288086 0.042188 0.123047
2 0.958594 0.663086 0.035937 0.123047
2 0.317969 0.523438 0.045312 0.125000
2 0.559375 0.774414 0.043750 0.123047
2 0.233594 0.520508 0.048438 0.123047
2 0.483594 0.283203 0.042188 0.125000
2 0.153125 0.519531 0.043750 0.125000
4 0.562500 0.407227 0.043750 0.126953
2 0.883594 0.537109 0.039062 0.121094
2 0.636719 0.779297 0.039062 0.128906
2 0.724219 0.532227 0.045312 0.123047
2 0.878906 0.658203 0.039062 0.125000
2 0.399219 0.402344 0.045312 0.125000
2 0.232031 0.643555 0.045312 0.126953
2 0.720313 0.657227 0.040625 0.123047
2 0.312500 0.884766 0.043750 0.125000
2 0.634375 0.895508 0.043750 0.126953
2 0.230469 0.879883 0.045312 0.126953
2 0.394531 0.891602 0.048438 0.123047
2 0.950781 0.896484 0.039062 0.125000
2 0.071875 0.877930 0.043750 0.119141
2 0.872656 0.900391 0.042188 0.125000
4 0.714844 0.897461 0.039062 0.123047
2 0.239063 0.155273 0.046875 0.119141
4 0.555469 0.891602 0.042188 0.123047
4 0.474219 0.893555 0.045312 0.119141
4 0.794531 0.895508 0.039062 0.123047
2 0.151562 0.879883 0.046875 0.126953
