2 0.844531 0.803711 0.020313 0.052734
2 0.808594 0.802734 0.020313 0.054688
2 0.771875 0.801758 0.018750 0.052734
2 0.735156 0.799805 0.020313 0.056641
2 0.988281 0.759766 0.020313 0.054688
2 0.954688 0.754883 0.021875 0.056641
2 0.919531 0.754883 0.020313 0.052734
2 0.883594 0.753906 0.020313 0.054688
2 0.847656 0.751953 0.020313 0.054688
2 0.812500 0.748047 0.018750 0.054688
2 0.774219 0.747070 0.017188 0.056641
2 0.737500 0.744141 0.018750 0.054688
2 0.973437 0.969727 0.021875 0.052734
2 0.939844 0.968750 0.023438 0.054688
2 0.904687 0.968750 0.021875 0.050781
2 0.990625 0.703125 0.018750 0.054688
2 0.956250 0.703125 0.021875 0.054688
2 0.922656 0.699219 0.020313 0.054688
2 0.885156 0.698242 0.020313 0.056641
2 0.851562 0.695312 0.021875 0.054688
2 0.814063 0.693359 0.018750 0.054688
2 0.778125 0.690430 0.018750 0.056641
2 0.739844 0.690430 0.020313 0.056641
2 0.834375 0.966797 0.021875 0.054688
2 0.870313 0.966797 0.021875 0.054688
2 0.799219 0.964844 0.020313 0.050781
2 0.761719 0.962891 0.020313 0.050781
2 0.924219 0.644531 0.020313 0.054688
2 0.889844 0.642578 0.020313 0.054688
2 0.853125 0.640625 0.018750 0.054688
2 0.817969 0.637695 0.020313 0.052734
2 0.781250 0.635742 0.018750 0.052734
2 0.743750 0.633789 0.018750 0.056641
2 0.724219 0.960938 0.020313 0.054688
2 0.927344 0.591797 0.020313 0.050781
2 0.892969 0.587891 0.020313 0.054688
2 0.857031 0.585938 0.020313 0.054688
2 0.821094 0.584961 0.020313 0.056641
2 0.783594 0.581055 0.020313 0.056641
2 0.746094 0.579102 0.020313 0.056641
2 0.858594 0.532227 0.020313 0.052734
2 0.823438 0.529297 0.021875 0.054688
2 0.786719 0.526367 0.017188 0.056641
2 0.748437 0.521484 0.021875 0.054688
2 0.824219 0.474609 0.020313 0.054688
2 0.789062 0.470703 0.018750 0.050781
2 0.751563 0.467773 0.021875 0.056641
2 0.976562 0.461914 0.021875 0.052734
2 0.791406 0.415039 0.017188 0.056641
2 0.753125 0.412109 0.018750 0.054688
2 0.978906 0.408203 0.020313 0.054688
2 0.793750 0.360352 0.018750 0.052734
2 0.909375 0.359375 0.021875 0.054688
2 0.944531 0.389648 0.017188 0.052734
2 0.757031 0.356445 0.020313 0.056641
2 0.946094 0.335938 0.017188 0.054688
2 0.910156 0.304688 0.020313 0.054688
2 0.758594 0.302734 0.020313 0.054688
2 0.948438 0.281250 0.018750 0.054688
2 0.913281 0.251953 0.020313 0.054688
0 0.868437 0.249707 0.022500 0.055273
2 0.760938 0.248047 0.021875 0.054688
2 0.950000 0.228516 0.018750 0.054688
2 0.916406 0.197266 0.020313 0.054688
2 0.762500 0.193359 0.018750 0.054688
2 0.871094 0.193359 0.020313 0.054688
2 0.978125 0.916992 0.021875 0.052734
2 0.942969 0.917969 0.020313 0.054688
2 0.909375 0.916016 0.021875 0.054688
2 0.951562 0.173828 0.018750 0.054688
2 0.872656 0.914062 0.020313 0.054688
2 0.917969 0.142578 0.020313 0.054688
2 0.837500 0.913086 0.021875 0.056641
2 0.872656 0.140625 0.020313 0.054688
1 0.764844 0.139648 0.020313 0.056641
2 0.802344 0.912109 0.020313 0.058594
2 0.766406 0.911133 0.020313 0.052734
2 0.952344 0.120117 0.017188 0.052734
2 0.919531 0.088867 0.020313 0.052734
0 0.874219 0.086914 0.020313 0.052734
2 0.766406 0.083984 0.020313 0.054688
2 0.728125 0.907227 0.018750 0.052734
2 0.953906 0.067383 0.017188 0.052734
2 0.921875 0.036133 0.021875 0.052734
4 0.875000 0.033203 0.021875 0.054688
2 0.769531 0.032227 0.020313 0.052734
2 0.982031 0.864258 0.020313 0.052734
2 0.911719 0.864258 0.020313 0.056641
2 0.946875 0.862305 0.021875 0.056641
2 0.877344 0.861328 0.020313 0.054688
2 0.840625 0.858398 0.021875 0.052734
2 0.805469 0.857422 0.020313 0.054688
2 0.769531 0.856445 0.020313 0.056641
2 0.731250 0.853516 0.018750 0.054688
2 0.985938 0.812500 0.021875 0.054688
2 0.951562 0.809570 0.021875 0.056641
2 0.916406 0.808594 0.020313 0.054688
2 0.880469 0.806641 0.020313 0.054688
