2 0.402266 0.273633 0.061094 0.034766
3 0.179375 0.472656 0.060000 0.031250
3 0.240859 0.478906 0.062031 0.034375
2 0.277813 0.269043 0.063125 0.036133
2 0.030781 0.635547 0.057188 0.033594
2 0.036172 0.257129 0.062031 0.036523
2 0.145313 0.679004 0.062500 0.040430
3 0.491406 0.418164 0.057813 0.034766
2 0.067109 0.399219 0.062656 0.033594
1 0.128203 0.401270 0.059219 0.036914
3 0.430938 0.417773 0.063125 0.035547
3 0.306406 0.447754 0.062188 0.038086
3 0.367422 0.447266 0.065156 0.031250
3 0.463828 0.277930 0.062969 0.037891
2 0.155938 0.262988 0.060000 0.036523
3 0.154375 0.607520 0.063125 0.034961
2 0.060156 0.465430 0.060937 0.037891
2 0.186016 0.404492 0.059219 0.038672
3 0.211250 0.611426 0.061875 0.034961
3 0.271953 0.649414 0.062344 0.037109
2 0.124453 0.436719 0.060469 0.036719
3 0.429609 0.451074 0.062656 0.035352
2 0.330625 0.691992 0.063750 0.037891
3 0.092656 0.604785 0.061562 0.036523
3 0.246797 0.407129 0.062656 0.036914
3 0.366953 0.482812 0.062969 0.034375
2 0.184531 0.439746 0.062187 0.038477
3 0.370703 0.413281 0.058594 0.032813
2 0.331641 0.655273 0.061719 0.037109
2 0.207109 0.683203 0.061094 0.039844
3 0.273125 0.613086 0.063125 0.035547
2 0.395469 0.621094 0.059063 0.039062
3 0.427891 0.487109 0.062969 0.033594
3 0.309063 0.409961 0.063125 0.035547
2 0.268828 0.685937 0.062344 0.034375
2 0.096328 0.260254 0.060469 0.034180
3 0.517188 0.627734 0.062500 0.033594
3 0.515781 0.663477 0.062188 0.040234
3 0.303047 0.481934 0.062656 0.032227
3 0.513359 0.701074 0.060781 0.035352
2 0.394687 0.658398 0.060625 0.034766
2 0.454375 0.624316 0.063125 0.040430
2 0.454844 0.658301 0.062188 0.034961
3 0.334531 0.618457 0.062188 0.036523
3 0.243984 0.443457 0.065156 0.034961
3 0.453594 0.695020 0.061562 0.039648
3 0.489453 0.490723 0.061719 0.038086
3 0.489844 0.453906 0.060937 0.037500
2 0.027344 0.669922 0.054688 0.042969
3 0.393047 0.693555 0.060781 0.038672
2 0.062656 0.431641 0.062187 0.039062
3 0.150469 0.640234 0.061250 0.035937
2 0.032266 0.602441 0.060469 0.033398
2 0.085312 0.674023 0.060625 0.038672
3 0.209531 0.646875 0.062187 0.034375
0 0.464687 0.243359 0.061250 0.032812
2 0.120781 0.471289 0.061562 0.033984
3 0.217188 0.266211 0.062500 0.037891
2 0.339688 0.270996 0.061250 0.036133
2 0.058047 0.804883 0.058906 0.038672
2 0.088281 0.639160 0.060937 0.034180
2 0.402266 0.241699 0.061094 0.032227
2 0.342031 0.239063 0.059687 0.037500
2 0.053125 0.841406 0.059375 0.039844
2 0.386406 0.035840 0.061563 0.029883
2 0.157969 0.228613 0.059062 0.034961
2 0.262891 0.033984 0.061719 0.029687
0 0.104688 0.195801 0.062500 0.033789
2 0.168359 0.885547 0.060156 0.033594
2 0.479766 0.831836 0.062344 0.039453
2 0.039922 0.224805 0.057656 0.034766
3 0.413984 0.902734 0.062656 0.034375
3 0.345078 0.209375 0.062969 0.030469
2 0.417109 0.867871 0.062656 0.037695
2 0.026797 0.056836 0.052656 0.030859
2 0.108516 0.883691 0.061094 0.033398
2 0.229297 0.890918 0.060156 0.038477
3 0.221250 0.231836 0.063750 0.032422
3 0.538594 0.907617 0.060313 0.040234
3 0.084297 0.028320 0.059531 0.029297
2 0.199453 0.062402 0.060469 0.035352
2 0.099062 0.227441 0.061250 0.033398
2 0.322656 0.067578 0.060937 0.032813
3 0.444453 0.069336 0.061094 0.037109
2 0.081875 0.058594 0.058125 0.031250
1 0.465625 0.210840 0.062500 0.035352
3 0.142266 0.031934 0.056094 0.029883
1 0.177031 0.813867 0.061563 0.040234
2 0.164453 0.199316 0.058594 0.034961
2 0.113047 0.848926 0.058281 0.040430
3 0.476406 0.906543 0.062812 0.038477
3 0.446719 0.037207 0.059687 0.031055
3 0.358906 0.824512 0.057187 0.038477
2 0.261719 0.064941 0.064062 0.033789
2 0.404453 0.213281 0.059844 0.034375
3 0.297500 0.821387 0.061250 0.040820
2 0.049453 0.876270 0.060469 0.036523
2 0.294609 0.858398 0.060781 0.037109
2 0.042344 0.194727 0.059062 0.032422
3 0.202109 0.030566 0.064531 0.028711
2 0.325937 0.035156 0.060625 0.031250
2 0.354609 0.864844 0.062656 0.039844
2 0.117813 0.809570 0.058125 0.041016
2 0.234063 0.855566 0.060000 0.038867
3 0.541406 0.833203 0.060937 0.036719
3 0.281172 0.234961 0.062656 0.037891
2 0.173594 0.851562 0.062187 0.039062
2 0.236641 0.817090 0.057969 0.037695
3 0.383984 0.066504 0.060156 0.034961
2 0.291953 0.896582 0.059844 0.034961
3 0.223516 0.201270 0.059219 0.031055
3 0.284141 0.204590 0.066094 0.032227
3 0.539687 0.870508 0.061250 0.036328
2 0.141016 0.060547 0.058594 0.026953
2 0.353203 0.900000 0.062344 0.028125
2 0.418516 0.830762 0.059844 0.037695
2 0.478359 0.869043 0.062031 0.035352
