2 0.077031 0.758105 0.060312 0.030664
2 0.189609 0.755273 0.060469 0.032422
2 0.130547 0.755176 0.061094 0.032617
2 0.249219 0.753516 0.060937 0.032031
2 0.306953 0.751074 0.060781 0.033008
2 0.366953 0.748340 0.062031 0.034570
2 0.426172 0.745313 0.061719 0.032813
0 0.488203 0.744629 0.060781 0.034180
0 0.547422 0.741504 0.060469 0.032617
0 0.607109 0.739453 0.061094 0.036719
2 0.666563 0.734375 0.058125 0.035156
2 0.727266 0.732129 0.060781 0.031836
2 0.787188 0.728809 0.058750 0.034570
0 0.847422 0.727832 0.060469 0.032617
2 0.071094 0.727441 0.060937 0.033398
2 0.127969 0.724121 0.062187 0.032227
2 0.187344 0.723145 0.062188 0.030273
2 0.246406 0.722559 0.061563 0.031445
2 0.906641 0.722559 0.060156 0.031445
0 0.967109 0.719727 0.062344 0.033203
2 0.304141 0.720410 0.061406 0.031836
2 0.365313 0.715137 0.061875 0.030664
2 0.423516 0.713281 0.062656 0.030469
2 0.485234 0.711230 0.061094 0.034570
1 0.546016 0.707910 0.060781 0.033398
2 0.606797 0.705762 0.060469 0.029883
2 0.666172 0.701074 0.060469 0.035352
2 0.727500 0.698242 0.061250 0.033203
2 0.066016 0.695703 0.057031 0.030469
2 0.124453 0.694141 0.061406 0.029687
2 0.787500 0.694043 0.059375 0.033789
2 0.848672 0.692676 0.059844 0.032617
1 0.182109 0.690625 0.061094 0.032813
2 0.907656 0.689160 0.059062 0.031836
2 0.242656 0.688770 0.060312 0.032617
2 0.968203 0.688379 0.061406 0.029492
2 0.301875 0.685937 0.063125 0.034375
2 0.362266 0.683984 0.062031 0.030469
2 0.422734 0.681836 0.061094 0.034766
2 0.483906 0.676953 0.061562 0.032813
2 0.544844 0.673535 0.061562 0.035742
2 0.606094 0.671973 0.062188 0.034961
2 0.666484 0.667480 0.061094 0.032227
2 0.727656 0.666406 0.061562 0.030469
2 0.788594 0.662500 0.061562 0.030469
2 0.848437 0.661328 0.059375 0.032813
2 0.909531 0.659277 0.062813 0.029102
2 0.970313 0.656250 0.059375 0.035156
2 0.042734 0.567187 0.057344 0.033594
0 0.100703 0.563281 0.057656 0.033594
2 0.156016 0.559863 0.058906 0.032617
2 0.217266 0.558789 0.059531 0.034766
2 0.275625 0.554980 0.060625 0.034570
1 0.335391 0.552246 0.061406 0.036133
2 0.174297 0.954590 0.061094 0.032227
2 0.394531 0.547852 0.060937 0.037109
2 0.453906 0.545410 0.060937 0.034180
2 0.514531 0.544629 0.060313 0.031836
0 0.574297 0.539355 0.061094 0.034570
0 0.634141 0.536523 0.062031 0.036328
0 0.695859 0.536035 0.060469 0.037305
1 0.037812 0.533496 0.060000 0.034570
2 0.096953 0.532227 0.059531 0.029297
2 0.231641 0.952148 0.060156 0.029297
2 0.289219 0.951758 0.059687 0.026172
2 0.755391 0.529980 0.060781 0.033789
2 0.152656 0.530566 0.058438 0.028711
2 0.212969 0.527539 0.060312 0.030859
2 0.816719 0.526465 0.061562 0.036914
0 0.877656 0.522559 0.061562 0.036914
2 0.935078 0.523340 0.060781 0.035352
2 0.273125 0.522852 0.061875 0.032422
1 0.333594 0.518262 0.060937 0.033789
2 0.391172 0.515723 0.063594 0.031055
2 0.348359 0.950684 0.059219 0.028320
0 0.513203 0.511719 0.060781 0.035156
0 0.454219 0.510645 0.061562 0.037305
0 0.573047 0.505957 0.061719 0.034961
2 0.635547 0.500781 0.061719 0.033594
2 0.033125 0.499902 0.060000 0.031445
2 0.694922 0.499512 0.061719 0.036133
2 0.091797 0.499512 0.058594 0.036133
1 0.150313 0.496777 0.056875 0.037695
2 0.755703 0.495508 0.061406 0.036328
0 0.209844 0.491895 0.060312 0.035742
2 0.816641 0.491699 0.061406 0.032227
2 0.877500 0.489063 0.061250 0.029687
2 0.269766 0.489355 0.064531 0.036914
0 0.935625 0.487793 0.058750 0.036133
0 0.328984 0.484473 0.061094 0.038867
2 0.389688 0.479687 0.063750 0.040625
2 0.450625 0.476172 0.063750 0.035938
2 0.513047 0.474805 0.063594 0.038672
2 0.408203 0.947461 0.060156 0.030859
2 0.573203 0.471484 0.062031 0.037500
2 0.633906 0.466211 0.061562 0.036328
2 0.695312 0.463184 0.062500 0.034570
2 0.756484 0.458105 0.062969 0.036914
0 0.815859 0.458594 0.062969 0.035938
0 0.877656 0.455371 0.061562 0.038477
2 0.467578 0.944141 0.060156 0.029687
2 0.527187 0.944043 0.060625 0.029883
2 0.937734 0.453418 0.062969 0.038477
2 0.587969 0.940234 0.060313 0.029687
2 0.646406 0.938672 0.061562 0.028906
2 0.065000 0.361230 0.061250 0.035352
2 0.120859 0.359473 0.060469 0.034961
2 0.706875 0.933398 0.060625 0.031641
2 0.181172 0.354492 0.062344 0.033203
2 0.239063 0.350977 0.059375 0.036328
2 0.297422 0.348535 0.060469 0.037305
0 0.358047 0.346289 0.059844 0.037891
0 0.417031 0.345215 0.062188 0.040039
2 0.478047 0.340625 0.059219 0.033594
2 0.538359 0.337598 0.061094 0.035742
1 0.601094 0.333301 0.061562 0.036523
1 0.660391 0.330371 0.061406 0.038477
2 0.061094 0.327734 0.059688 0.032031
2 0.118594 0.323633 0.062187 0.032422
2 0.721797 0.323535 0.059219 0.036523
2 0.177500 0.321973 0.061250 0.031836
2 0.780312 0.323145 0.060625 0.037305
2 0.900313 0.319238 0.060000 0.037305
2 0.841016 0.319629 0.060156 0.036523
2 0.767188 0.930273 0.059375 0.030078
2 0.237578 0.315332 0.062656 0.033398
0 0.960078 0.315820 0.060781 0.036328
2 0.297187 0.314746 0.063125 0.034570
2 0.356484 0.310352 0.062969 0.035547
2 0.416406 0.307227 0.060937 0.037891
2 0.477656 0.304004 0.061562 0.036523
2 0.537969 0.300586 0.060313 0.039453
2 0.599375 0.295703 0.061250 0.041406
2 0.659609 0.294141 0.059844 0.040625
0 0.057813 0.294824 0.059375 0.035352
2 0.115234 0.289551 0.061719 0.034180
2 0.720234 0.287988 0.062344 0.033398
2 0.174531 0.286914 0.061563 0.035547
2 0.781328 0.284473 0.059531 0.036523
2 0.840938 0.282129 0.060000 0.036914
2 0.233203 0.281836 0.063281 0.033984
2 0.901953 0.280469 0.060156 0.036719
2 0.293906 0.279590 0.062812 0.034570
2 0.962109 0.279102 0.061719 0.035547
2 0.827109 0.926758 0.060469 0.029297
2 0.353594 0.275781 0.063437 0.038281
2 0.413438 0.268848 0.061250 0.036523
2 0.475859 0.265430 0.061094 0.039453
2 0.537109 0.261621 0.061719 0.035352
2 0.598281 0.258105 0.062188 0.034570
2 0.228828 0.925781 0.060781 0.027344
2 0.170625 0.924609 0.060000 0.025781
2 0.887031 0.924707 0.061562 0.029492
0 0.286953 0.924512 0.061406 0.029883
2 0.660000 0.256543 0.060625 0.033789
2 0.719609 0.252832 0.061094 0.033398
2 0.782422 0.248828 0.061719 0.033594
2 0.842891 0.246680 0.060781 0.033984
2 0.902734 0.245020 0.058594 0.037305
0 0.962500 0.242383 0.062500 0.038672
0 0.346484 0.922266 0.061719 0.030469
2 0.946250 0.919141 0.061250 0.028906
2 0.407109 0.917969 0.061094 0.031250
2 0.029141 0.164453 0.058281 0.034375
2 0.088828 0.160449 0.058906 0.034570
2 0.465938 0.915625 0.060000 0.028125
2 0.525859 0.916309 0.061094 0.026758
2 0.586250 0.915234 0.060000 0.025000
2 0.146562 0.158105 0.058750 0.031445
0 0.203984 0.153320 0.057969 0.037500
2 0.263437 0.150977 0.058125 0.045703
2 0.322109 0.147949 0.059844 0.043555
0 0.381562 0.141113 0.060000 0.034180
2 0.442422 0.137207 0.059844 0.033789
2 0.501719 0.134473 0.059687 0.035742
0 0.561953 0.133105 0.061406 0.038477
1 0.622266 0.128906 0.060156 0.039062
2 0.028359 0.127344 0.056719 0.038281
1 0.683359 0.126562 0.060469 0.039844
2 0.085625 0.127441 0.058750 0.034180
2 0.743047 0.122363 0.061094 0.036523
2 0.802344 0.121094 0.060937 0.039062
4 0.142734 0.121191 0.057344 0.039258
0 0.861484 0.120215 0.060469 0.040820
2 0.201406 0.116406 0.059063 0.036719
2 0.920312 0.115820 0.062500 0.037891
2 0.261328 0.110742 0.060156 0.036328
2 0.319844 0.107715 0.061563 0.038477
2 0.380156 0.106055 0.060313 0.033984
2 0.441641 0.104297 0.061406 0.033594
2 0.647188 0.909668 0.060000 0.028320
2 0.501641 0.098730 0.059531 0.036914
2 0.561172 0.096484 0.059844 0.033594
2 0.621328 0.094043 0.061406 0.034570
2 0.027813 0.091211 0.055625 0.036328
1 0.081719 0.088867 0.060312 0.037500
2 0.682422 0.089355 0.061719 0.036133
2 0.742969 0.087012 0.060937 0.036914
2 0.802500 0.083008 0.061250 0.033203
2 0.140547 0.082715 0.059219 0.037695
2 0.862969 0.081348 0.060313 0.036523
0 0.199297 0.079492 0.057969 0.040234
2 0.922422 0.078223 0.060469 0.034961
0 0.259609 0.075391 0.059844 0.040625
2 0.319531 0.070898 0.060937 0.037891
2 0.440547 0.069629 0.059219 0.036523
2 0.380391 0.068652 0.060781 0.038477
2 0.499844 0.061523 0.062188 0.037500
0 0.561328 0.058691 0.060156 0.042773
2 0.620703 0.056445 0.063281 0.039453
2 0.682344 0.053711 0.061562 0.037109
2 0.743047 0.049219 0.061094 0.038281
2 0.804141 0.048340 0.061406 0.036133
2 0.863906 0.045215 0.062187 0.038477
2 0.706953 0.903418 0.060781 0.029102
2 0.922656 0.041992 0.060937 0.037109
2 0.768047 0.902051 0.061094 0.027930
2 0.828438 0.898828 0.060000 0.026563
2 0.167187 0.897363 0.059375 0.029492
2 0.887578 0.895312 0.062656 0.025781
1 0.224531 0.894824 0.061563 0.030664
2 0.283750 0.894238 0.061250 0.031836
2 0.948047 0.892871 0.061719 0.026758
2 0.344609 0.892773 0.061094 0.030859
2 0.404453 0.888867 0.062031 0.030859
2 0.525703 0.886523 0.060781 0.031641
2 0.465078 0.886035 0.061406 0.032617
2 0.585313 0.885352 0.061250 0.030078
2 0.646406 0.881934 0.061562 0.029102
2 0.707188 0.874609 0.061250 0.032031
2 0.768672 0.871875 0.062344 0.033594
2 0.829922 0.870801 0.059844 0.031836
2 0.888828 0.867969 0.062031 0.029687
2 0.949609 0.863379 0.061719 0.031055
