2 0.726250 0.478125 0.058750 0.032031
2 0.182812 0.478418 0.056250 0.035352
2 0.666953 0.483398 0.058906 0.033203
2 0.124531 0.483984 0.055313 0.035938
0 0.606094 0.487598 0.059063 0.032617
2 0.066562 0.490430 0.055000 0.038672
2 0.760000 0.649609 0.060625 0.032813
2 0.545391 0.491797 0.059531 0.032031
2 0.698906 0.653906 0.060313 0.032031
2 0.638594 0.656641 0.058437 0.034375
2 0.395156 0.670020 0.059063 0.034961
0 0.879297 0.673047 0.058594 0.032813
2 0.335625 0.674707 0.055625 0.033398
2 0.576172 0.660156 0.058594 0.035156
2 0.938828 0.670215 0.058906 0.030664
2 0.517109 0.664160 0.059219 0.034961
2 0.456641 0.668164 0.057031 0.034766
2 0.484375 0.493555 0.059375 0.032422
2 0.127891 0.519238 0.055781 0.031836
2 0.190078 0.546973 0.055156 0.034961
0 0.820156 0.646777 0.059062 0.034570
2 0.131953 0.550879 0.054531 0.034961
2 0.879844 0.640625 0.059688 0.035156
0 0.075703 0.556250 0.054531 0.032031
2 0.941250 0.636816 0.060625 0.034961
2 0.605938 0.520508 0.058750 0.029297
1 0.367891 0.533984 0.057656 0.033594
2 0.307891 0.536133 0.056406 0.033203
2 0.249141 0.544238 0.057656 0.032617
2 0.070312 0.524609 0.053125 0.032813
2 0.426719 0.529395 0.056562 0.034961
2 0.546953 0.525586 0.059531 0.030859
2 0.486328 0.526953 0.060156 0.032031
2 0.965938 0.496680 0.056875 0.030078
2 0.846484 0.505078 0.058594 0.032813
2 0.186563 0.511816 0.054375 0.034961
2 0.666563 0.517285 0.058125 0.031836
2 0.305469 0.507422 0.057813 0.032031
2 0.727656 0.511719 0.058437 0.031250
2 0.786172 0.508301 0.059844 0.030273
1 0.244609 0.510645 0.057969 0.033398
2 0.424141 0.498340 0.057656 0.030664
2 0.907266 0.502051 0.058281 0.031055
2 0.363906 0.502246 0.059063 0.030664
2 0.563906 0.924219 0.059063 0.034375
2 0.420156 0.260254 0.059063 0.034180
2 0.328437 0.936133 0.056875 0.033984
2 0.301563 0.471680 0.056250 0.037109
2 0.847109 0.472754 0.059844 0.031445
2 0.096719 0.946289 0.052812 0.029297
0 0.242344 0.478320 0.056562 0.035547
2 0.041328 0.946094 0.051406 0.029687
2 0.787500 0.476660 0.059375 0.031445
2 0.269609 0.938086 0.057969 0.033984
2 0.604844 0.453125 0.059687 0.035156
2 0.361172 0.467871 0.059844 0.036914
2 0.906875 0.468164 0.057500 0.032422
2 0.544844 0.456836 0.061562 0.035547
0 0.422969 0.466016 0.058437 0.036719
2 0.483359 0.463281 0.060469 0.034375
2 0.966875 0.464453 0.055625 0.032031
2 0.210391 0.942285 0.058281 0.033398
2 0.787578 0.442578 0.059531 0.036719
2 0.726641 0.444238 0.059531 0.033398
2 0.665391 0.449707 0.058906 0.034180
2 0.967031 0.431055 0.055937 0.032422
2 0.846953 0.438184 0.059531 0.033789
2 0.153984 0.942676 0.057969 0.032617
2 0.907188 0.436523 0.058125 0.033203
2 0.964141 0.259668 0.059531 0.035352
0 0.843984 0.298730 0.059844 0.035352
0 0.423516 0.328320 0.059531 0.034766
2 0.385625 0.935547 0.058750 0.031250
2 0.365000 0.330664 0.058125 0.033984
2 0.446172 0.934082 0.057969 0.030273
2 0.305547 0.336328 0.057969 0.030469
0 0.247812 0.339844 0.058125 0.031250
2 0.301563 0.301660 0.059375 0.033398
2 0.604375 0.315430 0.058750 0.033203
0 0.544219 0.319336 0.060313 0.033203
0 0.484609 0.320801 0.056719 0.034180
2 0.784922 0.303906 0.060469 0.036719
0 0.665391 0.310742 0.058906 0.038672
2 0.723984 0.306348 0.060469 0.039648
2 0.242344 0.308496 0.059687 0.035352
2 0.903984 0.261230 0.061094 0.036133
2 0.543438 0.287109 0.061875 0.031250
2 0.504766 0.929395 0.059531 0.035742
2 0.360703 0.297266 0.058906 0.034375
2 0.481719 0.289746 0.060313 0.033789
0 0.904453 0.295996 0.058906 0.033008
1 0.965234 0.295410 0.058594 0.034180
0 0.422344 0.295605 0.060313 0.033789
0 0.844922 0.263867 0.058594 0.034766
2 0.237812 0.273535 0.060000 0.034961
2 0.664219 0.276855 0.059687 0.032227
2 0.604219 0.282715 0.061562 0.032227
2 0.357969 0.264160 0.059687 0.034180
2 0.725000 0.272266 0.059375 0.033594
2 0.785000 0.267969 0.060625 0.034375
2 0.299375 0.268945 0.058125 0.036328
2 0.093125 0.918457 0.055000 0.030273
2 0.662891 0.242383 0.060156 0.038672
2 0.602656 0.248730 0.061562 0.033789
2 0.540859 0.252930 0.059844 0.037109
2 0.479922 0.256348 0.059844 0.034180
2 0.035937 0.918262 0.053125 0.030664
2 0.845469 0.230176 0.059688 0.035742
2 0.784766 0.234277 0.060156 0.035352
2 0.723984 0.239355 0.060469 0.036914
2 0.683203 0.919043 0.060156 0.033008
2 0.907031 0.226074 0.060937 0.035742
2 0.624297 0.920996 0.057969 0.033008
2 0.966172 0.225977 0.060469 0.036328
2 0.763047 0.063672 0.060469 0.036719
2 0.705000 0.104395 0.060000 0.037305
2 0.148750 0.913184 0.056875 0.033008
2 0.742422 0.914648 0.059844 0.033984
2 0.643594 0.108984 0.059063 0.035937
2 0.207734 0.912598 0.056094 0.030273
4 0.583828 0.112500 0.058281 0.036719
1 0.802812 0.911230 0.058750 0.033008
2 0.703281 0.067480 0.059687 0.036914
2 0.885781 0.095117 0.059062 0.036328
2 0.825000 0.097070 0.059375 0.036328
2 0.764453 0.099707 0.060156 0.034961
2 0.642734 0.071387 0.060469 0.036914
2 0.943516 0.089648 0.058906 0.035547
2 0.582031 0.076270 0.057813 0.034961
2 0.266719 0.907520 0.055313 0.032617
2 0.703281 0.033594 0.059687 0.034375
2 0.641719 0.036719 0.061562 0.035937
2 0.937656 0.703223 0.059688 0.034961
2 0.397344 0.702930 0.057188 0.031641
0 0.879297 0.705664 0.058594 0.033984
2 0.109219 0.749316 0.052812 0.032617
0 0.338984 0.706348 0.056094 0.032617
2 0.277656 0.709570 0.055313 0.033984
2 0.519922 0.727051 0.058594 0.030273
2 0.225781 0.743945 0.054688 0.031641
2 0.166563 0.747949 0.055000 0.035352
1 0.461016 0.730273 0.056406 0.031641
0 0.282578 0.738867 0.055781 0.033984
0 0.401875 0.734180 0.056875 0.031641
2 0.341250 0.737500 0.057500 0.028906
2 0.819219 0.710645 0.060313 0.035742
2 0.105313 0.718359 0.051250 0.032031
2 0.640391 0.719141 0.058906 0.034375
1 0.578984 0.722656 0.057969 0.031250
2 0.220859 0.712207 0.054219 0.032617
2 0.698359 0.717187 0.059219 0.034375
0 0.759609 0.714551 0.059844 0.035742
2 0.161484 0.717383 0.054219 0.033984
2 0.581406 0.040430 0.059687 0.036328
2 0.922578 0.903223 0.057656 0.033398
2 0.945859 0.053613 0.060469 0.037305
2 0.885938 0.057715 0.059375 0.036914
2 0.275312 0.677832 0.056875 0.034961
0 0.518750 0.696484 0.059375 0.032813
2 0.457656 0.701465 0.055938 0.030664
0 0.819141 0.678516 0.060156 0.033594
2 0.100000 0.688574 0.053125 0.033008
2 0.638984 0.688379 0.059219 0.033398
2 0.578437 0.691699 0.056875 0.030664
2 0.759844 0.681055 0.060313 0.032422
2 0.700078 0.683887 0.059531 0.030664
2 0.217109 0.682031 0.056094 0.034375
2 0.157344 0.684180 0.055313 0.033984
0 0.825313 0.060937 0.060000 0.038281
2 0.382500 0.905371 0.058750 0.033008
2 0.861016 0.905469 0.059531 0.036719
2 0.324063 0.907227 0.057500 0.029297
1 0.975781 0.898438 0.048438 0.035156
2 0.946094 0.017969 0.060937 0.034375
2 0.884922 0.020410 0.060469 0.037305
2 0.825000 0.023340 0.059375 0.035352
1 0.443516 0.900195 0.055781 0.031641
2 0.764609 0.027441 0.060469 0.034961
2 0.864297 0.876270 0.059844 0.032617
2 0.682656 0.888477 0.059063 0.031641
2 0.623281 0.892383 0.059063 0.031641
2 0.562734 0.893164 0.059844 0.033984
2 0.502734 0.896973 0.061719 0.030273
2 0.322109 0.875879 0.059844 0.033398
2 0.145937 0.884570 0.060625 0.031641
2 0.086719 0.884863 0.054688 0.034961
2 0.030000 0.888379 0.050625 0.035742
2 0.262031 0.879980 0.055313 0.033008
2 0.742578 0.884766 0.060156 0.031250
2 0.803516 0.881738 0.060156 0.033398
2 0.203906 0.882617 0.054688 0.031641
2 0.682500 0.858008 0.058750 0.033984
2 0.923125 0.874121 0.058750 0.033008
2 0.381250 0.875098 0.059375 0.034961
2 0.621875 0.861719 0.059375 0.034375
2 0.441328 0.868457 0.057656 0.032617
2 0.562578 0.863574 0.059531 0.030664
2 0.500625 0.864160 0.060625 0.033398
2 0.864141 0.846289 0.059531 0.033984
2 0.804766 0.849707 0.059531 0.034961
2 0.743594 0.853418 0.059063 0.035352
2 0.924063 0.842676 0.060625 0.033398
