2 0.079063 0.739258 0.061250 0.037109
2 0.139844 0.735547 0.060937 0.036719
2 0.199375 0.730859 0.061250 0.038281
2 0.260625 0.728027 0.061875 0.036133
2 0.322734 0.725586 0.061094 0.037109
2 0.384063 0.722852 0.061875 0.038672
2 0.445000 0.717383 0.061875 0.041797
2 0.507734 0.712891 0.062344 0.042969
2 0.568281 0.709570 0.061562 0.041797
2 0.630312 0.707227 0.060625 0.038672
2 0.690156 0.704980 0.061562 0.039258
2 0.752188 0.702832 0.060625 0.039648
1 0.079531 0.701270 0.059062 0.034961
2 0.139766 0.698730 0.060781 0.036133
2 0.813672 0.698047 0.061719 0.037500
2 0.200703 0.696289 0.060781 0.033203
2 0.442891 0.443262 0.060781 0.034961
2 0.502656 0.439746 0.061562 0.034570
2 0.564453 0.435352 0.060156 0.035547
2 0.062031 0.942285 0.061562 0.045117
2 0.122188 0.941699 0.060000 0.038477
0 0.624375 0.432617 0.061250 0.033203
2 0.684766 0.428516 0.060156 0.033594
0 0.745469 0.427344 0.059687 0.035938
2 0.805234 0.422363 0.060469 0.034180
0 0.865703 0.417969 0.059531 0.035156
2 0.181094 0.938672 0.062188 0.040625
2 0.924063 0.413672 0.060625 0.032031
2 0.242109 0.935645 0.059219 0.038867
2 0.304219 0.933691 0.061563 0.038867
3 0.073750 0.321582 0.066250 0.040430
3 0.138516 0.319629 0.067656 0.040430
3 0.197344 0.316992 0.060312 0.037891
2 0.366172 0.929297 0.060469 0.039844
2 0.256250 0.313965 0.062500 0.036133
2 0.318516 0.309668 0.062031 0.036914
2 0.380859 0.305957 0.061719 0.036523
2 0.441953 0.301855 0.062031 0.036914
2 0.504766 0.299219 0.062656 0.038281
2 0.565937 0.294727 0.063125 0.035547
2 0.628125 0.294043 0.062500 0.036914
2 0.688438 0.288184 0.061250 0.036914
2 0.749844 0.286816 0.062188 0.035742
3 0.075313 0.284863 0.066250 0.039648
2 0.811172 0.282910 0.062969 0.035742
3 0.138672 0.281543 0.064844 0.042383
3 0.198203 0.280762 0.062031 0.040039
2 0.869219 0.280762 0.063438 0.036133
3 0.259141 0.279492 0.062031 0.034766
2 0.931172 0.279492 0.062344 0.034766
2 0.425625 0.927051 0.060625 0.040430
2 0.319531 0.276270 0.060937 0.033398
2 0.380859 0.272852 0.061719 0.032422
2 0.441641 0.269336 0.061406 0.031641
2 0.502891 0.265234 0.062031 0.032031
2 0.563984 0.262598 0.062344 0.033398
2 0.625000 0.259375 0.062500 0.032031
2 0.687031 0.254688 0.061562 0.033594
2 0.746719 0.253223 0.062188 0.032617
2 0.808437 0.249805 0.063750 0.031641
2 0.866016 0.247070 0.063281 0.033203
3 0.201094 0.246777 0.061563 0.033789
1 0.259141 0.246289 0.062031 0.034766
2 0.926328 0.245020 0.062031 0.033398
3 0.320078 0.242383 0.062031 0.034766
3 0.380703 0.240234 0.061406 0.035156
2 0.488594 0.922363 0.061562 0.041992
2 0.441797 0.238281 0.061719 0.035156
2 0.502500 0.234570 0.061250 0.034766
2 0.561719 0.229980 0.060937 0.036133
2 0.622891 0.228125 0.061406 0.032031
2 0.682500 0.225195 0.061875 0.033984
2 0.743672 0.222266 0.062344 0.032031
2 0.805391 0.220801 0.063906 0.031055
2 0.863984 0.217676 0.062344 0.033398
2 0.923594 0.214062 0.062813 0.032812
2 0.549219 0.918262 0.060937 0.042383
2 0.610000 0.917480 0.060625 0.040039
2 0.672187 0.912402 0.060000 0.038477
3 0.190156 0.110645 0.061563 0.036523
3 0.251016 0.107520 0.064531 0.034961
2 0.485625 0.853418 0.061875 0.039258
1 0.545625 0.848340 0.060000 0.037695
1 0.606563 0.843457 0.060000 0.035742
0 0.666406 0.838574 0.060937 0.037695
2 0.727344 0.835059 0.060937 0.040820
0 0.786094 0.831836 0.059688 0.039453
2 0.845859 0.828418 0.060469 0.038477
2 0.904844 0.824219 0.059688 0.039062
2 0.963359 0.819141 0.061094 0.037500
2 0.872891 0.693262 0.061406 0.039258
2 0.261484 0.693652 0.060469 0.034570
2 0.933516 0.692187 0.060781 0.037500
2 0.322656 0.688965 0.060937 0.036133
2 0.383906 0.685840 0.061562 0.034570
2 0.444766 0.680859 0.061406 0.032813
2 0.505703 0.679102 0.061406 0.032422
2 0.567266 0.675391 0.062656 0.032031
2 0.629219 0.672363 0.061562 0.034180
2 0.689375 0.671289 0.063125 0.032422
2 0.749609 0.667188 0.061719 0.032813
1 0.081406 0.665723 0.059688 0.035742
2 0.810547 0.663086 0.061719 0.033203
2 0.141484 0.663086 0.061094 0.037109
2 0.200937 0.661133 0.061250 0.037109
2 0.869766 0.660254 0.061406 0.034961
2 0.262344 0.658398 0.062188 0.038672
2 0.929141 0.655469 0.061406 0.036719
0 0.322578 0.655273 0.060781 0.037109
0 0.382578 0.651563 0.062031 0.036719
2 0.444688 0.649414 0.061250 0.037109
2 0.504766 0.645996 0.062656 0.036133
4 0.563828 0.643164 0.062031 0.037891
2 0.625625 0.637891 0.060625 0.036719
2 0.686719 0.635742 0.060937 0.037109
2 0.747500 0.631836 0.060625 0.037109
2 0.807109 0.629687 0.061094 0.037500
2 0.865469 0.624512 0.059062 0.040039
2 0.924609 0.621875 0.061719 0.037500
2 0.075234 0.531934 0.059844 0.037695
2 0.138281 0.529785 0.060937 0.038086
2 0.199063 0.527344 0.060625 0.035156
2 0.259375 0.522754 0.062500 0.036523
2 0.320937 0.519336 0.060625 0.035547
2 0.382344 0.516602 0.061562 0.037109
2 0.444453 0.512695 0.060781 0.037109
2 0.506953 0.507324 0.060781 0.036133
2 0.568047 0.503711 0.061094 0.035547
2 0.078359 0.497656 0.059844 0.032031
2 0.629922 0.498242 0.059844 0.042578
2 0.690078 0.496289 0.061406 0.038672
3 0.137813 0.493652 0.060000 0.036133
0 0.751797 0.494336 0.059844 0.034766
2 0.812813 0.492285 0.060000 0.034961
3 0.200469 0.491699 0.060312 0.036133
3 0.260469 0.488281 0.061563 0.035156
0 0.872344 0.487793 0.060313 0.036133
2 0.320781 0.484863 0.060312 0.038086
0 0.931250 0.483105 0.059375 0.037695
2 0.382188 0.480371 0.061250 0.034961
2 0.443047 0.479004 0.061094 0.034180
2 0.504063 0.473633 0.061250 0.033203
0 0.566484 0.469922 0.061094 0.032813
1 0.625938 0.464648 0.061250 0.031641
3 0.079766 0.462988 0.059531 0.035352
0 0.687734 0.459766 0.059844 0.033594
3 0.138750 0.459082 0.061875 0.035352
2 0.749141 0.460059 0.060781 0.033398
0 0.808594 0.457129 0.060937 0.034961
3 0.199844 0.454004 0.062188 0.037305
3 0.260625 0.453809 0.061875 0.037695
2 0.868125 0.451953 0.061250 0.033594
2 0.321016 0.448145 0.060781 0.037305
0 0.928281 0.448047 0.059688 0.033594
2 0.381953 0.445215 0.060781 0.035352
2 0.312266 0.102148 0.062031 0.033984
2 0.372656 0.098730 0.060937 0.033008
3 0.435625 0.096094 0.061875 0.034375
3 0.497734 0.092188 0.061094 0.034375
2 0.559297 0.089063 0.062344 0.036719
2 0.618281 0.086133 0.061562 0.034766
3 0.742734 0.085938 0.066719 0.039062
2 0.681641 0.083301 0.063281 0.032617
2 0.732031 0.908008 0.060937 0.039453
2 0.862500 0.079297 0.062500 0.036719
2 0.803516 0.077734 0.060156 0.035937
3 0.132969 0.076758 0.062813 0.033984
3 0.192656 0.075586 0.060312 0.032422
2 0.922422 0.075391 0.066719 0.036719
3 0.251328 0.075098 0.062031 0.033398
2 0.313594 0.070898 0.061563 0.033984
3 0.373516 0.068848 0.062656 0.030273
3 0.435625 0.064551 0.061875 0.031055
2 0.062187 0.905371 0.061875 0.036914
2 0.122344 0.905176 0.060312 0.037305
2 0.791719 0.905371 0.058437 0.040820
3 0.496328 0.059473 0.061406 0.033398
2 0.555859 0.058301 0.061719 0.031836
2 0.618281 0.054590 0.061562 0.031445
3 0.680391 0.052637 0.063906 0.031445
3 0.741563 0.051953 0.064375 0.036719
3 0.799687 0.049609 0.061875 0.037500
3 0.193750 0.045508 0.059375 0.033984
2 0.859375 0.044434 0.065625 0.032227
3 0.133281 0.043652 0.060312 0.037695
2 0.252656 0.044043 0.061563 0.033008
2 0.918125 0.044043 0.064375 0.033008
2 0.312969 0.039648 0.060312 0.033984
3 0.373359 0.037988 0.062344 0.033398
3 0.434844 0.033203 0.060313 0.035156
3 0.495781 0.029785 0.060313 0.030273
2 0.555156 0.027832 0.060313 0.030273
3 0.616016 0.024512 0.063281 0.033008
2 0.181719 0.901367 0.060312 0.033203
2 0.853047 0.901563 0.062344 0.036719
3 0.798438 0.016699 0.062500 0.033008
2 0.856250 0.014746 0.062500 0.029102
3 0.914062 0.014746 0.062500 0.029102
2 0.242656 0.901074 0.060312 0.037695
2 0.303906 0.895996 0.060937 0.036133
2 0.911484 0.895996 0.060469 0.036133
2 0.364297 0.892578 0.059844 0.035156
2 0.970000 0.891602 0.058750 0.037109
2 0.425469 0.890332 0.060313 0.035742
2 0.487344 0.887891 0.062188 0.032813
0 0.547187 0.884473 0.060000 0.035742
2 0.608594 0.877832 0.060937 0.037305
2 0.669375 0.875684 0.060625 0.037695
2 0.064844 0.872266 0.060937 0.040625
2 0.729609 0.871777 0.059219 0.037695
2 0.123516 0.869238 0.059531 0.038867
2 0.790156 0.868359 0.061562 0.036719
2 0.183594 0.866309 0.060937 0.036914
2 0.242656 0.864355 0.060312 0.036914
2 0.849531 0.864746 0.061562 0.036133
2 0.303750 0.861426 0.060625 0.038867
2 0.909297 0.861328 0.062344 0.039062
2 0.364531 0.857910 0.060312 0.038086
2 0.966719 0.857227 0.061562 0.039453
2 0.424531 0.854980 0.061562 0.040039
