2 0.095469 0.248145 0.053438 0.027539
2 0.152891 0.249414 0.055781 0.033984
2 0.210703 0.253613 0.055781 0.034570
2 0.269766 0.256738 0.055156 0.033008
2 0.327031 0.259570 0.057187 0.034766
2 0.388203 0.262988 0.054531 0.033789
2 0.447109 0.264746 0.056719 0.033398
0 0.508984 0.268066 0.058594 0.032227
0 0.566719 0.270605 0.058437 0.033398
2 0.628281 0.272559 0.059687 0.033398
0 0.687656 0.276758 0.059687 0.033984
2 0.089844 0.279492 0.054688 0.031641
2 0.147187 0.282227 0.053750 0.033203
2 0.747109 0.282324 0.059844 0.033398
2 0.206250 0.284473 0.053125 0.033789
2 0.264453 0.285449 0.053906 0.027930
2 0.807344 0.286523 0.058437 0.033984
0 0.867891 0.288770 0.060781 0.034570
2 0.398984 0.536328 0.060469 0.033594
2 0.458281 0.538379 0.060313 0.033789
2 0.519219 0.540820 0.060313 0.038672
2 0.581641 0.544043 0.060156 0.041211
2 0.190547 0.054980 0.052969 0.031836
2 0.642734 0.549707 0.060469 0.036914
2 0.703437 0.551953 0.060000 0.037500
2 0.763281 0.555762 0.060937 0.037305
2 0.825156 0.558008 0.059688 0.033984
2 0.884688 0.562207 0.060000 0.038477
2 0.946016 0.564355 0.060781 0.034961
2 0.247969 0.057617 0.055313 0.033203
2 0.305938 0.059961 0.055625 0.033984
2 0.364453 0.063184 0.057031 0.032617
2 0.078750 0.642285 0.057500 0.034570
2 0.425000 0.066113 0.056250 0.030664
2 0.134141 0.646875 0.055781 0.035937
2 0.191797 0.649414 0.055469 0.037109
2 0.250391 0.654297 0.057031 0.039062
2 0.308438 0.659570 0.060625 0.037891
2 0.369531 0.663574 0.057813 0.038086
2 0.429063 0.667480 0.058125 0.038086
2 0.488984 0.671289 0.059219 0.037891
2 0.548672 0.672266 0.059844 0.035937
2 0.073203 0.676367 0.055781 0.032422
2 0.609531 0.676562 0.059687 0.040625
2 0.130156 0.680176 0.054062 0.036133
2 0.669766 0.682227 0.061406 0.040234
2 0.484297 0.067480 0.059219 0.033398
2 0.188047 0.684180 0.054219 0.040234
1 0.729844 0.685059 0.059687 0.038086
2 0.789219 0.688379 0.059688 0.036914
2 0.247344 0.689941 0.057187 0.036133
2 0.305625 0.693066 0.058125 0.034570
2 0.848594 0.692285 0.059688 0.036914
2 0.907969 0.696289 0.059688 0.037109
2 0.366719 0.696191 0.058438 0.036914
1 0.968281 0.698633 0.058437 0.037891
2 0.426172 0.701660 0.058594 0.036133
0 0.542891 0.071289 0.057656 0.033203
2 0.487891 0.704492 0.060156 0.033984
2 0.546719 0.708691 0.059063 0.034570
2 0.066328 0.709277 0.054531 0.039648
2 0.608047 0.712891 0.059844 0.039062
2 0.125078 0.712207 0.053281 0.037695
2 0.667422 0.715723 0.059844 0.036914
2 0.185156 0.717578 0.054688 0.036719
2 0.729688 0.720117 0.059375 0.033984
2 0.244219 0.722363 0.057187 0.034570
2 0.789297 0.723047 0.059844 0.035937
2 0.849531 0.724512 0.058437 0.034961
2 0.305078 0.725781 0.060156 0.037500
2 0.908828 0.728125 0.061406 0.030469
2 0.364063 0.731348 0.059375 0.036914
2 0.968750 0.732715 0.059375 0.031836
2 0.424531 0.733887 0.058437 0.038086
2 0.485938 0.739746 0.059375 0.038086
2 0.602812 0.076270 0.058750 0.035352
2 0.545781 0.743652 0.060313 0.038086
2 0.606641 0.747852 0.060156 0.038672
2 0.667969 0.752344 0.060937 0.035937
2 0.729141 0.753418 0.061406 0.038086
2 0.788516 0.759961 0.061406 0.039453
2 0.850625 0.762500 0.060625 0.040625
2 0.910391 0.764258 0.061406 0.040234
2 0.840703 0.122656 0.059531 0.034375
2 0.301641 0.121777 0.056406 0.036523
2 0.900859 0.123242 0.057969 0.031641
2 0.359375 0.126367 0.056250 0.033984
2 0.959766 0.128223 0.060156 0.029883
1 0.420312 0.128711 0.056250 0.034766
2 0.480391 0.131543 0.057656 0.036523
0 0.540000 0.136035 0.058125 0.033789
0 0.601016 0.140625 0.058281 0.035156
2 0.660703 0.143848 0.058906 0.033789
2 0.720859 0.144922 0.060469 0.035938
2 0.781641 0.150195 0.060156 0.034766
2 0.840469 0.153613 0.059062 0.033789
0 0.899922 0.156543 0.059219 0.035742
2 0.959922 0.160840 0.060469 0.036523
2 0.325078 0.292773 0.056406 0.030859
2 0.926719 0.293262 0.059688 0.035742
2 0.384844 0.293164 0.054063 0.031641
0 0.445391 0.295508 0.056406 0.032422
2 0.505391 0.299805 0.054531 0.033203
2 0.566406 0.302734 0.057813 0.035156
2 0.626328 0.303418 0.058906 0.032617
2 0.687031 0.309277 0.058437 0.032617
2 0.085391 0.308887 0.052031 0.035742
2 0.747891 0.311523 0.058281 0.029297
2 0.142891 0.312402 0.054531 0.034961
2 0.202266 0.315430 0.054531 0.033203
2 0.262266 0.316504 0.055781 0.035352
2 0.808281 0.316113 0.060313 0.034570
2 0.867734 0.319727 0.060469 0.033984
2 0.322891 0.321973 0.055156 0.034570
2 0.928125 0.322559 0.059375 0.031836
2 0.383594 0.323535 0.054688 0.033789
2 0.443984 0.327539 0.056719 0.033984
2 0.504766 0.330371 0.056406 0.035742
2 0.565078 0.332715 0.058281 0.032617
2 0.626719 0.337891 0.059687 0.035156
2 0.686406 0.341211 0.060313 0.033984
2 0.748906 0.343066 0.060313 0.037695
2 0.808516 0.348340 0.060781 0.036523
2 0.870547 0.350781 0.059844 0.037500
2 0.929609 0.355859 0.059219 0.035938
2 0.052266 0.446387 0.051406 0.033398
2 0.108672 0.447656 0.051719 0.035938
2 0.167344 0.451367 0.059688 0.035547
2 0.226250 0.456250 0.058750 0.033594
1 0.283750 0.456836 0.058125 0.034766
2 0.343438 0.461719 0.058750 0.036719
2 0.402109 0.464941 0.057344 0.035352
2 0.462422 0.469629 0.059219 0.036914
0 0.522266 0.471289 0.060156 0.036328
2 0.583125 0.475391 0.060000 0.036719
2 0.046094 0.479199 0.051562 0.036523
2 0.642891 0.480273 0.060781 0.034766
2 0.703828 0.482129 0.060781 0.038477
2 0.105078 0.480859 0.057031 0.035938
2 0.163750 0.486035 0.058750 0.034570
2 0.763672 0.485547 0.058594 0.037500
2 0.221250 0.489453 0.058125 0.033594
2 0.823359 0.491113 0.059219 0.036914
2 0.281250 0.490137 0.056250 0.034961
2 0.882891 0.492480 0.059531 0.035742
2 0.341562 0.497949 0.061250 0.034961
2 0.942656 0.496875 0.060313 0.036719
0 0.400781 0.500293 0.057813 0.035742
2 0.461250 0.502734 0.060000 0.036719
2 0.521172 0.504980 0.061094 0.033398
2 0.041563 0.508887 0.051875 0.037305
2 0.582422 0.509375 0.061719 0.034375
2 0.100547 0.512500 0.054219 0.040625
2 0.642578 0.514258 0.060156 0.036328
2 0.703906 0.516504 0.060937 0.036914
2 0.160625 0.517188 0.058750 0.038281
2 0.764141 0.518848 0.059531 0.033789
2 0.217578 0.522363 0.057031 0.036914
2 0.823203 0.523535 0.058906 0.035352
2 0.278516 0.527148 0.060156 0.034766
2 0.884531 0.526563 0.059688 0.033594
2 0.944219 0.530469 0.060313 0.033594
2 0.337969 0.532617 0.060312 0.033984
2 0.970156 0.768164 0.059062 0.040234
2 0.662734 0.079004 0.059844 0.033008
0 0.721406 0.081641 0.058437 0.034375
2 0.781328 0.084863 0.059531 0.033008
2 0.101953 0.848828 0.053906 0.037500
2 0.158906 0.855078 0.058438 0.038281
2 0.216875 0.856055 0.055625 0.036328
2 0.186719 0.088184 0.054688 0.031836
2 0.275000 0.860254 0.059375 0.033008
2 0.334531 0.866602 0.056562 0.037891
2 0.394531 0.870313 0.060937 0.037500
2 0.453125 0.875098 0.059375 0.035352
2 0.513906 0.879102 0.059063 0.035547
2 0.840469 0.089453 0.059062 0.034375
2 0.098047 0.883398 0.055469 0.036328
2 0.573047 0.884570 0.058594 0.034766
2 0.633594 0.884570 0.060937 0.038672
2 0.154062 0.886133 0.058125 0.033984
2 0.212344 0.890039 0.059063 0.037891
2 0.693594 0.889648 0.059063 0.037109
2 0.753594 0.892578 0.060313 0.039062
1 0.812969 0.892578 0.060313 0.039062
2 0.272344 0.893750 0.060312 0.037500
2 0.873594 0.897461 0.059688 0.037109
2 0.244531 0.089063 0.057813 0.033594
2 0.304063 0.090820 0.055000 0.033203
2 0.932969 0.899805 0.059688 0.037891
2 0.332422 0.899805 0.055469 0.037891
2 0.391562 0.905078 0.061250 0.036719
2 0.451406 0.910352 0.059063 0.035547
2 0.511094 0.914160 0.059687 0.035352
2 0.092266 0.916406 0.056406 0.039844
0 0.572500 0.918359 0.060625 0.035937
2 0.898516 0.094043 0.059531 0.031836
2 0.632656 0.920508 0.059063 0.036328
2 0.149844 0.921875 0.062187 0.039062
2 0.692344 0.923730 0.059687 0.034961
2 0.753437 0.925684 0.060000 0.034961
2 0.210312 0.926172 0.058125 0.039844
2 0.814063 0.929297 0.059375 0.034375
2 0.270313 0.931836 0.062500 0.035547
2 0.873437 0.931543 0.059375 0.034961
2 0.932031 0.933887 0.060937 0.031836
2 0.329609 0.935645 0.056094 0.035352
2 0.362500 0.094434 0.056250 0.032617
2 0.389688 0.940625 0.060625 0.033594
2 0.450156 0.946094 0.059687 0.036719
2 0.510313 0.949609 0.061250 0.039844
2 0.571875 0.955078 0.059375 0.039062
2 0.630469 0.956836 0.060937 0.038672
2 0.422031 0.096973 0.056562 0.033789
1 0.957734 0.097266 0.059219 0.034375
2 0.692812 0.959375 0.060625 0.039844
2 0.753437 0.963672 0.060000 0.040625
2 0.812969 0.965039 0.060313 0.039453
2 0.873594 0.968164 0.059688 0.041797
2 0.934219 0.970703 0.062187 0.042969
4 0.481875 0.099219 0.057500 0.034375
2 0.542422 0.104199 0.056719 0.032617
2 0.601797 0.106738 0.059844 0.033789
2 0.662031 0.109961 0.058437 0.032422
2 0.720391 0.112109 0.059531 0.028906
2 0.781328 0.117578 0.059531 0.035938
2 0.181641 0.118945 0.053906 0.034766
2 0.240313 0.120703 0.058750 0.034375
