2 0.698516 0.623535 0.059219 0.036133
2 0.305781 0.822070 0.060312 0.042578
2 0.944063 0.020898 0.058750 0.041797
3 0.401250 0.021777 0.063125 0.035742
0 0.973359 0.196289 0.053281 0.033203
2 0.918984 0.198633 0.062031 0.033984
3 0.375547 0.200781 0.061406 0.034375
2 0.860703 0.203906 0.062969 0.032812
3 0.313984 0.204980 0.062656 0.034961
2 0.799687 0.205176 0.063125 0.031445
2 0.252109 0.205078 0.061406 0.039062
3 0.190625 0.208301 0.062500 0.033789
2 0.740313 0.210547 0.063125 0.034375
2 0.681094 0.211523 0.062812 0.028516
3 0.438047 0.230078 0.061406 0.034375
2 0.976875 0.230371 0.046250 0.034961
3 0.375781 0.234082 0.060937 0.034570
3 0.339688 0.025488 0.061250 0.035352
2 0.924297 0.234180 0.063906 0.034766
2 0.863594 0.237695 0.063438 0.033984
2 0.314609 0.238867 0.061406 0.032422
2 0.803516 0.238672 0.061719 0.035938
2 0.253359 0.241113 0.062031 0.033008
3 0.190469 0.241113 0.062813 0.033008
2 0.744844 0.243066 0.063438 0.036914
3 0.683906 0.245020 0.063438 0.040820
3 0.621094 0.251074 0.064062 0.033398
3 0.501250 0.260840 0.063125 0.033398
3 0.438906 0.265918 0.062812 0.035742
3 0.621094 0.216699 0.060937 0.034961
2 0.377188 0.270313 0.061250 0.036719
2 0.315703 0.272949 0.062344 0.038086
3 0.560000 0.221387 0.061250 0.032617
3 0.562031 0.255957 0.063438 0.035352
3 0.253516 0.274414 0.061719 0.033203
3 0.498672 0.227930 0.062031 0.033984
3 0.192500 0.279199 0.061875 0.042773
2 0.888125 0.027539 0.061250 0.039453
3 0.278359 0.030371 0.062031 0.033398
2 0.827344 0.030078 0.060937 0.040625
2 0.766484 0.032617 0.060781 0.041797
3 0.217031 0.033301 0.059688 0.035352
2 0.707422 0.034277 0.060156 0.045117
0 0.952344 0.362598 0.060937 0.033789
0 0.894688 0.365820 0.060625 0.032422
0 0.834375 0.368945 0.062500 0.034766
1 0.715391 0.379199 0.062969 0.031836
2 0.655625 0.384961 0.060625 0.035547
2 0.775703 0.373145 0.061094 0.031445
2 0.647188 0.036914 0.061875 0.042578
2 0.595938 0.387109 0.061250 0.032031
2 0.585156 0.038477 0.060937 0.045703
2 0.533438 0.392480 0.060937 0.034961
2 0.474453 0.396777 0.060469 0.035742
2 0.897578 0.399023 0.061094 0.032422
2 0.955469 0.397949 0.060937 0.034180
3 0.413516 0.402148 0.060469 0.034766
0 0.838281 0.402832 0.064062 0.036133
3 0.352969 0.405371 0.059687 0.037305
2 0.775391 0.405176 0.058594 0.033008
2 0.718516 0.408984 0.062969 0.028906
3 0.290156 0.411230 0.063125 0.037305
3 0.165078 0.418555 0.063594 0.036328
2 0.657109 0.416406 0.060781 0.032031
2 0.228828 0.415137 0.061094 0.037305
2 0.597813 0.418848 0.060625 0.033008
2 0.536875 0.426074 0.060625 0.031836
3 0.523750 0.044043 0.061875 0.041211
0 0.961250 0.430566 0.061875 0.040820
2 0.475078 0.432617 0.062344 0.033203
2 0.901016 0.434570 0.063594 0.041016
3 0.413672 0.435449 0.060156 0.034961
0 0.842656 0.439648 0.064687 0.039453
2 0.782891 0.440234 0.065469 0.040625
3 0.351719 0.440332 0.062188 0.036914
2 0.723047 0.445117 0.063281 0.042578
2 0.290625 0.445020 0.062500 0.038477
2 0.228203 0.449414 0.062344 0.035547
3 0.166016 0.454980 0.064844 0.034961
2 0.539687 0.460645 0.060937 0.038477
3 0.476875 0.464453 0.061875 0.042187
3 0.415078 0.468652 0.060469 0.038867
2 0.353828 0.476758 0.061094 0.035547
2 0.290469 0.478516 0.062812 0.039062
3 0.227969 0.484863 0.062813 0.036133
3 0.166406 0.486035 0.064062 0.034570
3 0.462109 0.048633 0.060156 0.038672
3 0.401797 0.055469 0.062031 0.036719
2 0.929922 0.569336 0.055781 0.037109
4 0.872188 0.574316 0.058750 0.039258
2 0.813203 0.579492 0.057969 0.037891
2 0.754453 0.583301 0.059844 0.037695
2 0.635625 0.593262 0.060000 0.038086
2 0.574141 0.592480 0.061094 0.036523
2 0.513203 0.599023 0.061094 0.033984
2 0.934766 0.603418 0.058594 0.034961
3 0.340547 0.061133 0.059531 0.036328
2 0.453516 0.605859 0.061719 0.039844
2 0.875469 0.608105 0.058437 0.036523
3 0.330000 0.612988 0.061875 0.038477
2 0.816406 0.615332 0.057813 0.035352
2 0.757266 0.619629 0.060469 0.036133
3 0.207813 0.624023 0.062500 0.037109
2 0.660469 0.450000 0.060313 0.044531
2 0.599453 0.454297 0.060469 0.045312
2 0.695312 0.588184 0.059375 0.039648
3 0.392266 0.610938 0.062344 0.042188
2 0.638359 0.628223 0.060781 0.033789
3 0.269453 0.620801 0.061094 0.038477
2 0.938750 0.640625 0.056875 0.039062
0 0.515000 0.635059 0.060625 0.039648
3 0.145313 0.628125 0.062500 0.041406
0 0.577031 0.631348 0.061562 0.040039
3 0.454141 0.642676 0.063594 0.043164
2 0.880547 0.644629 0.060781 0.039258
3 0.279141 0.064746 0.063594 0.035742
3 0.393437 0.645410 0.063125 0.036914
2 0.819531 0.650684 0.060937 0.035742
3 0.331328 0.650977 0.062344 0.040234
2 0.760781 0.657031 0.059687 0.040625
3 0.269375 0.656836 0.061250 0.036328
2 0.700547 0.658789 0.061406 0.040234
3 0.207266 0.659766 0.063594 0.034375
2 0.640000 0.664453 0.060625 0.039844
3 0.146016 0.666309 0.061094 0.035742
2 0.517734 0.675293 0.061406 0.038086
3 0.455547 0.678418 0.063906 0.044336
3 0.393516 0.679980 0.062969 0.039648
3 0.219141 0.070215 0.061719 0.034961
3 0.332187 0.686426 0.063750 0.036914
3 0.269766 0.693359 0.060469 0.039062
3 0.208906 0.696191 0.063437 0.036914
2 0.578906 0.669434 0.060937 0.038086
1 0.965859 0.768652 0.058906 0.037305
2 0.906016 0.772656 0.059844 0.033594
2 0.849766 0.780957 0.059844 0.038477
2 0.144922 0.702051 0.060156 0.036914
2 0.790156 0.786426 0.060313 0.037695
2 0.731563 0.791016 0.058750 0.039062
2 0.671484 0.795020 0.060156 0.039258
2 0.612578 0.799902 0.059219 0.041211
3 0.429688 0.812695 0.059375 0.039453
2 0.794531 0.816895 0.060937 0.036133
3 0.368125 0.818945 0.063750 0.040234
2 0.734063 0.823828 0.060000 0.034375
2 0.244922 0.827832 0.060156 0.042383
2 0.673203 0.831543 0.059844 0.030273
3 0.183594 0.831934 0.060937 0.038867
2 0.613281 0.835840 0.060937 0.038867
3 0.489766 0.808398 0.061094 0.038672
2 0.853516 0.811230 0.058594 0.040430
2 0.972266 0.838086 0.055469 0.039453
2 0.915859 0.841797 0.062031 0.042969
3 0.552891 0.842285 0.062969 0.040039
3 0.492578 0.847363 0.061719 0.038477
2 0.856953 0.846777 0.061094 0.041211
3 0.429063 0.849707 0.060625 0.039258
2 0.797813 0.854785 0.060625 0.041602
2 0.370547 0.856152 0.062031 0.040430
2 0.736875 0.859375 0.060625 0.042969
2 0.308516 0.859961 0.061094 0.040234
2 0.246563 0.864648 0.063125 0.041797
2 0.678281 0.865332 0.059063 0.039258
3 0.184453 0.868848 0.062344 0.038477
2 0.616016 0.874707 0.061719 0.038477
2 0.555391 0.879980 0.061094 0.033398
2 0.494609 0.884277 0.063906 0.038086
2 0.432969 0.888770 0.062188 0.039258
2 0.370625 0.891699 0.061875 0.041211
3 0.186094 0.905664 0.059062 0.037891
2 0.952187 0.965527 0.055000 0.036523
2 0.894219 0.974219 0.058437 0.038281
2 0.836562 0.980859 0.055000 0.035937
2 0.777734 0.982324 0.060156 0.034961
2 0.970781 0.165234 0.058437 0.029688
2 0.855000 0.170410 0.061875 0.032227
2 0.796641 0.174609 0.062969 0.036719
2 0.737578 0.176367 0.062344 0.032422
2 0.677734 0.179004 0.060156 0.033789
2 0.309219 0.897852 0.062812 0.037891
3 0.618437 0.182227 0.060000 0.032422
3 0.247344 0.899902 0.061563 0.034180
2 0.914531 0.167969 0.061562 0.031250
2 0.912109 0.804688 0.063281 0.031250
3 0.558828 0.188574 0.060469 0.033398
2 0.970938 0.801465 0.058125 0.032617
3 0.497422 0.191504 0.061406 0.035352
3 0.552187 0.804590 0.061250 0.038867
3 0.436953 0.193848 0.060469 0.036133
