2 0.422578 0.505273 0.061094 0.037891
2 0.054141 0.192676 0.060469 0.037695
2 0.266484 0.345508 0.060781 0.034766
2 0.207344 0.387109 0.063437 0.039844
0 0.231094 0.142090 0.059687 0.041992
2 0.511172 0.333008 0.062031 0.033203
2 0.147031 0.389648 0.059062 0.037109
3 0.350078 0.133691 0.062344 0.036914
3 0.326875 0.342187 0.061875 0.039844
2 0.145000 0.354590 0.060000 0.037305
2 0.172344 0.184766 0.061563 0.037500
3 0.500391 0.959570 0.061719 0.032422
3 0.596875 0.155078 0.062500 0.040625
2 0.195156 0.965918 0.059688 0.033398
2 0.438359 0.959570 0.060781 0.032422
2 0.573047 0.365039 0.060156 0.034766
2 0.269297 0.382227 0.058281 0.037891
2 0.202500 0.310937 0.060625 0.035938
3 0.535703 0.122168 0.062969 0.037305
2 0.449844 0.334180 0.059687 0.035547
3 0.545781 0.500391 0.061562 0.043750
2 0.168359 0.107617 0.060156 0.035547
2 0.571719 0.328613 0.059687 0.036133
3 0.353203 0.169434 0.059531 0.034180
3 0.324531 0.305859 0.063437 0.037500
2 0.028203 0.359277 0.056094 0.038867
2 0.232969 0.182812 0.059063 0.037500
2 0.025859 0.321973 0.051406 0.034570
0 0.228281 0.103125 0.059062 0.038281
2 0.086250 0.359668 0.058750 0.035742
2 0.113281 0.187305 0.060937 0.038672
2 0.051641 0.152832 0.059219 0.040039
2 0.292578 0.174902 0.061719 0.037305
2 0.109141 0.113184 0.059844 0.034961
2 0.082656 0.323633 0.056563 0.041797
1 0.029687 0.396094 0.059375 0.038281
3 0.411953 0.128418 0.060469 0.038086
3 0.253828 0.963770 0.057969 0.029102
3 0.313203 0.960938 0.061094 0.031250
3 0.473203 0.125781 0.062969 0.036719
2 0.134609 0.973047 0.058906 0.032031
3 0.330547 0.377734 0.060781 0.036719
3 0.388203 0.340820 0.061094 0.041016
3 0.290547 0.135937 0.059531 0.041406
3 0.412969 0.166016 0.061563 0.035156
2 0.512109 0.369629 0.060156 0.036133
2 0.090078 0.392969 0.057344 0.035938
3 0.475312 0.160352 0.061875 0.035547
2 0.360234 0.508789 0.063906 0.037109
2 0.047813 0.115332 0.060625 0.035352
3 0.263516 0.309668 0.060469 0.041211
3 0.483047 0.499316 0.062031 0.037695
2 0.076484 0.971973 0.059531 0.029883
2 0.387734 0.300586 0.062031 0.038672
3 0.509453 0.296973 0.062344 0.039258
3 0.535703 0.157129 0.059844 0.036914
2 0.205313 0.349121 0.061250 0.038086
3 0.390234 0.374316 0.060156 0.037695
2 0.108906 0.150586 0.063438 0.039453
0 0.170547 0.146289 0.058906 0.042578
2 0.450469 0.370508 0.061562 0.033984
2 0.140937 0.314746 0.061875 0.039648
3 0.595234 0.115430 0.062656 0.035547
3 0.572187 0.292773 0.061875 0.038672
2 0.448047 0.296680 0.060156 0.042578
2 0.062500 0.597754 0.059375 0.035352
3 0.181016 0.557324 0.059844 0.036523
2 0.072031 0.940527 0.062187 0.033398
3 0.240469 0.553320 0.059687 0.036328
2 0.486953 0.574414 0.060469 0.035547
3 0.472891 0.087695 0.063594 0.038672
3 0.426563 0.578320 0.062500 0.035547
3 0.363047 0.544727 0.061406 0.038672
2 0.031328 0.737207 0.056094 0.036914
3 0.338203 0.791504 0.061094 0.032227
3 0.498906 0.926074 0.061562 0.035742
3 0.250937 0.933496 0.060625 0.031055
3 0.276562 0.795410 0.062500 0.032227
2 0.060625 0.560742 0.060000 0.035547
3 0.397266 0.754297 0.061719 0.035937
2 0.150391 0.733301 0.064844 0.036914
3 0.546094 0.539160 0.060937 0.035352
3 0.532813 0.084473 0.062500 0.036133
3 0.519766 0.711816 0.060469 0.040820
2 0.437578 0.925000 0.062344 0.033594
3 0.243203 0.585449 0.060469 0.034180
3 0.118438 0.523340 0.063125 0.038867
3 0.399062 0.787500 0.061250 0.032031
2 0.190469 0.933203 0.059688 0.030469
0 0.097578 0.799805 0.061094 0.033203
3 0.304609 0.585352 0.059531 0.033984
2 0.131797 0.939844 0.058281 0.035937
3 0.520312 0.783887 0.062500 0.032617
3 0.238594 0.516895 0.060312 0.037695
2 0.594297 0.080371 0.064531 0.035742
3 0.334219 0.720996 0.059687 0.035742
2 0.036875 0.801855 0.060625 0.029492
3 0.375937 0.959473 0.063750 0.032227
3 0.288281 0.098047 0.060937 0.035937
3 0.411562 0.090918 0.061250 0.037305
2 0.032188 0.771484 0.060625 0.031250
3 0.334609 0.757129 0.062031 0.037695
3 0.351250 0.095020 0.063437 0.037695
2 0.154297 0.766406 0.060156 0.032813
2 0.424844 0.543652 0.062812 0.036523
2 0.089453 0.734570 0.058594 0.035547
3 0.395000 0.719141 0.063125 0.035937
2 0.486094 0.538086 0.062188 0.037109
2 0.056406 0.524805 0.059062 0.033984
3 0.297656 0.512598 0.060937 0.036914
3 0.300859 0.548926 0.060781 0.039258
1 0.158750 0.796387 0.060625 0.034180
3 0.312188 0.930078 0.063125 0.032031
3 0.459219 0.785742 0.059687 0.032422
3 0.457734 0.714160 0.062656 0.037695
3 0.121250 0.591699 0.060625 0.031055
3 0.274688 0.762891 0.060000 0.033594
3 0.547578 0.573340 0.061094 0.037305
3 0.213125 0.762891 0.061250 0.033594
2 0.375703 0.926465 0.061094 0.032617
3 0.210703 0.729980 0.059844 0.034180
2 0.093516 0.769238 0.059844 0.034570
3 0.271797 0.725098 0.062656 0.036133
3 0.181406 0.589746 0.062187 0.031055
3 0.363516 0.581055 0.060469 0.037109
2 0.218359 0.794922 0.060156 0.035156
3 0.179531 0.519727 0.059688 0.035547
3 0.520625 0.750195 0.061875 0.035547
3 0.458281 0.751660 0.061562 0.038477
3 0.119219 0.559668 0.061562 0.033398
