3 0.319688 0.775098 0.061250 0.039648
2 0.874219 0.772266 0.064062 0.037500
2 0.935469 0.769824 0.064687 0.034570
3 0.382969 0.768457 0.062812 0.037305
3 0.444609 0.769141 0.061094 0.039844
3 0.503672 0.763379 0.060469 0.039648
3 0.567266 0.758789 0.062656 0.037109
3 0.628047 0.755566 0.062344 0.039648
2 0.688984 0.750391 0.065469 0.038281
3 0.138281 0.747168 0.060937 0.036914
2 0.934375 0.974316 0.059375 0.043555
2 0.749219 0.744629 0.064062 0.034180
2 0.809922 0.741211 0.063594 0.037109
2 0.198906 0.740918 0.060312 0.029883
2 0.870156 0.739746 0.062187 0.032227
2 0.259922 0.739453 0.060469 0.032813
3 0.319688 0.737305 0.061250 0.033203
3 0.319688 0.736230 0.061250 0.035352
2 0.931563 0.734473 0.066250 0.034961
3 0.384141 0.733203 0.062031 0.033594
3 0.444844 0.731348 0.058437 0.033398
3 0.503750 0.727344 0.060625 0.033594
3 0.508516 0.971289 0.060781 0.041797
3 0.566250 0.721680 0.063750 0.033203
3 0.686875 0.712207 0.064375 0.040430
3 0.747891 0.708887 0.061406 0.039258
2 0.808594 0.708496 0.060937 0.032227
2 0.927891 0.699609 0.065156 0.034375
2 0.866250 0.703125 0.063750 0.039062
3 0.570078 0.967773 0.062031 0.044922
3 0.629844 0.965234 0.059687 0.042188
3 0.625938 0.714746 0.058125 0.039258
3 0.249141 0.608594 0.060781 0.036719
2 0.690625 0.960547 0.059375 0.039844
3 0.312344 0.602344 0.062188 0.037500
3 0.373672 0.599512 0.062969 0.039258
3 0.435937 0.597266 0.062500 0.039844
3 0.497734 0.593359 0.061094 0.035937
3 0.558984 0.588965 0.061719 0.036914
0 0.622891 0.585645 0.064531 0.035742
2 0.685156 0.580664 0.060937 0.037891
2 0.746406 0.576562 0.061562 0.038281
3 0.807734 0.572852 0.059219 0.037891
2 0.750469 0.956934 0.060313 0.039258
3 0.249297 0.569922 0.061094 0.039844
3 0.867109 0.570215 0.062344 0.035352
3 0.311875 0.567578 0.061250 0.036719
2 0.927734 0.566113 0.061719 0.035742
3 0.373203 0.563574 0.062031 0.040820
3 0.434844 0.558887 0.060313 0.038477
3 0.496094 0.554883 0.060937 0.038672
3 0.556875 0.552344 0.060625 0.035937
2 0.083672 0.954102 0.061094 0.037109
3 0.620859 0.549414 0.063594 0.033984
2 0.681250 0.544434 0.059375 0.036133
3 0.741172 0.538867 0.060469 0.035547
3 0.864687 0.535254 0.060625 0.034961
3 0.803594 0.536133 0.063438 0.037109
3 0.250156 0.533496 0.062812 0.038477
3 0.144453 0.950879 0.063906 0.039648
3 0.311875 0.530273 0.061250 0.033203
2 0.925000 0.531445 0.062500 0.034766
3 0.372969 0.528613 0.064687 0.036523
3 0.496016 0.521094 0.060781 0.032031
3 0.557266 0.517285 0.061406 0.031836
3 0.325937 0.979199 0.061250 0.041602
3 0.264531 0.978711 0.060312 0.038672
3 0.504375 0.801074 0.061875 0.034570
3 0.567500 0.796680 0.063125 0.039453
3 0.386563 0.978418 0.060625 0.043164
3 0.629687 0.792383 0.062500 0.036328
2 0.691484 0.787012 0.061094 0.035352
2 0.446016 0.977051 0.060781 0.038086
3 0.137187 0.783398 0.061875 0.034766
2 0.752812 0.781445 0.065000 0.038672
2 0.813359 0.778711 0.064219 0.036328
3 0.198047 0.776660 0.061719 0.040430
3 0.258516 0.775781 0.060781 0.038281
2 0.618125 0.513965 0.064375 0.034570
2 0.810703 0.950293 0.058906 0.040820
2 0.679922 0.509570 0.062969 0.035547
3 0.739609 0.506250 0.060469 0.034375
3 0.800859 0.502734 0.061094 0.033594
3 0.860859 0.500488 0.059219 0.034180
2 0.921875 0.495020 0.062500 0.033398
3 0.204766 0.948633 0.059531 0.036328
2 0.871250 0.946582 0.061250 0.040430
3 0.264531 0.945898 0.057187 0.037891
3 0.324141 0.942090 0.060781 0.041602
3 0.447031 0.936523 0.062812 0.041016
3 0.385313 0.936426 0.061250 0.041211
2 0.929453 0.934082 0.058906 0.038086
3 0.508437 0.925586 0.060625 0.047266
3 0.568047 0.921289 0.061094 0.048047
3 0.629687 0.921387 0.059375 0.043945
2 0.690312 0.918848 0.061875 0.041211
2 0.748750 0.916211 0.060000 0.038672
2 0.808672 0.910937 0.061094 0.037500
2 0.867812 0.908105 0.057500 0.039258
2 0.926641 0.899902 0.062656 0.036133
2 0.083516 0.986621 0.060781 0.026758
3 0.144375 0.985840 0.063750 0.028320
2 0.814219 0.985156 0.059688 0.029687
2 0.872500 0.984473 0.060625 0.031055
3 0.204453 0.983594 0.058906 0.032813
3 0.137500 0.822754 0.062500 0.041992
3 0.200078 0.819336 0.059531 0.041016
3 0.258437 0.815820 0.063750 0.040234
3 0.320781 0.812988 0.063437 0.034180
3 0.383828 0.809863 0.061406 0.040430
3 0.445781 0.808496 0.060313 0.035352
