2 0.460859 0.181055 0.062656 0.037891
2 0.702891 0.167090 0.059844 0.037305
2 0.458125 0.142773 0.061875 0.039453
2 0.823203 0.160254 0.059844 0.035352
0 0.581953 0.175195 0.061094 0.033984
2 0.615313 0.962500 0.060000 0.034375
2 0.428750 0.016406 0.058125 0.032813
2 0.249688 0.026758 0.060000 0.037891
2 0.162969 0.235352 0.061563 0.029297
1 0.223281 0.232715 0.059688 0.031836
2 0.794609 0.946973 0.060781 0.034570
0 0.100625 0.208789 0.064375 0.034766
0 0.580313 0.137402 0.061250 0.040430
2 0.401172 0.220703 0.060156 0.035156
2 0.339297 0.187305 0.058906 0.034766
2 0.401406 0.826172 0.062812 0.027344
2 0.794219 0.981250 0.061562 0.032813
2 0.675078 0.955664 0.059219 0.036328
2 0.581094 0.210059 0.059687 0.033398
2 0.252344 0.982422 0.064062 0.035156
2 0.104922 0.242285 0.058906 0.031445
2 0.520000 0.141113 0.060000 0.036133
2 0.882031 0.121094 0.060937 0.039062
2 0.372656 0.973633 0.064062 0.033203
2 0.313125 0.975781 0.064375 0.033594
2 0.520078 0.177930 0.059844 0.039453
2 0.074219 0.985352 0.064062 0.029297
0 0.520312 0.821191 0.059375 0.029102
2 0.701250 0.202148 0.060000 0.033203
1 0.341484 0.222266 0.060781 0.034375
2 0.097188 0.172656 0.061875 0.036719
2 0.100859 0.812207 0.057656 0.030664
2 0.822500 0.194824 0.058125 0.034180
0 0.521563 0.212793 0.060000 0.031055
2 0.853281 0.977344 0.059062 0.032813
2 0.341328 0.831250 0.061094 0.029687
2 0.971094 0.935937 0.057813 0.032031
2 0.460781 0.215625 0.059687 0.032812
2 0.823125 0.121387 0.060000 0.039648
2 0.041953 0.209082 0.062969 0.035352
2 0.762031 0.161035 0.060313 0.036914
1 0.046328 0.846191 0.063594 0.032227
2 0.217891 0.806445 0.061094 0.026953
2 0.942187 0.116016 0.059375 0.040625
2 0.762031 0.125098 0.060313 0.035352
2 0.913828 0.972363 0.059844 0.034570
2 0.579141 0.817969 0.060469 0.030469
0 0.279219 0.194141 0.060312 0.032812
2 0.758437 0.804297 0.058125 0.030469
2 0.433437 0.969824 0.061250 0.033398
2 0.640156 0.813965 0.060313 0.030273
2 0.641328 0.134961 0.061094 0.039453
2 0.970391 0.969922 0.059219 0.037500
2 0.104609 0.841602 0.059531 0.030859
0 0.641094 0.206445 0.061562 0.033984
2 0.160703 0.202637 0.059844 0.038086
2 0.700391 0.806348 0.058594 0.030664
2 0.276641 0.158203 0.062344 0.039062
2 0.460703 0.824023 0.059844 0.030859
2 0.855703 0.942969 0.060469 0.034375
0 0.643125 0.171777 0.060625 0.034961
2 0.880000 0.191211 0.058750 0.034766
2 0.397500 0.147656 0.061250 0.041406
2 0.193750 0.982422 0.062500 0.035156
2 0.554141 0.966309 0.060469 0.038086
2 0.733906 0.950293 0.060313 0.033398
2 0.939922 0.188281 0.060781 0.036719
2 0.281328 0.226465 0.062344 0.031055
2 0.133594 0.985352 0.067187 0.029297
2 0.367500 0.020313 0.058438 0.036719
0 0.222734 0.836426 0.060781 0.032227
0 0.044766 0.244238 0.057344 0.035352
2 0.702500 0.131543 0.060625 0.036523
2 0.735156 0.984375 0.060937 0.031250
2 0.941484 0.155078 0.060781 0.036719
2 0.309844 0.020801 0.058438 0.037695
2 0.761797 0.197363 0.060781 0.035352
2 0.159531 0.809082 0.062187 0.032227
2 0.037344 0.174121 0.062813 0.035742
2 0.042812 0.816797 0.061250 0.032031
2 0.914844 0.938574 0.060937 0.033398
2 0.216094 0.164648 0.058438 0.036328
2 0.156719 0.167969 0.061563 0.035156
2 0.164531 0.837109 0.064688 0.033594
2 0.219531 0.198437 0.064062 0.033594
2 0.336641 0.153906 0.057969 0.038281
2 0.494688 0.968359 0.060625 0.038281
0 0.281953 0.835254 0.061094 0.029883
2 0.881250 0.157227 0.059375 0.033203
2 0.399453 0.185938 0.060469 0.035938
0 0.602969 0.615234 0.059687 0.035156
1 0.204062 0.402734 0.060625 0.035938
2 0.841641 0.598437 0.060469 0.032813
2 0.482422 0.622852 0.060156 0.034766
2 0.688359 0.405469 0.060781 0.033594
2 0.478750 0.556445 0.061250 0.034766
2 0.074375 0.040527 0.060625 0.038086
1 0.236094 0.570020 0.059063 0.034570
2 0.877109 0.795020 0.061406 0.031445
2 0.699922 0.745703 0.059531 0.034375
2 0.297656 0.599512 0.060937 0.034961
0 0.480547 0.589453 0.060781 0.034375
2 0.903828 0.557910 0.061094 0.033789
2 0.143125 0.405371 0.060625 0.033398
2 0.120547 0.610938 0.058906 0.034375
2 0.417656 0.559375 0.061563 0.036719
2 0.385000 0.423926 0.061250 0.031445
2 0.141172 0.369922 0.061406 0.036719
2 0.114922 0.575879 0.057656 0.034570
2 0.266250 0.430762 0.061250 0.033398
0 0.541641 0.619727 0.060469 0.036328
1 0.567187 0.413770 0.059375 0.034570
2 0.865703 0.393848 0.059219 0.037695
2 0.842734 0.564746 0.061406 0.035742
2 0.722813 0.575098 0.060625 0.033008
2 0.028906 0.414062 0.057813 0.035156
2 0.566484 0.378320 0.060781 0.033984
2 0.036172 0.787012 0.062031 0.034961
2 0.279062 0.802930 0.060625 0.031641
2 0.699922 0.776270 0.059531 0.029102
0 0.302187 0.633301 0.061250 0.036133
2 0.362031 0.628418 0.060312 0.030273
2 0.153516 0.778320 0.064844 0.033203
2 0.239297 0.603125 0.058906 0.034375
2 0.336641 0.769727 0.061094 0.031641
2 0.960313 0.587500 0.060625 0.038281
2 0.446719 0.421289 0.059687 0.033984
2 0.663203 0.609766 0.061094 0.035937
2 0.923906 0.390430 0.058437 0.034766
2 0.928047 0.322363 0.059531 0.035352
2 0.326953 0.427344 0.058594 0.034375
2 0.565391 0.343555 0.059844 0.038672
2 0.062031 0.614941 0.060313 0.034570
2 0.321641 0.358203 0.059844 0.036719
2 0.323437 0.394629 0.059375 0.035352
2 0.687266 0.334473 0.060156 0.040039
0 0.066719 0.647949 0.060313 0.030273
2 0.783906 0.537598 0.060313 0.036133
0 0.520234 0.790723 0.059531 0.030664
0 0.781875 0.605664 0.058125 0.031641
1 0.125156 0.644141 0.059062 0.034375
2 0.080703 0.375488 0.057344 0.040039
2 0.383828 0.390039 0.060469 0.033984
2 0.807500 0.328320 0.060000 0.035547
0 0.296406 0.566797 0.060312 0.035937
2 0.759766 0.774121 0.058594 0.028711
2 0.602656 0.581250 0.060313 0.029687
2 0.880156 0.764844 0.061562 0.029687
2 0.382188 0.354395 0.060625 0.036914
2 0.578984 0.786035 0.060781 0.033008
2 0.904297 0.525000 0.060156 0.030469
2 0.397422 0.763281 0.061406 0.034375
2 0.359453 0.597754 0.062344 0.035352
2 0.443594 0.387793 0.062812 0.033398
2 0.027031 0.379102 0.052187 0.039453
2 0.961641 0.553711 0.061094 0.029297
2 0.868594 0.323437 0.059688 0.033594
2 0.880078 0.733203 0.058594 0.032813
2 0.179453 0.609180 0.059844 0.034766
2 0.398359 0.797266 0.062656 0.032031
2 0.926250 0.356836 0.060000 0.033984
1 0.806406 0.397559 0.059063 0.033398
2 0.627656 0.374414 0.060313 0.033984
2 0.639922 0.747754 0.060781 0.034570
2 0.819375 0.769434 0.061250 0.031055
2 0.843984 0.530664 0.062031 0.033984
2 0.095078 0.780664 0.059844 0.033984
2 0.216484 0.776953 0.060781 0.034375
2 0.147422 0.439551 0.061406 0.035352
2 0.505000 0.346973 0.061875 0.041602
2 0.031797 0.448730 0.061406 0.038086
2 0.817266 0.799512 0.059219 0.032617
2 0.458672 0.761230 0.060781 0.034180
1 0.724375 0.605371 0.060625 0.031055
2 0.938125 0.762012 0.061250 0.031836
2 0.206641 0.436230 0.058594 0.032617
2 0.807734 0.363379 0.059531 0.035352
2 0.639844 0.781641 0.060937 0.032031
2 0.602344 0.547266 0.060937 0.039844
2 0.422891 0.625098 0.060469 0.035352
2 0.085938 0.410742 0.059375 0.032422
2 0.442812 0.351465 0.061250 0.038867
2 0.506641 0.418555 0.061719 0.032422
2 0.539922 0.554688 0.060781 0.035156
2 0.419844 0.593750 0.060312 0.035156
2 0.747812 0.330371 0.060625 0.039648
1 0.132109 0.038672 0.057656 0.038281
2 0.518359 0.757129 0.060156 0.037695
2 0.356719 0.562598 0.061563 0.035352
2 0.089219 0.444238 0.059062 0.036914
2 0.057422 0.581934 0.057031 0.034961
2 0.241562 0.638184 0.057500 0.034180
2 0.201953 0.366699 0.058594 0.038086
2 0.662969 0.576758 0.061562 0.028516
1 0.747656 0.400488 0.060937 0.035352
2 0.505391 0.385254 0.061094 0.032227
2 0.263750 0.397461 0.060000 0.033203
2 0.627578 0.409375 0.060469 0.037500
2 0.663047 0.543848 0.061406 0.036914
2 0.337031 0.800000 0.060312 0.029687
2 0.184062 0.640234 0.060000 0.030469
2 0.275000 0.771875 0.059375 0.032031
2 0.901328 0.592871 0.059844 0.037305
2 0.760391 0.744043 0.060469 0.031055
2 0.724688 0.539258 0.060000 0.035547
2 0.783047 0.573730 0.058906 0.034180
2 0.748203 0.366699 0.059844 0.034180
0 0.935547 0.790039 0.060156 0.033203
2 0.866406 0.357324 0.060937 0.034961
2 0.578984 0.751758 0.060781 0.034766
2 0.821172 0.737988 0.060781 0.030664
2 0.541016 0.585938 0.061719 0.027344
2 0.261016 0.362305 0.062344 0.037109
2 0.192578 0.032520 0.058594 0.037695
2 0.688125 0.371973 0.061250 0.033008
2 0.939453 0.729492 0.061719 0.033203
2 0.963594 0.522559 0.060313 0.033398
2 0.625625 0.338477 0.061250 0.036328
2 0.176016 0.572949 0.063594 0.036523
2 0.459531 0.792578 0.062188 0.030469
