2 0.168359 0.114453 0.060156 0.033594
2 0.330625 0.308008 0.063750 0.037891
2 0.207109 0.316797 0.061094 0.039844
2 0.108516 0.116309 0.061094 0.033398
3 0.393047 0.306445 0.060781 0.038672
3 0.297500 0.178613 0.061250 0.040820
2 0.291953 0.103418 0.059844 0.034961
3 0.446719 0.962793 0.059687 0.031055
3 0.142266 0.968066 0.056094 0.029883
2 0.386406 0.964160 0.061563 0.029883
2 0.081875 0.941406 0.058125 0.031250
2 0.353203 0.100000 0.062344 0.028125
2 0.229297 0.109082 0.060156 0.038477
2 0.261719 0.934961 0.064062 0.033984
2 0.026797 0.943164 0.052656 0.030859
2 0.164453 0.800684 0.058594 0.034961
3 0.541406 0.166797 0.060937 0.036719
3 0.084297 0.971680 0.059531 0.029297
2 0.262891 0.966016 0.061719 0.029687
2 0.478359 0.130957 0.062031 0.035352
2 0.199453 0.937598 0.060469 0.035352
2 0.479766 0.168164 0.062344 0.039453
3 0.358906 0.175488 0.057187 0.038477
3 0.513359 0.298926 0.060781 0.035352
2 0.268828 0.314063 0.062344 0.034375
2 0.294609 0.141602 0.060781 0.037109
2 0.053125 0.158594 0.059375 0.039844
2 0.117813 0.190430 0.058125 0.041016
2 0.354609 0.135156 0.062656 0.039844
3 0.539687 0.129492 0.061250 0.036328
3 0.383984 0.933496 0.060156 0.034961
2 0.173594 0.148438 0.062187 0.039062
0 0.104688 0.804102 0.062500 0.033984
3 0.444453 0.930664 0.061094 0.037109
2 0.234063 0.144434 0.060000 0.038867
3 0.413984 0.097266 0.062656 0.034375
2 0.418516 0.169238 0.059844 0.037695
3 0.223516 0.798730 0.059219 0.031055
1 0.177031 0.186133 0.061563 0.040234
2 0.141016 0.939355 0.058594 0.027148
2 0.049453 0.123730 0.060469 0.036523
3 0.538594 0.092383 0.060313 0.040234
3 0.202109 0.969434 0.064531 0.028711
2 0.417109 0.132129 0.062656 0.037695
2 0.325937 0.964844 0.060625 0.031250
2 0.058047 0.195117 0.058906 0.038672
2 0.322656 0.932422 0.060937 0.032813
2 0.042344 0.805273 0.059062 0.032422
3 0.453594 0.304980 0.061562 0.039648
2 0.113047 0.151074 0.058281 0.040430
2 0.236641 0.182910 0.057969 0.037695
3 0.476406 0.093457 0.062812 0.038477
3 0.281172 0.765039 0.062656 0.037891
2 0.036172 0.742871 0.062031 0.036523
2 0.454844 0.341699 0.062188 0.034961
2 0.062656 0.568359 0.062187 0.039062
3 0.427891 0.512891 0.062969 0.033594
3 0.179375 0.527344 0.060000 0.031250
2 0.030781 0.364453 0.057188 0.033594
3 0.092656 0.395215 0.061562 0.036523
3 0.366953 0.517188 0.062969 0.034375
2 0.277813 0.730957 0.063125 0.036133
3 0.246797 0.592773 0.062656 0.037109
2 0.088281 0.360840 0.060937 0.034180
3 0.303047 0.518066 0.062656 0.032227
3 0.489844 0.546094 0.060937 0.037500
2 0.145313 0.320996 0.062500 0.040430
2 0.157969 0.771387 0.059062 0.034961
2 0.099062 0.772559 0.061250 0.033398
2 0.067109 0.600781 0.062656 0.033594
3 0.430938 0.582227 0.063125 0.035547
2 0.120781 0.528711 0.061562 0.033984
2 0.085312 0.325977 0.060625 0.038672
3 0.284141 0.795410 0.066094 0.032227
3 0.429609 0.548926 0.062656 0.035352
2 0.184531 0.560254 0.062187 0.038477
1 0.128203 0.598633 0.059219 0.037109
3 0.515781 0.336523 0.062188 0.040234
2 0.039922 0.775195 0.057656 0.034766
3 0.370703 0.586719 0.058594 0.032813
2 0.186016 0.595508 0.059219 0.038672
3 0.491406 0.581836 0.057813 0.034766
2 0.394687 0.341602 0.060625 0.034766
3 0.309063 0.590039 0.063125 0.035547
3 0.150469 0.359766 0.061250 0.035938
0 0.464687 0.756641 0.061250 0.032813
3 0.273125 0.386914 0.063125 0.035547
2 0.331641 0.344629 0.061719 0.036914
2 0.060156 0.534570 0.060937 0.037891
2 0.395469 0.378906 0.059063 0.039062
3 0.489453 0.509277 0.061719 0.038086
2 0.402266 0.758301 0.061094 0.032227
3 0.345078 0.790625 0.062969 0.030469
3 0.463828 0.722070 0.062969 0.037891
3 0.211250 0.388574 0.061875 0.034961
3 0.240859 0.521094 0.062031 0.034375
2 0.124453 0.563281 0.060469 0.036719
3 0.154375 0.392480 0.063125 0.034961
3 0.306406 0.552246 0.062188 0.038086
2 0.027344 0.330078 0.054688 0.042969
3 0.221250 0.768164 0.063750 0.032422
2 0.032266 0.397559 0.060469 0.033398
3 0.217188 0.733789 0.062500 0.037891
2 0.404453 0.786719 0.059844 0.034375
3 0.334531 0.381543 0.062188 0.036523
3 0.517188 0.372266 0.062500 0.033594
2 0.454375 0.375684 0.063125 0.040430
2 0.402266 0.726367 0.061094 0.034766
2 0.342031 0.760938 0.059687 0.037500
2 0.096328 0.739746 0.060469 0.034180
3 0.367422 0.552734 0.065156 0.031250
2 0.339688 0.729004 0.061250 0.036133
3 0.271953 0.350488 0.062344 0.036914
3 0.243984 0.556543 0.065156 0.034961
3 0.209531 0.353125 0.062187 0.034375
2 0.155938 0.737012 0.060000 0.036523
1 0.465625 0.789160 0.062500 0.035352
