0 0.352031 0.389746 0.060312 0.040820
2 0.411719 0.385059 0.060937 0.038477
2 0.472109 0.383301 0.059844 0.038086
0 0.534375 0.382129 0.059375 0.032617
2 0.595078 0.380273 0.058906 0.035938
2 0.655078 0.378320 0.060156 0.036328
2 0.163125 0.936816 0.057500 0.032617
2 0.221797 0.935840 0.059219 0.034570
2 0.715391 0.375000 0.062031 0.035156
2 0.056094 0.372949 0.059062 0.031055
2 0.775547 0.370508 0.060469 0.035938
2 0.114141 0.369727 0.059531 0.033984
2 0.836328 0.368945 0.063281 0.035547
2 0.894844 0.367285 0.061562 0.034961
2 0.173281 0.365918 0.059063 0.029883
2 0.231953 0.359473 0.057656 0.031055
2 0.292344 0.356738 0.059687 0.028711
2 0.281328 0.934473 0.059531 0.037305
2 0.412266 0.354883 0.058906 0.028516
2 0.351328 0.354492 0.058906 0.029297
2 0.472266 0.351367 0.060156 0.031641
2 0.532422 0.350586 0.061719 0.033203
2 0.592656 0.348145 0.060313 0.030273
0 0.652734 0.344238 0.061719 0.034180
1 0.056719 0.343066 0.060313 0.036523
2 0.712734 0.342187 0.062969 0.030078
0 0.115859 0.340039 0.059844 0.034766
2 0.773281 0.336914 0.062187 0.033203
2 0.173594 0.336621 0.059687 0.033789
2 0.831406 0.337305 0.062813 0.032422
2 0.891875 0.336035 0.061875 0.031055
2 0.232500 0.332324 0.058750 0.034570
2 0.291797 0.328125 0.058594 0.031250
0 0.352656 0.325586 0.058438 0.032422
2 0.412344 0.323437 0.059063 0.032813
2 0.471250 0.320605 0.061250 0.034570
2 0.532109 0.320215 0.061094 0.035352
0 0.340156 0.932031 0.058438 0.038281
0 0.591016 0.315234 0.060156 0.033594
1 0.651406 0.312012 0.062188 0.032227
2 0.710391 0.311816 0.061406 0.032617
2 0.771016 0.307031 0.060781 0.030078
2 0.828672 0.304785 0.060469 0.031055
2 0.886406 0.303516 0.057188 0.033594
2 0.398984 0.926758 0.057344 0.037109
2 0.458828 0.924121 0.058281 0.034570
2 0.518672 0.923633 0.059219 0.035547
2 0.077812 0.201855 0.058750 0.033789
2 0.137891 0.200684 0.060156 0.036133
2 0.195703 0.198047 0.060156 0.033594
2 0.256172 0.194141 0.059219 0.033594
2 0.315547 0.191113 0.059219 0.031836
2 0.376484 0.186621 0.059219 0.036914
2 0.436406 0.184375 0.060313 0.033594
2 0.497344 0.183496 0.060313 0.031445
2 0.558281 0.180273 0.060313 0.033984
2 0.617891 0.176563 0.060781 0.033594
2 0.679063 0.175195 0.061250 0.032031
2 0.080078 0.173340 0.057031 0.028320
2 0.738281 0.171289 0.060937 0.032031
2 0.137734 0.170605 0.059844 0.029883
2 0.799297 0.169141 0.061094 0.032812
2 0.857109 0.167383 0.061094 0.032422
2 0.197344 0.166895 0.060312 0.029102
2 0.257734 0.162207 0.059219 0.031055
2 0.248438 0.803711 0.059375 0.037109
2 0.308125 0.800977 0.060000 0.034766
0 0.072500 0.774219 0.057500 0.033594
2 0.131250 0.774414 0.059375 0.033203
2 0.189531 0.769922 0.057187 0.034375
2 0.248594 0.768555 0.059687 0.033203
2 0.309063 0.766797 0.058750 0.032813
2 0.045547 0.976367 0.059844 0.035547
2 0.104922 0.974805 0.059844 0.034766
2 0.074063 0.741992 0.057500 0.031641
0 0.132187 0.739258 0.058125 0.033203
2 0.190938 0.736328 0.060000 0.035156
2 0.250156 0.734766 0.059687 0.034375
2 0.309219 0.732227 0.059063 0.035547
0 0.162344 0.972461 0.059062 0.035547
2 0.281016 0.970313 0.058906 0.035937
2 0.221797 0.970508 0.059219 0.035547
2 0.341250 0.969531 0.057500 0.037500
2 0.399375 0.965234 0.058125 0.038281
2 0.426484 0.653516 0.002969 0.009375
1 0.458984 0.963574 0.058594 0.041602
2 0.520234 0.963184 0.059219 0.038477
2 0.028828 0.609180 0.057656 0.035547
2 0.087500 0.608008 0.059375 0.033984
2 0.146328 0.605859 0.058281 0.034375
2 0.205156 0.602637 0.060312 0.033008
2 0.265781 0.600879 0.059687 0.032617
2 0.325234 0.598730 0.059844 0.033008
2 0.386016 0.595020 0.059531 0.036523
2 0.030078 0.576074 0.057031 0.031445
2 0.088828 0.573535 0.058906 0.032617
2 0.148281 0.571973 0.059062 0.031836
2 0.205703 0.569727 0.058281 0.032422
2 0.265469 0.567676 0.059063 0.032617
2 0.326094 0.564453 0.061563 0.035156
2 0.386719 0.559570 0.060937 0.029297
2 0.033359 0.542578 0.057344 0.035937
2 0.089922 0.539941 0.057969 0.033398
2 0.148438 0.538184 0.059375 0.036914
2 0.207266 0.535156 0.058281 0.035156
2 0.266875 0.533105 0.058750 0.035352
2 0.326250 0.530957 0.058750 0.035742
2 0.384531 0.528613 0.059687 0.036523
1 0.047969 0.940234 0.058437 0.037500
2 0.052500 0.403809 0.058125 0.032227
2 0.171406 0.400293 0.058438 0.039258
2 0.111094 0.399121 0.059688 0.037695
2 0.231719 0.395605 0.060312 0.040820
2 0.104375 0.938867 0.058750 0.036328
2 0.292031 0.391699 0.059063 0.044727
2 0.317344 0.161328 0.059687 0.028906
2 0.376953 0.157129 0.060156 0.029492
2 0.436719 0.154395 0.060937 0.031055
2 0.497109 0.152246 0.059844 0.031445
2 0.557031 0.149609 0.060937 0.028906
2 0.618047 0.145410 0.061094 0.029102
2 0.676562 0.145410 0.062500 0.029492
2 0.080937 0.145801 0.055625 0.028711
2 0.735938 0.141992 0.059375 0.028516
2 0.140859 0.141602 0.059844 0.033203
2 0.796172 0.138477 0.061094 0.027734
2 0.853359 0.138477 0.059844 0.027734
2 0.199453 0.137012 0.058281 0.030664
2 0.259297 0.135645 0.059219 0.029492
2 0.317109 0.130957 0.059219 0.031055
2 0.376328 0.126660 0.058906 0.031836
2 0.436406 0.123340 0.060313 0.030664
2 0.496953 0.122461 0.059531 0.032031
2 0.555156 0.118848 0.060313 0.031836
2 0.616172 0.116602 0.060469 0.032422
2 0.674609 0.114258 0.058594 0.033203
2 0.734297 0.113184 0.059219 0.031445
2 0.791484 0.111230 0.061094 0.031445
2 0.850234 0.108984 0.056719 0.028125
2 0.070781 0.810547 0.057188 0.035156
2 0.130000 0.808789 0.060000 0.034766
2 0.188906 0.806641 0.059063 0.035156
