2 0.063906 0.737695 0.062187 0.036328
2 0.874922 0.495117 0.059219 0.037109
2 0.270703 0.493750 0.060156 0.035938
2 0.935000 0.490430 0.060625 0.034766
2 0.329922 0.489453 0.059844 0.036719
2 0.391016 0.484961 0.060156 0.030078
2 0.451797 0.482812 0.059844 0.034375
2 0.510859 0.482129 0.062344 0.035742
2 0.572578 0.479590 0.060781 0.036914
2 0.632656 0.472754 0.062188 0.034961
0 0.693125 0.468848 0.061250 0.034961
1 0.032266 0.469531 0.061406 0.033594
2 0.753047 0.468457 0.059219 0.035742
0 0.091016 0.466992 0.060156 0.034766
2 0.812109 0.463477 0.061719 0.033984
4 0.151328 0.464258 0.058906 0.036328
2 0.211641 0.462305 0.060781 0.036328
0 0.871641 0.460059 0.058906 0.033008
2 0.270469 0.459375 0.059687 0.034375
2 0.931172 0.458008 0.062344 0.033203
2 0.330391 0.455664 0.060781 0.037891
2 0.390937 0.451270 0.060000 0.038867
2 0.450234 0.446973 0.059844 0.035742
2 0.510469 0.446289 0.061562 0.037109
2 0.571328 0.442285 0.058281 0.037305
2 0.631094 0.439355 0.062188 0.035352
2 0.691406 0.434766 0.060937 0.036719
2 0.041563 0.942285 0.061250 0.037305
0 0.749141 0.432617 0.060781 0.037109
2 0.808750 0.429688 0.061250 0.035156
2 0.868359 0.425977 0.058594 0.034766
2 0.925703 0.423438 0.057656 0.035938
2 0.100469 0.939355 0.060312 0.039258
2 0.158359 0.936230 0.057344 0.037695
2 0.218281 0.934668 0.061563 0.036914
2 0.280391 0.931738 0.060781 0.038867
2 0.044531 0.330078 0.057813 0.035156
2 0.104922 0.329492 0.059844 0.035938
2 0.165078 0.326074 0.061406 0.035352
2 0.225078 0.319727 0.059531 0.035938
2 0.340313 0.931055 0.061875 0.036328
2 0.285000 0.315430 0.060625 0.033203
2 0.345703 0.311523 0.060156 0.033203
2 0.405703 0.308203 0.061406 0.032031
2 0.466563 0.306250 0.061250 0.032031
2 0.529375 0.301953 0.061875 0.032813
2 0.589609 0.298535 0.060469 0.035742
2 0.402344 0.928711 0.060937 0.037109
2 0.046172 0.296680 0.057969 0.031641
2 0.106172 0.295020 0.059219 0.031055
2 0.650938 0.295508 0.061250 0.033984
2 0.166563 0.292969 0.061250 0.031250
2 0.711797 0.292676 0.064219 0.035742
2 0.771250 0.289258 0.064375 0.034766
0 0.830937 0.287793 0.061875 0.033789
2 0.226641 0.286621 0.059531 0.028320
2 0.286562 0.284961 0.060625 0.031641
2 0.891406 0.285156 0.064062 0.035156
2 0.950078 0.284180 0.059531 0.037109
2 0.345859 0.280664 0.060469 0.032422
2 0.407422 0.277637 0.061719 0.030664
2 0.466250 0.272754 0.060625 0.032617
2 0.527813 0.269336 0.061875 0.031641
2 0.587812 0.267285 0.060000 0.027930
2 0.048516 0.266504 0.059531 0.029492
2 0.109141 0.264551 0.058906 0.029492
2 0.967578 0.054102 0.060156 0.032422
1 0.315234 0.052930 0.061719 0.034766
2 0.373125 0.049316 0.058750 0.034180
2 0.433906 0.045410 0.061562 0.030273
2 0.823203 0.903711 0.058906 0.036328
2 0.102656 0.903418 0.061563 0.036914
2 0.495156 0.042383 0.059063 0.032422
0 0.552734 0.039844 0.058594 0.033594
2 0.612891 0.038867 0.060156 0.035547
2 0.671875 0.035937 0.062500 0.033594
0 0.730469 0.030957 0.057813 0.031836
2 0.789766 0.030664 0.060781 0.032422
2 0.845781 0.026953 0.063438 0.032031
2 0.905312 0.025000 0.060625 0.032031
2 0.965469 0.025195 0.062187 0.027734
2 0.160859 0.902051 0.059219 0.035742
2 0.219062 0.898926 0.060000 0.034180
2 0.882188 0.898438 0.061250 0.035156
2 0.280000 0.896973 0.060000 0.038086
2 0.338672 0.893750 0.061719 0.036719
2 0.941328 0.893457 0.057656 0.037305
2 0.398828 0.892578 0.060156 0.035156
2 0.459375 0.887500 0.059375 0.033594
2 0.519609 0.883594 0.061094 0.041406
2 0.580625 0.882812 0.061250 0.039062
2 0.640469 0.877637 0.059063 0.037695
0 0.699531 0.874512 0.061562 0.036133
2 0.043203 0.871777 0.058281 0.033789
2 0.759375 0.871191 0.059375 0.034961
2 0.102422 0.867773 0.061094 0.037891
2 0.161562 0.866699 0.060625 0.036133
2 0.818125 0.866113 0.061250 0.037305
0 0.219531 0.865234 0.060937 0.039062
0 0.278984 0.863184 0.061094 0.035352
2 0.877734 0.862793 0.058594 0.036133
2 0.338516 0.858594 0.061406 0.036719
2 0.937500 0.857520 0.059375 0.038867
2 0.399062 0.855957 0.060625 0.038086
1 0.459609 0.853223 0.059844 0.035742
2 0.519531 0.851953 0.060937 0.038281
2 0.580234 0.847461 0.060469 0.039453
2 0.637734 0.842285 0.059844 0.038086
1 0.697891 0.839551 0.061406 0.035742
2 0.757578 0.836133 0.058906 0.038672
2 0.816172 0.830957 0.057344 0.037305
2 0.873359 0.826562 0.059219 0.034375
2 0.933828 0.823828 0.061406 0.035937
2 0.122656 0.733105 0.060937 0.037695
2 0.182812 0.730664 0.059375 0.038672
2 0.243750 0.727344 0.059375 0.033594
2 0.303750 0.726465 0.060625 0.035352
2 0.363750 0.722754 0.061875 0.038867
2 0.424453 0.720703 0.061406 0.039062
2 0.486719 0.717480 0.060937 0.037695
2 0.547266 0.712012 0.060156 0.036914
2 0.607422 0.709863 0.061719 0.037305
2 0.667109 0.707910 0.059219 0.037305
2 0.064922 0.702734 0.061094 0.035937
2 0.728047 0.701465 0.062344 0.042383
2 0.125000 0.699316 0.059375 0.038867
2 0.183203 0.698828 0.060156 0.035937
2 0.787422 0.698730 0.059219 0.040039
2 0.848672 0.694336 0.059844 0.037109
2 0.243359 0.693848 0.061719 0.034180
2 0.303516 0.690430 0.060156 0.037109
2 0.905859 0.690332 0.058594 0.037305
2 0.363125 0.687402 0.060625 0.035352
2 0.965781 0.686719 0.059688 0.036719
2 0.423750 0.685059 0.063125 0.036133
2 0.486328 0.681250 0.060156 0.035937
2 0.545625 0.679395 0.060000 0.035742
2 0.604922 0.674219 0.059844 0.034375
2 0.665703 0.669824 0.059531 0.039258
2 0.126484 0.667773 0.059219 0.035547
2 0.066875 0.668555 0.061875 0.033984
2 0.725469 0.666992 0.060313 0.041016
2 0.185078 0.662207 0.060781 0.034961
2 0.786406 0.662207 0.060313 0.038867
2 0.843984 0.660352 0.059844 0.038672
0 0.242891 0.660254 0.060781 0.034961
2 0.904062 0.658203 0.061250 0.035156
1 0.303750 0.657813 0.060625 0.035937
2 0.364453 0.653516 0.060156 0.036719
2 0.961094 0.650293 0.059688 0.039258
2 0.422734 0.649609 0.061094 0.036719
0 0.483516 0.647656 0.060781 0.036719
1 0.543672 0.644727 0.059219 0.034766
2 0.603125 0.639746 0.059375 0.036914
2 0.663906 0.637500 0.059063 0.041406
2 0.723437 0.632812 0.059375 0.039062
2 0.784141 0.628516 0.058906 0.039844
2 0.842422 0.624219 0.059844 0.036719
2 0.901484 0.622461 0.062344 0.036328
2 0.958281 0.620605 0.057188 0.036133
2 0.029922 0.537500 0.059844 0.034375
2 0.089766 0.533594 0.060781 0.038281
2 0.209531 0.532324 0.059687 0.036914
2 0.150313 0.531738 0.060000 0.038086
2 0.268906 0.529395 0.059687 0.034961
2 0.329844 0.524414 0.059687 0.033203
2 0.390078 0.519238 0.061406 0.035742
2 0.450625 0.516309 0.060625 0.033789
2 0.511875 0.515820 0.061250 0.034766
2 0.573047 0.513184 0.061719 0.032227
2 0.633984 0.508789 0.061719 0.033203
2 0.694922 0.504102 0.061719 0.038672
2 0.032109 0.502148 0.061094 0.034766
2 0.755078 0.502539 0.063281 0.033984
2 0.091563 0.498828 0.061250 0.033594
2 0.150156 0.498242 0.059688 0.030859
2 0.815859 0.498633 0.059844 0.033984
2 0.209453 0.495996 0.062656 0.035352
2 0.648984 0.260937 0.063594 0.028906
0 0.168203 0.262012 0.058281 0.030664
2 0.708984 0.258496 0.061719 0.029883
2 0.769141 0.257910 0.063281 0.031055
2 0.459375 0.923535 0.062500 0.035742
4 0.226250 0.255371 0.058750 0.032227
0 0.827578 0.254492 0.061406 0.030469
1 0.286562 0.253906 0.060625 0.031250
2 0.887734 0.253125 0.062969 0.028906
2 0.347266 0.249707 0.060156 0.031836
2 0.945469 0.249609 0.062813 0.032031
0 0.405938 0.247656 0.061875 0.032031
2 0.466719 0.243262 0.058437 0.029102
2 0.525938 0.238086 0.061250 0.031641
2 0.520625 0.921777 0.060000 0.035352
4 0.585313 0.235547 0.061250 0.032812
2 0.646016 0.233105 0.060781 0.033789
0 0.704766 0.229590 0.059531 0.029102
0 0.765156 0.228711 0.061562 0.030859
2 0.823984 0.224707 0.060469 0.031445
2 0.885000 0.222461 0.060625 0.031641
2 0.942344 0.219531 0.062813 0.033594
2 0.581328 0.919141 0.062656 0.036719
2 0.642109 0.913086 0.059219 0.037109
2 0.023438 0.131641 0.046875 0.033594
2 0.075313 0.130859 0.056875 0.031250
2 0.135078 0.125781 0.060781 0.037500
2 0.194766 0.125098 0.058281 0.034961
2 0.255312 0.121680 0.060625 0.037891
2 0.701797 0.910254 0.059844 0.038867
2 0.313594 0.118945 0.058438 0.035547
0 0.373672 0.113672 0.062969 0.034375
2 0.433906 0.110254 0.061562 0.037305
2 0.494922 0.106836 0.061719 0.032422
2 0.556250 0.100879 0.059375 0.032617
2 0.615781 0.099805 0.059687 0.034766
2 0.024453 0.100391 0.048906 0.029688
2 0.075781 0.097949 0.057813 0.030664
0 0.675078 0.097656 0.062656 0.035156
0 0.735313 0.097656 0.061250 0.035156
2 0.794453 0.096484 0.060781 0.029688
2 0.135937 0.091699 0.062500 0.031445
2 0.196563 0.091113 0.058750 0.032617
1 0.854688 0.090527 0.062500 0.033789
2 0.913906 0.088867 0.062187 0.033203
2 0.970625 0.087891 0.056875 0.035156
2 0.255156 0.087207 0.060312 0.032617
2 0.313359 0.083984 0.061094 0.031250
2 0.762734 0.906641 0.059844 0.038281
2 0.373672 0.080762 0.059844 0.033789
2 0.433516 0.077344 0.060781 0.036719
2 0.494453 0.075781 0.060781 0.032031
2 0.554922 0.068848 0.059844 0.030273
2 0.025625 0.069043 0.051250 0.029883
2 0.613438 0.066699 0.061250 0.030664
2 0.673906 0.066309 0.060313 0.031445
2 0.080469 0.067383 0.057813 0.033203
2 0.733750 0.064160 0.058125 0.031836
4 0.791875 0.062695 0.058750 0.034766
2 0.042500 0.905078 0.060000 0.037500
2 0.138594 0.061133 0.058438 0.030078
2 0.197266 0.059180 0.060156 0.030078
2 0.850156 0.058594 0.059688 0.031250
2 0.910000 0.057910 0.060625 0.032617
1 0.255781 0.056934 0.058438 0.030664
