3 0.688203 0.868262 0.057969 0.029492
2 0.219062 0.653125 0.065000 0.028906
2 0.629141 0.867383 0.060469 0.031641
2 0.039219 0.666992 0.062187 0.033203
2 0.176563 0.081250 0.059375 0.037500
3 0.687969 0.800488 0.058437 0.034570
2 0.627734 0.803809 0.063281 0.037305
2 0.525859 0.669531 0.060781 0.034375
2 0.565547 0.806445 0.062656 0.034766
2 0.463906 0.640820 0.062812 0.031641
2 0.504141 0.808105 0.060469 0.038086
2 0.465234 0.670898 0.063281 0.033203
2 0.443359 0.814844 0.063281 0.035937
2 0.402500 0.642773 0.063750 0.031641
3 0.810234 0.820605 0.060781 0.031836
2 0.870391 0.821094 0.062344 0.032813
2 0.355313 0.065625 0.061250 0.041406
3 0.832188 0.653125 0.063750 0.032813
2 0.404297 0.676758 0.060156 0.037109
2 0.342734 0.679883 0.061406 0.035547
2 0.381641 0.822559 0.064844 0.039648
2 0.340469 0.646680 0.062812 0.035547
2 0.160781 0.656055 0.062813 0.030859
3 0.933359 0.821484 0.064531 0.033594
2 0.282578 0.679883 0.059844 0.031641
2 0.319766 0.821680 0.063594 0.037891
2 0.259297 0.824414 0.062656 0.035547
1 0.292969 0.070117 0.060937 0.038672
3 0.748594 0.825879 0.065313 0.034570
3 0.769531 0.658691 0.060937 0.032227
2 0.195703 0.828711 0.061719 0.036328
2 0.222187 0.684180 0.061563 0.032422
2 0.135859 0.828516 0.062656 0.032031
2 0.078828 0.834180 0.061094 0.035547
2 0.162344 0.688086 0.062813 0.028516
3 0.955234 0.644141 0.052031 0.038281
3 0.688203 0.835449 0.057969 0.034180
3 0.895547 0.645410 0.065156 0.036914
2 0.100469 0.661523 0.061562 0.026172
2 0.628828 0.838477 0.061094 0.028516
2 0.103438 0.691992 0.061875 0.032422
2 0.565703 0.839648 0.062344 0.030859
2 0.504453 0.843750 0.062969 0.035156
2 0.043594 0.696875 0.059688 0.030469
2 0.444609 0.850391 0.060781 0.028906
2 0.709609 0.662891 0.062031 0.028906
3 0.932578 0.851660 0.066094 0.027539
2 0.236172 0.076172 0.062031 0.039062
2 0.870469 0.852344 0.062187 0.028906
2 0.383047 0.853516 0.065156 0.027344
3 0.932969 0.786328 0.062187 0.037500
3 0.809688 0.854492 0.061875 0.033203
2 0.261484 0.855469 0.064531 0.031250
2 0.650469 0.662500 0.058437 0.032031
2 0.870859 0.788770 0.061406 0.034570
2 0.322734 0.855469 0.063906 0.027344
2 0.202109 0.858789 0.061406 0.030078
2 0.117031 0.086426 0.062813 0.040039
1 0.587031 0.666602 0.063438 0.032422
2 0.811250 0.788574 0.061875 0.030273
2 0.142109 0.860938 0.065781 0.030469
2 0.279531 0.650195 0.062812 0.026953
3 0.749375 0.793066 0.063750 0.031445
3 0.750703 0.861133 0.064219 0.034766
2 0.083047 0.865625 0.062031 0.032031
0 0.328828 0.194922 0.061094 0.042187
2 0.940000 0.197070 0.060625 0.034766
2 0.879766 0.201270 0.059219 0.035352
2 0.267734 0.203320 0.061406 0.055078
3 0.819375 0.203516 0.061250 0.035938
0 0.209063 0.207617 0.063125 0.044141
3 0.758594 0.207617 0.060937 0.036328
2 0.148594 0.211426 0.059062 0.043945
2 0.696719 0.211719 0.062812 0.036719
2 0.088281 0.215430 0.060937 0.044141
2 0.634844 0.220117 0.058437 0.033984
2 0.029141 0.219824 0.057344 0.041211
2 0.575234 0.224414 0.062031 0.034766
2 0.513672 0.224219 0.063281 0.034375
2 0.452813 0.227832 0.063125 0.029883
2 0.393281 0.232227 0.060312 0.034766
2 0.938438 0.232715 0.060625 0.035742
0 0.330313 0.234961 0.064375 0.036328
2 0.414687 0.023633 0.061250 0.039453
3 0.879063 0.236035 0.060625 0.034570
3 0.818906 0.241211 0.059063 0.037109
3 0.758750 0.243652 0.060625 0.038086
2 0.270547 0.244531 0.062031 0.032031
2 0.211172 0.245312 0.062031 0.033594
2 0.697266 0.246973 0.061719 0.040820
2 0.149453 0.250781 0.060469 0.036719
2 0.090781 0.251855 0.059062 0.038867
3 0.960000 0.027051 0.058125 0.038477
2 0.637031 0.254297 0.060313 0.032031
2 0.031094 0.256738 0.059688 0.033008
2 0.576797 0.257910 0.062031 0.035352
2 0.513750 0.259570 0.063125 0.034766
1 0.455391 0.261230 0.061094 0.038086
2 0.393984 0.267188 0.062031 0.034375
0 0.333047 0.269629 0.062031 0.035352
2 0.353984 0.028418 0.060781 0.037305
3 0.899531 0.029395 0.060313 0.043164
0 0.272656 0.273535 0.060937 0.035352
0 0.212344 0.279883 0.062813 0.036328
0 0.152969 0.284961 0.059688 0.030859
2 0.094297 0.289160 0.058281 0.043164
2 0.034766 0.292090 0.058594 0.037305
0 0.294063 0.031250 0.061875 0.039062
3 0.837266 0.034277 0.066094 0.041211
3 0.917656 0.366504 0.061562 0.045508
2 0.855859 0.369824 0.060156 0.040430
2 0.233438 0.037012 0.061250 0.038867
3 0.776719 0.038770 0.059063 0.038477
2 0.794609 0.373535 0.060781 0.043945
3 0.735547 0.376465 0.063281 0.038086
3 0.673359 0.379980 0.062656 0.041211
3 0.610859 0.383008 0.062656 0.035547
3 0.549766 0.387500 0.059844 0.036719
2 0.487422 0.389453 0.062656 0.036719
2 0.426797 0.395020 0.062031 0.040039
2 0.365859 0.399121 0.062031 0.040430
2 0.304609 0.403223 0.059531 0.036914
2 0.856172 0.406641 0.062656 0.035938
2 0.916484 0.406836 0.063906 0.036328
2 0.243203 0.407227 0.063594 0.033203
3 0.795703 0.409668 0.061719 0.038086
2 0.717266 0.042969 0.062344 0.039062
2 0.181953 0.412207 0.061094 0.039258
3 0.734766 0.415332 0.061719 0.041602
2 0.120078 0.415527 0.062969 0.038086
2 0.061953 0.417969 0.060469 0.035156
3 0.674297 0.418555 0.060781 0.036328
3 0.611797 0.420410 0.063906 0.040039
3 0.548984 0.424609 0.057969 0.036719
2 0.489922 0.426855 0.060781 0.041211
2 0.174609 0.043262 0.060156 0.035742
2 0.427734 0.433594 0.063281 0.035156
2 0.366641 0.436914 0.060469 0.033984
2 0.306016 0.439648 0.062969 0.035547
3 0.915703 0.438379 0.062344 0.036914
2 0.246484 0.442773 0.060156 0.033984
3 0.855078 0.443066 0.061719 0.038477
3 0.795234 0.445508 0.062656 0.035547
3 0.734609 0.449414 0.062031 0.035547
2 0.185859 0.449414 0.059219 0.035547
2 0.126016 0.453223 0.063594 0.039258
2 0.066484 0.454492 0.063906 0.037891
3 0.673359 0.455664 0.059531 0.036328
3 0.611797 0.459961 0.063906 0.033203
3 0.549297 0.461816 0.060781 0.036914
2 0.489766 0.465039 0.061094 0.035547
2 0.430078 0.468164 0.061719 0.033984
2 0.306328 0.474512 0.062344 0.038867
2 0.248203 0.477832 0.059844 0.041602
2 0.186641 0.483496 0.061094 0.037305
2 0.127734 0.488281 0.063281 0.031250
2 0.114297 0.048926 0.062031 0.035352
2 0.368516 0.473242 0.062969 0.036328
2 0.067578 0.490234 0.061719 0.035156
2 0.052422 0.052930 0.060781 0.039453
2 0.535078 0.054199 0.064219 0.038086
2 0.596953 0.049121 0.062344 0.035742
3 0.954453 0.568750 0.056719 0.035937
2 0.475781 0.055957 0.060937 0.037695
3 0.896172 0.575586 0.060781 0.037891
3 0.833125 0.583691 0.065000 0.034570
3 0.770156 0.584180 0.059687 0.035547
2 0.416406 0.060742 0.060937 0.039453
3 0.710391 0.589551 0.060469 0.042383
3 0.648281 0.595313 0.062812 0.034375
2 0.524219 0.603418 0.064062 0.046680
2 0.585234 0.598242 0.060781 0.036328
3 0.953203 0.605176 0.056094 0.034570
2 0.461328 0.604395 0.061719 0.040820
2 0.399297 0.605957 0.060781 0.040039
2 0.338906 0.610352 0.062812 0.037109
3 0.896250 0.610840 0.063750 0.034180
2 0.275781 0.616992 0.064062 0.034766
2 0.215781 0.621094 0.062187 0.035156
3 0.832969 0.620020 0.065312 0.036914
3 0.768828 0.620508 0.062344 0.041797
2 0.155313 0.626172 0.061250 0.033594
2 0.094219 0.628809 0.061562 0.038867
3 0.707422 0.629102 0.060156 0.035547
2 0.647344 0.629492 0.061562 0.032422
2 0.033750 0.630371 0.060625 0.041992
2 0.585859 0.633203 0.062656 0.032031
2 0.525391 0.638281 0.061719 0.030469
0 0.658828 0.046289 0.060469 0.033984
2 0.567266 0.872656 0.062344 0.034375
4 0.508047 0.877344 0.062031 0.028125
4 0.445859 0.881836 0.061406 0.029297
2 0.057734 0.089551 0.062656 0.038477
2 0.384141 0.882227 0.062969 0.033984
2 0.324453 0.884375 0.063594 0.030469
2 0.263984 0.887695 0.062656 0.033203
2 0.205391 0.888867 0.061094 0.031641
2 0.146641 0.890820 0.059844 0.031641
2 0.085547 0.893359 0.063281 0.028906
2 0.110703 0.015430 0.059844 0.030859
2 0.170313 0.011914 0.059375 0.023828
0 0.656719 0.014453 0.061562 0.028906
0 0.595391 0.016309 0.062344 0.032617
2 0.051797 0.016699 0.062031 0.033398
3 0.940234 0.160547 0.060156 0.035938
2 0.880469 0.166406 0.060937 0.035938
2 0.819297 0.166797 0.061406 0.036719
2 0.696953 0.174219 0.059219 0.035938
3 0.757500 0.171094 0.063125 0.037500
2 0.536016 0.018555 0.062344 0.037109
2 0.475234 0.018359 0.062031 0.036719
2 0.636172 0.183496 0.062031 0.042773
2 0.574219 0.184375 0.060937 0.044531
2 0.512500 0.187402 0.062500 0.042773
2 0.452109 0.189746 0.061406 0.043555
2 0.389453 0.195020 0.061719 0.046289
