0 0.426953 0.494043 0.061719 0.034961
0 0.545781 0.489355 0.061562 0.037305
2 0.364453 0.499219 0.061719 0.033594
0 0.486797 0.488281 0.060781 0.035156
2 0.608828 0.484277 0.063594 0.031055
2 0.651641 0.049316 0.059219 0.028320
1 0.666406 0.481738 0.060937 0.033789
2 0.726875 0.477148 0.061875 0.032422
2 0.787031 0.472461 0.060313 0.030859
2 0.847344 0.469434 0.058437 0.028711
1 0.962187 0.466504 0.060000 0.034570
0 0.304141 0.463965 0.060469 0.037305
0 0.365859 0.463477 0.062031 0.036328
2 0.244609 0.470020 0.060781 0.033789
2 0.903047 0.467773 0.059531 0.029297
2 0.710781 0.048242 0.059687 0.026172
2 0.768359 0.047852 0.060156 0.029297
2 0.064922 0.476660 0.060781 0.035352
0 0.122344 0.477441 0.061562 0.036914
2 0.183281 0.473535 0.061563 0.036914
1 0.918281 0.911230 0.060313 0.037305
2 0.972188 0.908789 0.055625 0.036328
2 0.378672 0.905957 0.061406 0.034570
2 0.438828 0.903516 0.059844 0.033594
2 0.498359 0.901270 0.059531 0.036914
2 0.352813 0.090332 0.060000 0.028320
2 0.938906 0.672266 0.059688 0.032031
1 0.339609 0.669629 0.061406 0.038477
1 0.398906 0.666699 0.061563 0.036523
2 0.558359 0.895703 0.061406 0.033594
2 0.822500 0.678027 0.061250 0.031836
2 0.278203 0.676465 0.059219 0.036523
2 0.881406 0.676367 0.062187 0.032422
2 0.158984 0.680371 0.060156 0.036523
2 0.219687 0.676855 0.060625 0.037305
2 0.099687 0.680762 0.060000 0.037305
2 0.655391 0.107227 0.061094 0.030859
2 0.619609 0.931348 0.060781 0.038477
2 0.257031 0.912988 0.060937 0.036914
2 0.317656 0.910645 0.061875 0.036133
2 0.461641 0.662402 0.061094 0.035742
2 0.521953 0.659375 0.059219 0.033594
2 0.559453 0.930371 0.059219 0.036523
2 0.137031 0.918652 0.060312 0.036523
2 0.859453 0.917285 0.059219 0.037695
2 0.197422 0.916992 0.061094 0.033203
2 0.680469 0.929102 0.060937 0.037891
0 0.800703 0.920508 0.057969 0.040234
0 0.740391 0.924609 0.059844 0.040625
2 0.077578 0.921777 0.060469 0.034961
2 0.051953 0.107129 0.061719 0.026758
0 0.438672 0.941309 0.060156 0.042773
2 0.136094 0.954785 0.062187 0.038477
2 0.500156 0.938574 0.062188 0.037305
2 0.195859 0.951660 0.061406 0.036133
2 0.379297 0.943555 0.063281 0.039453
2 0.256953 0.950781 0.061094 0.038281
2 0.317656 0.946289 0.061563 0.037109
2 0.716250 0.105762 0.061250 0.031836
2 0.231953 0.097949 0.061094 0.027930
2 0.077344 0.958008 0.060937 0.037109
2 0.293047 0.096582 0.060781 0.029102
1 0.775391 0.105176 0.061719 0.030664
2 0.171563 0.101172 0.060000 0.026563
2 0.112422 0.104688 0.062656 0.025781
2 0.832812 0.102637 0.059375 0.029492
2 0.292813 0.125391 0.061250 0.032031
2 0.595547 0.111133 0.062031 0.030859
2 0.353594 0.118066 0.061563 0.029102
2 0.474297 0.113477 0.060781 0.031641
2 0.414687 0.114648 0.061250 0.030078
2 0.534922 0.113965 0.061406 0.032617
2 0.111172 0.132031 0.062031 0.029688
2 0.170078 0.129199 0.059844 0.031836
2 0.231328 0.128125 0.062344 0.033594
2 0.050391 0.136621 0.061719 0.031055
2 0.966875 0.500098 0.060000 0.031445
0 0.064375 0.512207 0.058750 0.036133
1 0.849687 0.503223 0.056875 0.037695
2 0.908203 0.500488 0.058594 0.036133
2 0.305078 0.500488 0.061719 0.036133
2 0.730234 0.510645 0.064531 0.036914
2 0.122500 0.510938 0.061250 0.029687
2 0.244297 0.504492 0.061406 0.036328
0 0.582969 0.654785 0.062188 0.040039
2 0.935000 0.638770 0.061250 0.035352
2 0.183359 0.508301 0.061406 0.032227
0 0.790156 0.508105 0.060313 0.035742
2 0.366094 0.533789 0.061563 0.036328
2 0.610313 0.520312 0.063750 0.040625
2 0.353594 0.061328 0.061563 0.028906
0 0.671016 0.515527 0.061094 0.038867
2 0.426797 0.528516 0.062031 0.037500
2 0.549375 0.523828 0.063750 0.035937
2 0.591797 0.052539 0.060156 0.030859
2 0.486953 0.525195 0.063594 0.038672
2 0.412031 0.059766 0.060312 0.029688
0 0.184141 0.541406 0.062969 0.035937
2 0.243516 0.541895 0.062969 0.036914
2 0.304688 0.536816 0.062500 0.034570
2 0.062266 0.546582 0.062969 0.038477
0 0.122344 0.544629 0.061562 0.038477
2 0.472813 0.055957 0.060625 0.029883
2 0.532422 0.055859 0.060156 0.029688
2 0.760938 0.649023 0.059375 0.036328
2 0.879141 0.640527 0.060469 0.034961
2 0.818828 0.645508 0.062344 0.033203
2 0.293125 0.066602 0.060625 0.031641
0 0.641953 0.653711 0.059844 0.037891
2 0.702578 0.651465 0.060469 0.037305
2 0.157109 0.753320 0.060781 0.033984
2 0.340000 0.743457 0.060625 0.033789
2 0.702734 0.685254 0.063281 0.034570
2 0.280391 0.747168 0.061094 0.033398
0 0.511797 0.255371 0.060781 0.034180
0 0.039922 0.684180 0.060781 0.036328
1 0.453984 0.292090 0.060781 0.033398
2 0.573828 0.254688 0.061719 0.032813
2 0.810391 0.244727 0.060469 0.032422
2 0.922969 0.241895 0.060313 0.030664
2 0.633047 0.251660 0.062031 0.034570
2 0.869453 0.244824 0.061094 0.032617
2 0.693047 0.248926 0.060781 0.033008
2 0.750781 0.246484 0.060937 0.032031
2 0.514766 0.288770 0.061094 0.034570
2 0.928906 0.272559 0.060937 0.033398
0 0.392891 0.260547 0.061094 0.036719
0 0.452578 0.258496 0.060469 0.032617
0 0.152578 0.272168 0.060469 0.032617
2 0.333437 0.265625 0.058125 0.035156
2 0.212812 0.271191 0.058750 0.034570
2 0.272734 0.267871 0.060781 0.031836
2 0.576484 0.286719 0.062656 0.030469
2 0.753594 0.277441 0.061562 0.031445
2 0.812656 0.276855 0.062188 0.030273
2 0.872031 0.275879 0.062187 0.032227
2 0.634687 0.284863 0.061875 0.030664
2 0.093359 0.277441 0.060156 0.031445
2 0.695859 0.279590 0.061406 0.031836
0 0.032891 0.280273 0.062344 0.033203
2 0.762500 0.684668 0.062500 0.033398
2 0.272344 0.333594 0.061563 0.030469
2 0.875547 0.305859 0.061406 0.029687
2 0.933984 0.304297 0.057031 0.030469
2 0.393203 0.294238 0.060469 0.029883
2 0.272500 0.301758 0.061250 0.033203
2 0.333828 0.298926 0.060469 0.035352
2 0.217578 0.751172 0.061719 0.033594
2 0.333516 0.332520 0.061094 0.032227
1 0.817891 0.309375 0.061094 0.032813
2 0.151328 0.307324 0.059844 0.032617
2 0.212500 0.305957 0.059375 0.033789
2 0.393906 0.328027 0.062188 0.034961
2 0.757344 0.311230 0.060313 0.032617
2 0.092344 0.310840 0.059062 0.031836
2 0.455156 0.326465 0.061562 0.035742
2 0.698125 0.314063 0.063125 0.034375
2 0.031797 0.311621 0.061406 0.029492
2 0.516094 0.323047 0.061562 0.032813
2 0.637734 0.316016 0.062031 0.030469
2 0.577266 0.318164 0.061094 0.034766
2 0.232813 0.069727 0.059375 0.030078
2 0.151562 0.338672 0.059375 0.032813
2 0.843984 0.440137 0.058906 0.032617
2 0.211406 0.337500 0.061563 0.030469
0 0.899297 0.436719 0.057656 0.033594
2 0.090469 0.340723 0.062813 0.029102
2 0.957266 0.432812 0.057344 0.033594
2 0.029687 0.343750 0.059375 0.035156
0 0.425547 0.460645 0.061094 0.034570
1 0.664609 0.447754 0.061406 0.036133
2 0.724375 0.445020 0.060625 0.034570
2 0.782734 0.441211 0.059531 0.034766
2 0.485469 0.455371 0.060313 0.031836
2 0.825703 0.045410 0.061094 0.032227
2 0.546094 0.454492 0.060937 0.033984
2 0.605469 0.452148 0.060937 0.037109
0 0.713047 0.075488 0.061406 0.029883
2 0.401719 0.741895 0.062188 0.034570
2 0.218672 0.715527 0.059531 0.036523
2 0.583594 0.692773 0.060937 0.037891
2 0.112969 0.075293 0.061562 0.029492
2 0.643516 0.689648 0.062969 0.035547
2 0.825469 0.713086 0.061562 0.035547
2 0.400625 0.704297 0.061250 0.041406
2 0.462031 0.699414 0.060313 0.039453
2 0.522344 0.695996 0.061562 0.036523
2 0.279766 0.712012 0.062344 0.033398
2 0.340391 0.705859 0.059844 0.040625
2 0.884766 0.710449 0.061719 0.034180
0 0.942187 0.705176 0.059375 0.035352
2 0.462891 0.738379 0.061719 0.035352
2 0.766797 0.718164 0.063281 0.033984
2 0.646406 0.724219 0.063438 0.038281
2 0.159062 0.717773 0.060000 0.037109
2 0.172891 0.073242 0.060469 0.029297
2 0.098047 0.719531 0.060156 0.036719
2 0.037891 0.720898 0.061719 0.035547
2 0.706094 0.720410 0.062812 0.034570
2 0.524141 0.734570 0.061094 0.039453
2 0.586562 0.731152 0.061250 0.036523
2 0.829453 0.075391 0.060156 0.025781
2 0.771172 0.074219 0.060781 0.027344
2 0.079687 0.884180 0.062500 0.037891
2 0.097266 0.754980 0.058594 0.037305
2 0.853438 0.841895 0.058750 0.031445
0 0.037500 0.757617 0.062500 0.038672
2 0.413750 0.084766 0.060000 0.025000
2 0.592891 0.082031 0.061094 0.031250
2 0.053750 0.080859 0.061250 0.028906
0 0.653516 0.077734 0.061719 0.030469
2 0.474141 0.083691 0.061094 0.026758
2 0.970859 0.835547 0.058281 0.034375
2 0.534062 0.084375 0.060000 0.028125
2 0.911172 0.839551 0.058906 0.034570
2 0.798594 0.883594 0.059063 0.036719
0 0.438047 0.866895 0.061406 0.038477
2 0.736563 0.849023 0.058125 0.045703
0 0.796016 0.846777 0.057969 0.037305
2 0.498281 0.865527 0.059687 0.035742
2 0.677891 0.851953 0.059844 0.043750
2 0.557578 0.862695 0.059844 0.033984
0 0.618437 0.858887 0.060000 0.034180
0 0.138516 0.879785 0.060469 0.040820
1 0.316641 0.873437 0.060469 0.039844
2 0.971641 0.872656 0.056719 0.038281
1 0.377734 0.871094 0.060156 0.039062
4 0.857266 0.878906 0.057344 0.039062
2 0.914375 0.872559 0.058750 0.034180
2 0.197656 0.878906 0.060937 0.039062
2 0.256953 0.877637 0.061094 0.036523
2 0.738672 0.889258 0.060156 0.036328
2 0.680156 0.892285 0.061562 0.038477
2 0.619844 0.893945 0.060313 0.033984
