2 0.854063 0.115430 0.060625 0.031641
2 0.913281 0.115137 0.054688 0.034961
2 0.376719 0.107617 0.059063 0.031641
2 0.437266 0.106836 0.059844 0.033984
2 0.175000 0.976660 0.059375 0.035352
2 0.033828 0.774023 0.060469 0.036328
2 0.894688 0.281641 0.051250 0.032031
2 0.359609 0.280859 0.058906 0.034375
1 0.421016 0.277344 0.057969 0.031250
1 0.556484 0.099805 0.055781 0.031641
2 0.056484 0.910352 0.058906 0.035547
2 0.851250 0.086816 0.056875 0.033008
2 0.375703 0.079004 0.057969 0.033008
2 0.257578 0.085352 0.059844 0.033984
2 0.316797 0.080957 0.060156 0.033008
2 0.906875 0.081543 0.055000 0.030273
2 0.964063 0.081738 0.053125 0.030664
2 0.114219 0.904883 0.059062 0.036328
4 0.416172 0.887500 0.058281 0.036719
1 0.197188 0.088770 0.058750 0.033008
2 0.792266 0.087402 0.056094 0.030273
2 0.175000 0.902930 0.059375 0.036328
2 0.356406 0.891016 0.059063 0.035937
2 0.235547 0.900293 0.060156 0.034961
2 0.295156 0.895605 0.060000 0.037305
2 0.235391 0.972559 0.060469 0.034961
2 0.138984 0.094531 0.059531 0.036719
2 0.417969 0.923730 0.057813 0.034961
2 0.733281 0.092480 0.055312 0.032617
2 0.675938 0.092773 0.057500 0.029297
2 0.357266 0.928613 0.060469 0.036914
2 0.236953 0.936328 0.060469 0.036719
2 0.296719 0.932520 0.059687 0.036914
2 0.296719 0.966406 0.059687 0.034375
2 0.114062 0.942285 0.059375 0.036914
0 0.174687 0.939063 0.060000 0.038281
2 0.617578 0.094629 0.058594 0.033008
2 0.358281 0.963281 0.061563 0.035937
2 0.054141 0.946387 0.060469 0.037305
2 0.418594 0.959570 0.059687 0.036328
2 0.077422 0.096875 0.057656 0.033594
2 0.497266 0.103027 0.061719 0.030273
1 0.024219 0.101562 0.048438 0.035156
2 0.053906 0.982031 0.060937 0.034375
2 0.115078 0.979590 0.060469 0.037305
2 0.970000 0.111621 0.050625 0.035742
2 0.317344 0.111523 0.059063 0.031641
2 0.257422 0.115234 0.060156 0.031250
2 0.890781 0.250684 0.052812 0.032617
2 0.833437 0.252051 0.055000 0.035352
2 0.774219 0.256055 0.054688 0.031641
0 0.717422 0.261133 0.055781 0.033984
2 0.658750 0.262500 0.057500 0.028906
0 0.598125 0.265820 0.056875 0.031641
1 0.538984 0.269727 0.056406 0.031641
2 0.480078 0.272949 0.058594 0.030273
2 0.378125 0.138281 0.059375 0.034375
2 0.196563 0.118359 0.060312 0.033594
2 0.796094 0.117383 0.054688 0.031641
2 0.437422 0.136426 0.059531 0.030664
2 0.135703 0.123730 0.059844 0.032617
2 0.677891 0.124219 0.059844 0.033594
2 0.737969 0.120020 0.055312 0.033008
2 0.499375 0.135937 0.060625 0.033594
2 0.618750 0.124902 0.059375 0.034961
2 0.558672 0.131543 0.057656 0.032617
2 0.076875 0.125879 0.058750 0.033008
2 0.256406 0.146582 0.059063 0.035352
2 0.317500 0.141992 0.058750 0.033984
2 0.195234 0.150293 0.059531 0.034961
2 0.075938 0.157422 0.060625 0.033594
2 0.135859 0.153711 0.059531 0.033984
2 0.421563 0.308301 0.056875 0.030664
0 0.481250 0.303516 0.059375 0.032813
2 0.542344 0.298535 0.055938 0.030664
2 0.062344 0.296777 0.059688 0.034961
0 0.661016 0.293652 0.056094 0.032617
2 0.602656 0.297070 0.057188 0.031641
0 0.120703 0.294336 0.058594 0.033984
2 0.722344 0.290430 0.055312 0.033984
2 0.180781 0.289355 0.060312 0.035742
2 0.842578 0.315820 0.055469 0.033984
2 0.299922 0.316113 0.059531 0.030664
2 0.900000 0.311426 0.053125 0.033008
2 0.361016 0.311621 0.059219 0.033398
2 0.273359 0.555762 0.059531 0.033398
2 0.333437 0.482715 0.058125 0.031836
2 0.301094 0.346094 0.060312 0.032031
2 0.724688 0.322168 0.056875 0.034961
0 0.180781 0.321484 0.060000 0.033594
2 0.240156 0.318945 0.060312 0.032422
2 0.782891 0.317969 0.056094 0.034375
2 0.361406 0.343359 0.058438 0.034375
2 0.604844 0.329980 0.059063 0.034961
0 0.120703 0.326953 0.058594 0.032813
2 0.664375 0.325293 0.055625 0.033398
2 0.423828 0.339844 0.058594 0.035156
2 0.061172 0.329785 0.058906 0.030664
2 0.482891 0.335840 0.059219 0.034961
2 0.543359 0.331836 0.057031 0.034766
2 0.872109 0.480762 0.055781 0.031836
2 0.809922 0.453027 0.055156 0.034961
0 0.179844 0.353223 0.059062 0.034570
2 0.240000 0.350391 0.060625 0.032813
2 0.868047 0.449121 0.054531 0.034961
2 0.120156 0.359375 0.059688 0.035156
0 0.924297 0.443750 0.054531 0.032031
2 0.058750 0.363184 0.060625 0.034961
2 0.394062 0.479492 0.058750 0.029297
1 0.632109 0.466016 0.057656 0.033594
2 0.692109 0.463867 0.056406 0.033203
2 0.750859 0.455762 0.057656 0.032617
2 0.929688 0.475391 0.053125 0.032813
2 0.573281 0.470605 0.056562 0.034961
2 0.453047 0.474414 0.059531 0.030859
2 0.513672 0.473047 0.060156 0.032031
2 0.334609 0.550293 0.058906 0.034180
2 0.875469 0.516016 0.055312 0.035937
2 0.153594 0.494922 0.058750 0.032813
2 0.813438 0.488184 0.054375 0.034961
2 0.694531 0.492578 0.057813 0.032031
2 0.272344 0.488379 0.058438 0.031445
2 0.213828 0.491699 0.059844 0.030273
1 0.755391 0.489355 0.057969 0.033398
0 0.393906 0.512402 0.059063 0.032617
2 0.575859 0.501660 0.057656 0.030664
2 0.092734 0.497949 0.058281 0.031055
2 0.636094 0.497754 0.059063 0.030664
2 0.933437 0.509570 0.055000 0.038672
2 0.034063 0.503320 0.056875 0.030078
2 0.454609 0.508203 0.059531 0.032031
2 0.515625 0.506445 0.059375 0.032422
2 0.395156 0.546875 0.059687 0.035156
2 0.903281 0.053711 0.052812 0.029297
2 0.817187 0.521582 0.056250 0.035352
2 0.333047 0.516602 0.058906 0.033203
2 0.958750 0.053906 0.051250 0.029688
2 0.273750 0.521875 0.058750 0.032031
2 0.212500 0.523438 0.059375 0.031250
0 0.757656 0.521680 0.056562 0.035547
2 0.455156 0.543164 0.061562 0.035547
2 0.093125 0.531836 0.057500 0.032422
2 0.698438 0.528320 0.056250 0.037109
2 0.152891 0.527344 0.059844 0.031250
2 0.516641 0.536719 0.060469 0.034375
2 0.638828 0.532129 0.059844 0.036914
2 0.033125 0.535547 0.055625 0.032031
0 0.577031 0.533984 0.058437 0.036719
2 0.395781 0.717285 0.061563 0.032227
0 0.576484 0.671680 0.059531 0.034766
2 0.032969 0.568945 0.055937 0.032422
2 0.846016 0.057324 0.057969 0.032617
2 0.212422 0.557422 0.059531 0.036719
2 0.092812 0.563477 0.058125 0.033203
2 0.153047 0.561816 0.059531 0.033789
2 0.635000 0.669336 0.058125 0.033984
2 0.671563 0.063867 0.056875 0.033984
2 0.730391 0.061914 0.057969 0.033984
2 0.789609 0.057715 0.058281 0.033398
2 0.694453 0.663672 0.057969 0.030469
2 0.614453 0.064453 0.058594 0.031250
0 0.752188 0.660156 0.058125 0.031250
2 0.553828 0.065918 0.057969 0.030273
2 0.456562 0.712891 0.061875 0.031250
2 0.215078 0.696094 0.060469 0.036719
0 0.455781 0.680664 0.060313 0.033203
0 0.515391 0.679199 0.056719 0.034180
2 0.276016 0.693652 0.060469 0.039648
2 0.395625 0.684570 0.058750 0.033203
2 0.757656 0.691504 0.059687 0.035352
0 0.334609 0.689258 0.058906 0.038672
2 0.518281 0.710254 0.060313 0.033789
2 0.639297 0.702734 0.058906 0.034375
0 0.156016 0.701270 0.059844 0.035352
2 0.698438 0.698340 0.059375 0.033398
1 0.034766 0.704590 0.058594 0.034180
2 0.495234 0.070605 0.059531 0.035742
0 0.577656 0.704395 0.060313 0.033789
0 0.095547 0.704004 0.058906 0.033008
2 0.337109 0.757617 0.060156 0.038672
2 0.642031 0.735840 0.059687 0.034180
2 0.335781 0.723145 0.059687 0.032227
2 0.215000 0.732031 0.060625 0.034375
2 0.762188 0.726465 0.060000 0.034961
2 0.700625 0.731055 0.058125 0.036328
2 0.275000 0.727734 0.059375 0.033594
2 0.397344 0.751270 0.061563 0.033789
2 0.035859 0.740332 0.059531 0.035352
2 0.096016 0.738770 0.061094 0.036133
0 0.155078 0.736133 0.058594 0.034766
2 0.459141 0.747070 0.059844 0.037109
2 0.579844 0.739746 0.059063 0.034180
2 0.520078 0.743652 0.059844 0.034180
2 0.436094 0.075781 0.059063 0.034375
2 0.215234 0.765723 0.060156 0.035352
2 0.276016 0.760645 0.060469 0.036914
2 0.154531 0.769824 0.059688 0.035742
2 0.092969 0.773828 0.060937 0.035937
2 0.301641 0.282813 0.059219 0.034375
2 0.838516 0.282617 0.054219 0.033984
2 0.779141 0.287793 0.054219 0.032617
0 0.240391 0.285449 0.059844 0.035742
