2 0.889219 0.980664 0.059062 0.038672
2 0.685547 0.803809 0.060156 0.040820
2 0.624453 0.803125 0.060469 0.038281
2 0.564844 0.800391 0.060937 0.035937
2 0.503281 0.798926 0.062188 0.038867
2 0.443203 0.795312 0.060469 0.038281
2 0.383516 0.791895 0.057969 0.037305
2 0.322813 0.788086 0.063750 0.037109
2 0.830156 0.978418 0.058437 0.043164
2 0.261094 0.785156 0.062188 0.035156
2 0.202109 0.781250 0.058281 0.039062
2 0.975859 0.780371 0.048281 0.033008
2 0.923750 0.779297 0.058750 0.031250
2 0.864219 0.777246 0.062187 0.035352
2 0.804766 0.775195 0.059219 0.035547
0 0.746250 0.773242 0.060625 0.035547
2 0.685703 0.766699 0.059844 0.033008
2 0.624766 0.765625 0.059844 0.035156
0 0.565078 0.763965 0.060469 0.034570
2 0.503437 0.762402 0.061875 0.037695
2 0.443281 0.760645 0.060313 0.033398
2 0.384687 0.755469 0.058750 0.035937
2 0.324297 0.751855 0.060781 0.035352
2 0.262813 0.749121 0.058750 0.036914
2 0.204219 0.746094 0.057187 0.039062
2 0.770937 0.972754 0.061250 0.038867
2 0.976406 0.744922 0.047188 0.037500
2 0.922578 0.745215 0.061094 0.036914
2 0.862344 0.740234 0.059688 0.035156
2 0.804922 0.739355 0.058906 0.036914
2 0.745000 0.735938 0.060000 0.039844
0 0.684219 0.732227 0.059687 0.035547
2 0.624844 0.731250 0.059687 0.033594
2 0.565078 0.729395 0.060469 0.037305
2 0.710938 0.971973 0.059375 0.036523
2 0.504922 0.726367 0.058906 0.035547
1 0.445625 0.723535 0.061875 0.037305
2 0.384844 0.720410 0.061563 0.035742
2 0.324141 0.717383 0.061094 0.033984
2 0.265859 0.714258 0.058906 0.032422
2 0.207734 0.710547 0.056406 0.035937
2 0.651250 0.966992 0.060000 0.038672
2 0.592109 0.962793 0.059531 0.035352
2 0.532891 0.961621 0.059219 0.037695
2 0.968984 0.610449 0.058906 0.036914
2 0.472500 0.958789 0.061250 0.031641
2 0.908828 0.607520 0.060469 0.034961
2 0.849766 0.605664 0.059844 0.034766
2 0.788828 0.603125 0.059844 0.032031
2 0.729297 0.599023 0.060156 0.032422
2 0.668906 0.596191 0.059063 0.034180
2 0.609375 0.594629 0.062500 0.033398
2 0.982187 0.343555 0.035625 0.031641
2 0.935937 0.342578 0.059375 0.033594
2 0.820547 0.338770 0.058906 0.033398
0 0.878125 0.338477 0.056250 0.033984
2 0.760391 0.334570 0.060469 0.033984
0 0.701562 0.330176 0.059375 0.034961
2 0.641016 0.327246 0.058594 0.036914
2 0.582031 0.323535 0.060937 0.032617
2 0.520937 0.322559 0.061250 0.034570
2 0.462188 0.318457 0.060000 0.034961
2 0.652344 0.930273 0.060937 0.033984
2 0.402656 0.315527 0.060312 0.033008
2 0.343672 0.315137 0.056406 0.033789
2 0.591875 0.927832 0.060000 0.038867
2 0.472969 0.924414 0.060313 0.037891
2 0.532969 0.923145 0.059063 0.036523
2 0.412422 0.919922 0.059531 0.039062
2 0.971641 0.206152 0.056719 0.037305
2 0.914375 0.204004 0.058750 0.037305
2 0.856328 0.199902 0.059219 0.037695
2 0.797109 0.196973 0.059219 0.035742
2 0.736719 0.193848 0.060937 0.038086
2 0.676875 0.189258 0.058750 0.035547
2 0.616875 0.188477 0.060000 0.037109
2 0.556875 0.184961 0.060937 0.032422
2 0.495625 0.181348 0.058750 0.031836
2 0.353125 0.917090 0.059375 0.036914
2 0.437656 0.177148 0.059063 0.032031
2 0.970938 0.173730 0.058125 0.027539
2 0.914219 0.171387 0.055937 0.028320
2 0.855547 0.167383 0.060781 0.028516
2 0.797031 0.164258 0.059063 0.030859
2 0.738594 0.159473 0.060313 0.028711
2 0.677813 0.157617 0.060000 0.028516
2 0.616875 0.154883 0.060000 0.030078
0 0.557188 0.152930 0.060625 0.030469
2 0.496563 0.150977 0.060000 0.030078
2 0.437031 0.144531 0.057188 0.031250
2 0.970703 0.144043 0.058594 0.032227
2 0.912031 0.140137 0.060313 0.032227
2 0.853438 0.136426 0.055625 0.031836
2 0.795391 0.133105 0.059219 0.030664
2 0.736719 0.129199 0.057813 0.034570
2 0.676797 0.128906 0.058906 0.031250
2 0.618203 0.125195 0.060469 0.030859
2 0.557422 0.121387 0.060156 0.034570
2 0.293281 0.911523 0.060000 0.036328
2 0.233906 0.910156 0.057187 0.035156
2 0.438438 0.115527 0.057500 0.030664
2 0.289844 0.983496 0.060937 0.033008
0 0.230234 0.981445 0.058281 0.037109
2 0.947422 0.981250 0.061406 0.037500
2 0.977344 0.812988 0.045312 0.034180
2 0.925469 0.813477 0.058437 0.037109
2 0.866719 0.811914 0.060313 0.036328
2 0.496719 0.118750 0.059687 0.032031
2 0.805937 0.810254 0.060000 0.035742
2 0.746172 0.810352 0.060781 0.035547
2 0.546641 0.591504 0.059844 0.035742
2 0.486094 0.591797 0.062188 0.035156
2 0.425859 0.587793 0.060781 0.035352
2 0.363203 0.582031 0.061094 0.035156
2 0.302891 0.580859 0.059844 0.033594
2 0.243828 0.577930 0.059219 0.035547
2 0.967344 0.575977 0.062187 0.031641
2 0.907813 0.575293 0.059375 0.033008
2 0.848125 0.571875 0.060000 0.032031
2 0.788594 0.571387 0.060313 0.033008
2 0.412656 0.957129 0.059063 0.034961
2 0.727734 0.566504 0.060156 0.034961
2 0.668906 0.563574 0.059063 0.033008
0 0.608594 0.560547 0.060937 0.035156
2 0.547578 0.557422 0.061094 0.033594
2 0.487266 0.555273 0.059844 0.037891
2 0.425547 0.553027 0.061406 0.034570
1 0.365625 0.548438 0.059375 0.032031
2 0.305391 0.545898 0.061094 0.033203
2 0.246406 0.546191 0.060312 0.032617
2 0.964531 0.543750 0.061562 0.033594
2 0.905000 0.542480 0.058750 0.032227
2 0.845625 0.540039 0.058750 0.033203
2 0.786641 0.536230 0.061094 0.036914
2 0.728672 0.533105 0.058281 0.035352
2 0.352891 0.951758 0.059844 0.033984
0 0.670234 0.529297 0.059531 0.031250
2 0.608828 0.527148 0.060469 0.035547
2 0.548828 0.524707 0.058594 0.032617
2 0.428750 0.520898 0.058125 0.032422
2 0.488516 0.518945 0.060469 0.032422
2 0.368750 0.516309 0.059375 0.033789
0 0.310000 0.514551 0.061250 0.033398
2 0.249531 0.514551 0.057187 0.033398
2 0.291406 0.948145 0.060937 0.037305
2 0.232734 0.945312 0.056406 0.035156
2 0.947188 0.942578 0.058750 0.036719
1 0.888125 0.941211 0.058125 0.035547
2 0.984375 0.411328 0.031250 0.036719
2 0.939141 0.410254 0.059219 0.038867
2 0.879453 0.405371 0.056719 0.040820
2 0.821250 0.405371 0.060625 0.036914
2 0.763047 0.402441 0.061406 0.035352
2 0.701250 0.399316 0.060000 0.037305
2 0.642109 0.396191 0.059531 0.035742
1 0.581719 0.392480 0.061562 0.035352
2 0.518359 0.391406 0.060156 0.033594
2 0.458516 0.387793 0.061094 0.033008
2 0.398516 0.386816 0.059219 0.034961
2 0.340156 0.382129 0.057187 0.032617
2 0.982656 0.376758 0.034688 0.031641
2 0.770547 0.936328 0.062031 0.033594
2 0.829922 0.937109 0.058906 0.039844
2 0.762344 0.366602 0.059687 0.036328
2 0.702500 0.364063 0.060625 0.033594
4 0.641875 0.362305 0.060000 0.033203
2 0.581172 0.357031 0.059531 0.035938
2 0.937109 0.373242 0.060156 0.030859
2 0.521250 0.354590 0.060625 0.036914
2 0.461094 0.354980 0.059063 0.036133
2 0.401172 0.350781 0.060156 0.036719
2 0.820000 0.369824 0.060000 0.033789
2 0.342656 0.348828 0.058438 0.032813
2 0.879766 0.369531 0.059219 0.030469
2 0.711641 0.934082 0.057969 0.038086
