2 0.636875 0.312598 0.060625 0.035352
2 0.034219 0.313281 0.059688 0.036719
2 0.576250 0.314941 0.063125 0.036133
2 0.513672 0.318750 0.060156 0.035938
2 0.454375 0.320605 0.060000 0.035742
2 0.395078 0.325781 0.059844 0.034375
2 0.334297 0.330176 0.059531 0.039258
2 0.873516 0.332227 0.059219 0.035547
2 0.933125 0.331445 0.061875 0.033984
2 0.274531 0.333008 0.060312 0.041016
2 0.814922 0.337793 0.060781 0.034961
2 0.213594 0.337793 0.060312 0.038867
2 0.156016 0.339648 0.059844 0.038672
0 0.757109 0.339746 0.060781 0.034961
2 0.095937 0.341797 0.061250 0.035156
1 0.696250 0.342187 0.060625 0.035938
2 0.635547 0.346484 0.060156 0.036719
2 0.038906 0.349707 0.059688 0.039258
2 0.577266 0.350391 0.061094 0.036719
0 0.516484 0.352344 0.060781 0.036719
1 0.456328 0.355273 0.059219 0.034766
2 0.396875 0.360254 0.059375 0.036914
2 0.336094 0.362500 0.059063 0.041406
2 0.276562 0.367188 0.059375 0.039062
2 0.215859 0.371484 0.058906 0.039844
2 0.157578 0.375781 0.059844 0.036719
2 0.098516 0.377539 0.062344 0.036328
2 0.041719 0.379395 0.057188 0.036133
2 0.970078 0.462500 0.059844 0.034375
2 0.910234 0.466406 0.060781 0.038281
2 0.790469 0.467676 0.059687 0.036914
2 0.849687 0.468262 0.060000 0.038086
2 0.731094 0.470605 0.059687 0.034961
2 0.670156 0.475586 0.059687 0.033203
2 0.609922 0.480762 0.061406 0.035742
2 0.549375 0.483691 0.060625 0.033789
2 0.488125 0.484180 0.061250 0.034766
2 0.426953 0.486816 0.061719 0.032227
2 0.366016 0.491211 0.061719 0.033203
2 0.305078 0.495898 0.061719 0.038672
2 0.967891 0.497852 0.061094 0.034766
2 0.244922 0.497461 0.063281 0.033984
2 0.908438 0.501172 0.061250 0.033594
2 0.849844 0.501758 0.059688 0.030859
2 0.184141 0.501367 0.059844 0.033984
2 0.790547 0.504004 0.062656 0.035352
2 0.125078 0.504883 0.059219 0.037109
2 0.729297 0.506250 0.060156 0.035937
2 0.065000 0.509570 0.060625 0.034766
2 0.670078 0.510547 0.059844 0.036719
2 0.608984 0.515039 0.060156 0.030078
2 0.548203 0.517188 0.059844 0.034375
2 0.489141 0.517871 0.062344 0.035742
2 0.427422 0.520410 0.060781 0.036914
2 0.367344 0.527246 0.062188 0.034961
0 0.306875 0.531152 0.061250 0.034961
1 0.967734 0.530469 0.061406 0.033594
2 0.246953 0.531543 0.059219 0.035742
0 0.908984 0.533008 0.060156 0.034766
2 0.187891 0.536523 0.061719 0.033984
4 0.848672 0.535742 0.058906 0.036328
2 0.788359 0.537695 0.060781 0.036328
0 0.128359 0.539941 0.058906 0.033008
2 0.729531 0.540625 0.059687 0.034375
2 0.068828 0.541992 0.062344 0.033203
2 0.176016 0.775391 0.060469 0.031250
2 0.115000 0.777539 0.060625 0.031641
2 0.057656 0.780469 0.062813 0.033594
2 0.418672 0.080859 0.062656 0.036719
2 0.357891 0.086914 0.059219 0.037109
2 0.976562 0.868359 0.046875 0.033594
2 0.924687 0.869141 0.056875 0.031250
2 0.864922 0.874219 0.060781 0.037500
2 0.805234 0.874902 0.058281 0.034961
2 0.744688 0.878320 0.060625 0.037891
2 0.298203 0.089746 0.059844 0.038867
2 0.686328 0.881055 0.058594 0.035547
0 0.626328 0.886328 0.062969 0.034375
2 0.566094 0.889746 0.061562 0.037305
2 0.505078 0.893164 0.061719 0.032422
2 0.443750 0.899121 0.059375 0.032617
2 0.384219 0.900195 0.059687 0.034766
2 0.975547 0.899609 0.048906 0.029687
2 0.924219 0.902051 0.057813 0.030664
0 0.324922 0.902344 0.062656 0.035156
0 0.264688 0.902344 0.061250 0.035156
2 0.205547 0.903516 0.060781 0.029687
2 0.864062 0.908301 0.062500 0.031445
2 0.803438 0.908887 0.058750 0.032617
1 0.145313 0.909473 0.062500 0.033789
2 0.086094 0.911133 0.062187 0.033203
2 0.029375 0.912109 0.056875 0.035156
2 0.744844 0.912793 0.060313 0.032617
2 0.686641 0.916016 0.061094 0.031250
2 0.237266 0.093359 0.059844 0.038281
2 0.626328 0.919238 0.059844 0.033789
2 0.566484 0.922656 0.060781 0.036719
2 0.505547 0.924219 0.060781 0.032031
2 0.445078 0.931152 0.059844 0.030273
2 0.974375 0.930957 0.051250 0.029883
2 0.386563 0.933301 0.061250 0.030664
2 0.326094 0.933691 0.060312 0.031445
2 0.919531 0.932617 0.057813 0.033203
2 0.266250 0.935840 0.058125 0.031836
4 0.208125 0.937305 0.058750 0.034766
2 0.957500 0.094922 0.060000 0.037500
2 0.861328 0.938867 0.058594 0.030078
2 0.802734 0.940820 0.060156 0.030078
2 0.149844 0.941406 0.059688 0.031250
2 0.090000 0.942090 0.060625 0.032617
1 0.744141 0.943066 0.058594 0.030664
2 0.032422 0.945898 0.060156 0.032422
1 0.684766 0.947070 0.061719 0.034766
2 0.626875 0.950684 0.058750 0.034180
2 0.566094 0.954590 0.061562 0.030273
2 0.176797 0.096289 0.058906 0.036328
2 0.897344 0.096582 0.061562 0.036914
2 0.504844 0.957617 0.059063 0.032422
0 0.447266 0.960156 0.058594 0.033594
2 0.387109 0.961133 0.060156 0.035547
2 0.328125 0.964063 0.062500 0.033594
0 0.269531 0.969043 0.057813 0.031836
2 0.210234 0.969336 0.060781 0.032422
2 0.154219 0.973047 0.063437 0.032031
2 0.094688 0.975000 0.060625 0.032031
2 0.034531 0.974805 0.062187 0.027734
2 0.839141 0.097949 0.059219 0.035742
2 0.780938 0.101074 0.060000 0.034180
2 0.117813 0.101562 0.061250 0.035156
2 0.720000 0.103027 0.060000 0.038086
2 0.936094 0.262305 0.062187 0.036328
2 0.877344 0.266895 0.060937 0.037695
2 0.817187 0.269336 0.059375 0.038672
2 0.756250 0.272656 0.059375 0.033594
2 0.696250 0.273535 0.060625 0.035352
2 0.636250 0.277246 0.061875 0.038867
2 0.575547 0.279297 0.061406 0.039062
2 0.513281 0.282520 0.060937 0.037695
2 0.452734 0.287988 0.060156 0.036914
2 0.392578 0.290137 0.061719 0.037305
2 0.332891 0.292090 0.059219 0.037305
2 0.935078 0.297266 0.061094 0.035938
2 0.271953 0.298535 0.062344 0.042383
2 0.875000 0.300684 0.059375 0.038867
2 0.816797 0.301172 0.060156 0.035938
2 0.212578 0.301270 0.059219 0.040039
2 0.151328 0.305664 0.059844 0.037109
2 0.756641 0.306152 0.061719 0.034180
2 0.696484 0.309570 0.060156 0.037109
2 0.094219 0.309668 0.058750 0.037305
2 0.669609 0.544336 0.060781 0.037891
2 0.609063 0.548730 0.060000 0.038867
2 0.549766 0.553027 0.059844 0.035742
2 0.489531 0.553711 0.061562 0.037109
2 0.428672 0.557715 0.058281 0.037305
2 0.368906 0.560645 0.062188 0.035352
2 0.308594 0.565234 0.060937 0.036719
2 0.958437 0.057715 0.061250 0.037305
0 0.250859 0.567383 0.060781 0.037109
2 0.191172 0.570312 0.061094 0.035156
2 0.131719 0.574023 0.058750 0.034766
2 0.074297 0.576562 0.057656 0.035937
2 0.899531 0.060645 0.060313 0.039258
2 0.841641 0.063770 0.057344 0.037695
2 0.781719 0.065332 0.061562 0.036914
2 0.719609 0.068262 0.060781 0.038867
2 0.955469 0.669922 0.057813 0.035156
2 0.895078 0.670410 0.059844 0.036133
2 0.834922 0.673926 0.061406 0.035352
2 0.774922 0.680176 0.059531 0.036133
2 0.659687 0.068945 0.061875 0.036328
2 0.715000 0.684570 0.060625 0.033203
2 0.654297 0.688477 0.060156 0.033203
2 0.594297 0.691797 0.061406 0.032031
2 0.533438 0.693750 0.061250 0.032031
2 0.470625 0.698047 0.061875 0.032813
2 0.410391 0.701465 0.060469 0.035742
2 0.597656 0.071289 0.060937 0.037109
2 0.953828 0.703320 0.057969 0.031641
2 0.893828 0.704980 0.059219 0.031055
2 0.349062 0.704492 0.061250 0.033984
2 0.833437 0.707031 0.061250 0.031250
2 0.288203 0.707324 0.064219 0.035742
2 0.228750 0.710742 0.064375 0.034766
0 0.169063 0.712207 0.061875 0.033789
2 0.773359 0.713379 0.059531 0.028320
2 0.713438 0.715039 0.060625 0.031641
2 0.108516 0.714844 0.063906 0.035156
2 0.049922 0.715820 0.059531 0.037109
2 0.654141 0.719336 0.060469 0.032422
2 0.592578 0.722363 0.061719 0.030664
2 0.533750 0.727246 0.060625 0.032617
2 0.472187 0.730664 0.061875 0.031641
2 0.412188 0.732715 0.060000 0.027930
2 0.951484 0.733496 0.059531 0.029492
2 0.890859 0.735449 0.058906 0.029492
2 0.351016 0.739062 0.063594 0.028906
0 0.831797 0.737988 0.058281 0.030664
2 0.291016 0.741504 0.061719 0.029883
2 0.230859 0.742090 0.063281 0.031055
2 0.540625 0.076465 0.062500 0.035742
4 0.773750 0.744629 0.058750 0.032227
0 0.172500 0.745605 0.061562 0.030273
1 0.713438 0.746094 0.060625 0.031250
2 0.112266 0.746875 0.062969 0.028906
2 0.652734 0.750293 0.060156 0.031836
2 0.054531 0.750391 0.062813 0.032031
0 0.594062 0.752344 0.061875 0.032031
2 0.533281 0.756738 0.058437 0.029102
2 0.474062 0.761914 0.061250 0.031641
2 0.479375 0.078320 0.060000 0.035547
4 0.414687 0.764453 0.061250 0.032813
2 0.353984 0.766895 0.060781 0.033789
0 0.295234 0.770410 0.059531 0.029102
0 0.234844 0.771289 0.061563 0.030859
2 0.661328 0.106250 0.061719 0.036719
2 0.058672 0.106543 0.057656 0.037305
2 0.601172 0.107422 0.060156 0.035156
2 0.540625 0.112500 0.059375 0.033594
2 0.480391 0.116406 0.061094 0.041406
2 0.419375 0.117188 0.061250 0.039062
2 0.359531 0.122363 0.059063 0.037695
0 0.300469 0.125488 0.061563 0.036133
2 0.956797 0.128223 0.058281 0.033789
2 0.240625 0.128809 0.059375 0.034961
2 0.897578 0.132227 0.061094 0.037891
2 0.838438 0.133301 0.060625 0.036133
2 0.181797 0.133887 0.061094 0.037305
0 0.780469 0.134766 0.060937 0.039062
0 0.721016 0.136914 0.061094 0.035547
2 0.122344 0.137207 0.058750 0.036133
2 0.661484 0.141406 0.061406 0.036719
2 0.062500 0.142480 0.059375 0.038867
2 0.600938 0.144043 0.060625 0.038086
1 0.540391 0.146777 0.059844 0.035742
2 0.480469 0.148047 0.060937 0.038281
2 0.419766 0.152539 0.060469 0.039453
2 0.362266 0.157715 0.059844 0.038086
1 0.302109 0.160449 0.061406 0.035742
2 0.242422 0.163867 0.058906 0.038672
2 0.183828 0.169043 0.057344 0.037305
2 0.126641 0.173535 0.059219 0.034570
2 0.066172 0.176172 0.061406 0.035938
