2 0.931875 0.733398 0.061250 0.037109
2 0.870937 0.730469 0.061250 0.039062
2 0.810547 0.725195 0.060156 0.037891
2 0.748984 0.723437 0.061406 0.037500
2 0.687891 0.717969 0.061719 0.040625
2 0.627266 0.716797 0.061094 0.039062
2 0.566641 0.712695 0.060469 0.039453
2 0.504453 0.710156 0.062969 0.036719
2 0.443125 0.706641 0.060625 0.039844
2 0.382266 0.703906 0.060469 0.037500
2 0.320859 0.700391 0.061406 0.036719
2 0.928750 0.697266 0.061250 0.035156
2 0.258750 0.695898 0.060625 0.037891
2 0.870547 0.693750 0.062031 0.034375
2 0.198203 0.692871 0.059844 0.036133
2 0.809922 0.690430 0.061406 0.033203
2 0.137422 0.690527 0.059219 0.036914
2 0.748984 0.688477 0.061406 0.033203
2 0.079141 0.685547 0.060469 0.035156
2 0.688203 0.683789 0.061094 0.034766
2 0.627500 0.682227 0.060625 0.033984
2 0.566016 0.678711 0.061719 0.033203
2 0.505078 0.674219 0.061719 0.034375
2 0.444531 0.672852 0.060937 0.033203
2 0.383359 0.666602 0.061406 0.033984
2 0.322578 0.665430 0.061094 0.032422
2 0.927500 0.663672 0.060625 0.039844
2 0.261875 0.660352 0.060625 0.034766
2 0.869844 0.659961 0.060313 0.039453
2 0.201719 0.658008 0.059062 0.035547
2 0.808516 0.655859 0.061094 0.035937
2 0.141797 0.653320 0.060156 0.033203
2 0.747891 0.653516 0.060469 0.036719
2 0.082891 0.651855 0.062344 0.032227
2 0.687812 0.650781 0.058750 0.034375
2 0.027500 0.648438 0.054375 0.031250
2 0.627734 0.647852 0.060156 0.036328
1 0.567891 0.643945 0.061094 0.036328
2 0.506016 0.641992 0.059844 0.032422
2 0.446250 0.638867 0.060625 0.034766
2 0.384922 0.635156 0.061406 0.034375
2 0.325703 0.631641 0.061094 0.033594
2 0.264766 0.627539 0.060781 0.033984
2 0.204687 0.623730 0.059375 0.033789
2 0.145000 0.619824 0.060000 0.033789
2 0.085859 0.618164 0.059531 0.033203
0 0.029141 0.613281 0.057344 0.035156
2 0.963203 0.530078 0.061094 0.041406
2 0.904375 0.528027 0.060000 0.037695
2 0.843906 0.524902 0.059062 0.036133
2 0.782344 0.519629 0.060313 0.038867
2 0.721406 0.516211 0.060313 0.037891
2 0.661719 0.511328 0.060937 0.035938
2 0.599531 0.509668 0.060313 0.035352
2 0.538750 0.506738 0.060000 0.033398
2 0.477656 0.501172 0.060313 0.036719
2 0.416250 0.496191 0.061250 0.038867
2 0.355156 0.492773 0.061563 0.037891
0 0.962969 0.492188 0.061562 0.035156
0 0.902344 0.490430 0.060937 0.034766
2 0.294609 0.488281 0.061094 0.039062
2 0.842266 0.488086 0.059219 0.035547
2 0.233828 0.487207 0.060469 0.037305
2 0.173359 0.485840 0.059531 0.036133
2 0.781875 0.484375 0.060937 0.035156
2 0.721484 0.481348 0.060156 0.037305
2 0.113359 0.479395 0.060781 0.037305
2 0.053984 0.478809 0.060781 0.038477
0 0.662109 0.476953 0.060156 0.034375
2 0.601406 0.475391 0.059687 0.033594
2 0.539922 0.470898 0.060781 0.034766
2 0.479297 0.466309 0.060156 0.032227
2 0.417578 0.462891 0.061719 0.035156
2 0.357500 0.459473 0.060000 0.034180
2 0.961641 0.458203 0.061094 0.032813
2 0.902109 0.457422 0.061406 0.034375
2 0.297734 0.456836 0.061094 0.031641
2 0.235156 0.453516 0.060937 0.030469
2 0.842344 0.454297 0.059062 0.036719
2 0.176719 0.450977 0.059062 0.031641
2 0.782109 0.450098 0.060781 0.037305
2 0.721406 0.446680 0.060313 0.036328
2 0.117813 0.445996 0.061250 0.029883
4 0.661875 0.445410 0.060625 0.034961
2 0.058437 0.445508 0.061250 0.034766
2 0.601719 0.439551 0.059063 0.034961
2 0.540000 0.436426 0.060625 0.033398
2 0.479609 0.435059 0.059531 0.036133
2 0.418828 0.429883 0.062344 0.034766
2 0.358828 0.427930 0.060469 0.034766
2 0.298906 0.424316 0.061563 0.034180
2 0.238750 0.419824 0.060000 0.035352
2 0.179141 0.418750 0.060469 0.033594
2 0.119375 0.413867 0.061250 0.031641
2 0.060234 0.412891 0.060781 0.033594
2 0.885938 0.934863 0.059375 0.036523
2 0.944766 0.933594 0.060469 0.039062
2 0.825625 0.933496 0.061250 0.035352
2 0.941250 0.317969 0.064375 0.043750
2 0.765000 0.930566 0.060625 0.037305
2 0.880469 0.312402 0.057813 0.043164
2 0.821719 0.311230 0.059687 0.037695
2 0.762500 0.308496 0.059375 0.038867
0 0.701328 0.306836 0.059844 0.038672
2 0.638672 0.302637 0.060156 0.039258
0 0.577813 0.298047 0.060000 0.040625
2 0.704063 0.927441 0.060625 0.035742
2 0.515703 0.296387 0.059219 0.040039
2 0.454688 0.293164 0.059375 0.038672
2 0.394141 0.290918 0.058594 0.039258
0 0.333203 0.289648 0.058594 0.038281
2 0.271953 0.286035 0.059219 0.037305
2 0.940078 0.284277 0.060469 0.029102
0 0.211953 0.283008 0.057344 0.035547
2 0.820859 0.280859 0.061406 0.032031
2 0.880391 0.278906 0.064219 0.028125
2 0.151797 0.279199 0.058906 0.035352
2 0.760547 0.276953 0.060156 0.032031
2 0.091094 0.276855 0.061562 0.036133
2 0.031875 0.273438 0.058125 0.035156
0 0.701016 0.273438 0.060469 0.031250
2 0.640078 0.268945 0.060469 0.032422
2 0.578203 0.264355 0.059219 0.029883
2 0.517266 0.261621 0.059219 0.031445
2 0.456484 0.257227 0.062031 0.032422
2 0.395234 0.256250 0.059531 0.034375
2 0.672813 0.038184 0.060625 0.033008
2 0.613594 0.034570 0.060313 0.032422
2 0.552734 0.030664 0.060156 0.032422
2 0.492266 0.026953 0.059219 0.032031
2 0.276406 0.900391 0.059687 0.039062
2 0.431875 0.023340 0.061250 0.027539
2 0.371016 0.021777 0.061094 0.030664
0 0.311641 0.019531 0.061094 0.027344
1 0.253203 0.015723 0.059219 0.031055
2 0.194141 0.014844 0.061719 0.028906
0 0.135156 0.012695 0.057813 0.025391
2 0.944141 0.899902 0.061719 0.036133
2 0.883828 0.899316 0.060469 0.037305
2 0.214922 0.898047 0.060781 0.039844
2 0.824375 0.896582 0.060625 0.034961
2 0.154844 0.894531 0.059062 0.039062
2 0.764687 0.895801 0.061250 0.032617
2 0.094844 0.890820 0.060313 0.038672
2 0.704063 0.889746 0.060625 0.036914
2 0.643594 0.888770 0.059687 0.034961
2 0.036094 0.886523 0.059062 0.039453
2 0.583750 0.882910 0.060625 0.034961
2 0.521094 0.880762 0.060937 0.035352
2 0.460547 0.877637 0.060156 0.037695
2 0.399688 0.874512 0.060000 0.036133
2 0.338906 0.868652 0.059687 0.036133
2 0.277969 0.864551 0.059687 0.036523
2 0.943047 0.864160 0.060781 0.037305
2 0.218594 0.861035 0.059688 0.035742
0 0.882656 0.860742 0.059688 0.040234
2 0.823594 0.859570 0.059063 0.038672
2 0.764219 0.858105 0.059063 0.037695
2 0.159375 0.857910 0.059375 0.038086
2 0.100000 0.854590 0.059375 0.036914
2 0.703750 0.854004 0.061250 0.038086
1 0.643750 0.851758 0.059375 0.038672
2 0.040781 0.850488 0.059062 0.037305
2 0.583906 0.848145 0.060313 0.038086
2 0.523281 0.843750 0.059687 0.039062
2 0.461641 0.838574 0.061094 0.037695
0 0.401719 0.836816 0.059063 0.037305
0 0.342031 0.833301 0.059687 0.036523
2 0.281406 0.830957 0.059063 0.037305
2 0.221406 0.826367 0.060000 0.038672
1 0.161094 0.823340 0.059062 0.036914
0 0.103438 0.819824 0.058750 0.036133
4 0.042969 0.814648 0.060937 0.038672
2 0.938516 0.255371 0.060469 0.032227
2 0.336172 0.254199 0.058906 0.034570
2 0.880234 0.251855 0.061406 0.035352
0 0.274141 0.250586 0.057656 0.033984
1 0.820000 0.249609 0.060000 0.035938
2 0.214297 0.249121 0.058906 0.033008
2 0.155938 0.245215 0.056875 0.033008
0 0.761172 0.244336 0.058906 0.030859
2 0.095234 0.243555 0.062656 0.032422
0 0.699688 0.241016 0.060000 0.033594
2 0.035859 0.239258 0.062656 0.029297
2 0.643750 0.922754 0.059375 0.037305
0 0.638516 0.238086 0.060469 0.035547
0 0.578047 0.231543 0.059531 0.033008
0 0.518828 0.231152 0.059219 0.033789
2 0.457578 0.225977 0.059844 0.036328
2 0.397500 0.222949 0.061250 0.034570
2 0.337891 0.220898 0.058594 0.034766
1 0.277266 0.219141 0.057969 0.034375
0 0.216797 0.216699 0.060156 0.035352
2 0.157578 0.212500 0.059844 0.032031
2 0.098047 0.211914 0.060156 0.033203
2 0.040547 0.207715 0.062656 0.033789
2 0.521250 0.919434 0.060625 0.036133
2 0.582656 0.918750 0.059687 0.041406
2 0.460234 0.912988 0.060781 0.037305
3 0.970859 0.122266 0.058281 0.036719
2 0.398281 0.911816 0.059687 0.035742
3 0.914609 0.119043 0.058281 0.035352
2 0.855625 0.114941 0.060625 0.035742
2 0.794063 0.109277 0.061875 0.039258
2 0.734531 0.105176 0.062188 0.035742
2 0.674141 0.102930 0.061094 0.036328
2 0.612891 0.100488 0.061719 0.037305
2 0.552891 0.097070 0.062969 0.036328
2 0.492500 0.089063 0.058750 0.040625
3 0.970547 0.087695 0.058906 0.031641
3 0.912109 0.085449 0.057031 0.032227
2 0.429766 0.084863 0.062344 0.037305
2 0.367656 0.083887 0.061563 0.035352
2 0.854609 0.082227 0.062656 0.034766
2 0.307656 0.081543 0.059687 0.036133
2 0.247031 0.078027 0.059063 0.035352
2 0.794453 0.077539 0.061094 0.036328
2 0.187500 0.075977 0.062500 0.035547
2 0.733359 0.073730 0.061406 0.031836
0 0.127578 0.072461 0.057344 0.034766
0 0.069062 0.070996 0.061875 0.033789
2 0.672656 0.070898 0.060937 0.030078
2 0.612891 0.066406 0.061719 0.030859
0 0.551406 0.062402 0.062812 0.031445
2 0.337500 0.905566 0.059375 0.036523
2 0.491094 0.056543 0.058437 0.027539
3 0.970313 0.053906 0.059375 0.036719
3 0.911016 0.051953 0.059219 0.036719
2 0.430781 0.051172 0.060313 0.030469
0 0.371563 0.049219 0.060000 0.030469
2 0.852656 0.048242 0.060313 0.036328
2 0.311406 0.046484 0.061563 0.032031
2 0.792734 0.047070 0.061406 0.034766
2 0.249766 0.046094 0.062969 0.028906
0 0.192109 0.043262 0.059531 0.030664
2 0.734531 0.043164 0.059063 0.034766
2 0.132422 0.039746 0.060156 0.029883
2 0.073047 0.038867 0.057031 0.027734
