2 0.720938 0.197070 0.060625 0.031641
2 0.662969 0.200000 0.060313 0.029688
2 0.300078 0.223730 0.059531 0.029102
2 0.182734 0.200488 0.059219 0.032617
2 0.760703 0.396875 0.058906 0.034375
2 0.158359 0.401562 0.060469 0.032813
2 0.942578 0.418066 0.057031 0.034961
2 0.131406 0.676562 0.059688 0.033594
2 0.071953 0.677637 0.059531 0.035352
2 0.337031 0.423242 0.061563 0.028516
2 0.192500 0.671680 0.060000 0.035547
2 0.885078 0.424121 0.057656 0.034570
2 0.277188 0.424902 0.060625 0.033008
2 0.702344 0.400488 0.060937 0.034961
2 0.039688 0.412500 0.060625 0.038281
2 0.458984 0.414062 0.061719 0.027344
2 0.397344 0.418750 0.060313 0.029687
2 0.640547 0.402246 0.062344 0.035352
0 0.519453 0.410547 0.060781 0.034375
2 0.580156 0.406250 0.060313 0.035156
2 0.098672 0.407129 0.059844 0.037305
2 0.783516 0.223047 0.060781 0.034375
2 0.240234 0.225879 0.058594 0.028711
1 0.874844 0.355859 0.059062 0.034375
1 0.275625 0.394629 0.060625 0.031055
0 0.397031 0.384766 0.059687 0.035156
0 0.218125 0.394336 0.058125 0.031641
2 0.879453 0.389062 0.058906 0.034375
2 0.336797 0.390234 0.061094 0.035938
2 0.820547 0.390820 0.059844 0.034766
2 0.815938 0.359766 0.060000 0.030469
2 0.517578 0.377148 0.060156 0.034766
0 0.458359 0.380273 0.060469 0.036328
2 0.937969 0.385059 0.060313 0.034570
2 0.758437 0.361719 0.057500 0.033984
2 0.577109 0.374902 0.060469 0.035352
0 0.697813 0.366699 0.061250 0.036133
2 0.637969 0.371582 0.060313 0.030273
2 0.725000 0.228125 0.059375 0.032031
2 0.360078 0.252246 0.060781 0.034570
2 0.060547 0.270508 0.061719 0.033203
0 0.933281 0.352051 0.060313 0.030273
2 0.300078 0.254297 0.059531 0.034375
2 0.119922 0.266797 0.058594 0.032813
2 0.239609 0.255957 0.060469 0.031055
2 0.178828 0.262012 0.060781 0.030664
2 0.663359 0.230273 0.061094 0.031641
2 0.541328 0.238770 0.060781 0.034180
2 0.481641 0.242871 0.060156 0.037695
2 0.421016 0.248242 0.060781 0.034766
2 0.180625 0.230566 0.061250 0.031055
2 0.061875 0.237988 0.061250 0.031836
2 0.119844 0.235156 0.061563 0.029688
2 0.602578 0.236719 0.061406 0.034375
2 0.601641 0.202734 0.062656 0.032031
2 0.540469 0.207422 0.062188 0.030469
0 0.479766 0.209277 0.059531 0.030664
2 0.421016 0.213965 0.060781 0.033008
2 0.360078 0.218262 0.060781 0.031836
2 0.904922 0.219336 0.059844 0.033984
2 0.846484 0.221680 0.064844 0.033203
0 0.064453 0.209961 0.060156 0.033203
2 0.963828 0.212988 0.062031 0.034961
2 0.122891 0.204980 0.061406 0.031445
2 0.241562 0.195703 0.058125 0.030469
2 0.750312 0.973242 0.060000 0.037891
2 0.782109 0.193555 0.061094 0.026953
2 0.807422 0.967480 0.058594 0.037695
0 0.955234 0.755762 0.057344 0.035352
2 0.895078 0.757715 0.058906 0.031445
2 0.837031 0.764648 0.061562 0.029297
1 0.776719 0.767285 0.059688 0.031836
2 0.718672 0.773535 0.062344 0.031055
1 0.658516 0.777734 0.060781 0.034375
2 0.298750 0.797852 0.060000 0.033203
2 0.839297 0.797363 0.059844 0.038086
2 0.177500 0.805176 0.058125 0.034180
2 0.780469 0.801562 0.064062 0.033594
2 0.238203 0.802637 0.060781 0.035352
2 0.598828 0.779297 0.060156 0.035156
2 0.958047 0.790918 0.062969 0.035352
0 0.899375 0.791211 0.064375 0.034766
0 0.358906 0.793555 0.061563 0.033984
2 0.539219 0.784375 0.059687 0.032813
2 0.418906 0.789941 0.059687 0.033398
2 0.690156 0.979199 0.058437 0.037695
0 0.478437 0.787207 0.060000 0.031055
2 0.299609 0.193652 0.058594 0.030664
0 0.720781 0.805859 0.060313 0.032813
2 0.840469 0.190918 0.062187 0.032227
2 0.176797 0.839746 0.059844 0.035352
2 0.658672 0.168750 0.061094 0.029688
2 0.598594 0.173828 0.062812 0.027344
2 0.539297 0.175977 0.059844 0.030859
2 0.397656 0.452734 0.060937 0.039844
2 0.336953 0.456152 0.061406 0.036914
0 0.479687 0.178809 0.059375 0.029102
2 0.157266 0.435254 0.061406 0.035742
2 0.460078 0.445215 0.060781 0.034961
2 0.038359 0.446289 0.061094 0.029297
2 0.643281 0.437402 0.061562 0.035352
2 0.521250 0.443555 0.061250 0.034766
2 0.582344 0.440625 0.061562 0.036719
2 0.096172 0.442090 0.061094 0.033789
2 0.420859 0.182031 0.060469 0.030469
2 0.216953 0.426270 0.058906 0.034180
1 0.763906 0.429980 0.059063 0.034570
0 0.703594 0.433203 0.060313 0.035938
2 0.957188 0.183203 0.061250 0.032031
2 0.823984 0.427051 0.063594 0.036523
2 0.359844 0.186035 0.060312 0.030273
2 0.899141 0.187793 0.057656 0.030664
2 0.723359 0.841797 0.062344 0.039062
2 0.118750 0.842773 0.059375 0.033203
2 0.237969 0.874902 0.060312 0.035352
2 0.445859 0.033691 0.060469 0.038086
2 0.895391 0.158398 0.059531 0.030859
2 0.835469 0.162891 0.064687 0.033594
0 0.777266 0.163574 0.060781 0.032227
0 0.718047 0.164746 0.061094 0.029883
2 0.384687 0.037500 0.060000 0.034375
2 0.085156 0.061426 0.060937 0.033398
2 0.028906 0.064062 0.057813 0.032031
1 0.953672 0.153809 0.063594 0.032227
2 0.324922 0.044336 0.059219 0.036328
2 0.144297 0.057031 0.060469 0.034375
2 0.266094 0.049707 0.060312 0.033398
2 0.205391 0.053027 0.060781 0.034570
2 0.176875 0.878613 0.060000 0.039648
2 0.146719 0.022656 0.059062 0.032813
2 0.505312 0.031641 0.060625 0.038281
2 0.029609 0.030078 0.059219 0.037500
2 0.686875 0.024219 0.064375 0.033594
2 0.566563 0.030176 0.061250 0.033398
2 0.627344 0.026367 0.064062 0.033203
2 0.086172 0.027637 0.059844 0.034570
2 0.117969 0.878906 0.060937 0.039062
2 0.806250 0.017578 0.062500 0.035156
2 0.747656 0.017578 0.064062 0.035156
2 0.205781 0.018750 0.061563 0.032813
2 0.057813 0.883984 0.059375 0.040625
2 0.264844 0.015625 0.060937 0.031250
2 0.925781 0.014648 0.064062 0.029297
2 0.866406 0.014648 0.067187 0.029297
2 0.571250 0.983594 0.058125 0.032813
2 0.058516 0.844922 0.060781 0.036719
2 0.602500 0.852441 0.061250 0.041211
2 0.297500 0.868457 0.060625 0.036523
2 0.541875 0.857227 0.061875 0.039453
2 0.358672 0.865039 0.061094 0.039453
2 0.480000 0.858887 0.060000 0.036133
0 0.419688 0.862695 0.061250 0.040234
2 0.663359 0.846094 0.057969 0.038281
2 0.783906 0.835449 0.058437 0.036133
2 0.237969 0.838965 0.060312 0.036914
0 0.356875 0.828223 0.060625 0.034961
2 0.297109 0.832910 0.059844 0.037305
2 0.843281 0.832031 0.061562 0.035156
2 0.275312 0.460742 0.060000 0.035547
2 0.216094 0.462402 0.060312 0.036133
2 0.600547 0.814063 0.060469 0.035937
2 0.962656 0.825879 0.062813 0.035742
2 0.902812 0.827344 0.061875 0.036719
2 0.539141 0.818945 0.062656 0.037891
0 0.418047 0.824805 0.061094 0.033984
2 0.479922 0.822070 0.059844 0.039453
2 0.632422 0.979688 0.058594 0.036719
2 0.120000 0.808789 0.058750 0.034766
2 0.060078 0.811719 0.060781 0.036719
2 0.660703 0.812695 0.058906 0.034766
2 0.156016 0.469336 0.062031 0.033984
2 0.095703 0.475000 0.060156 0.030469
2 0.036406 0.477441 0.060313 0.033398
2 0.919297 0.624512 0.057344 0.040039
2 0.252188 0.669629 0.060625 0.039648
2 0.311875 0.628027 0.061250 0.033008
2 0.073750 0.643164 0.060000 0.033984
2 0.374375 0.661523 0.061250 0.036328
2 0.312812 0.665527 0.060000 0.040039
2 0.617812 0.645605 0.060625 0.036914
2 0.434609 0.656445 0.059844 0.038672
2 0.557188 0.648535 0.061250 0.038867
2 0.495000 0.653027 0.061875 0.041602
1 0.867891 0.961328 0.057656 0.038281
2 0.738984 0.637695 0.062344 0.037109
2 0.678359 0.641797 0.059844 0.036719
2 0.133594 0.642676 0.060937 0.034961
2 0.858828 0.630078 0.061406 0.036719
2 0.192266 0.636621 0.059531 0.035352
2 0.798047 0.633301 0.058594 0.038086
2 0.251797 0.633301 0.059844 0.034180
2 0.968203 0.551270 0.061406 0.038086
2 0.311641 0.594531 0.060781 0.033594
2 0.076094 0.609570 0.058438 0.034766
2 0.372344 0.625586 0.060313 0.033984
2 0.556406 0.612207 0.062812 0.033398
2 0.433516 0.621680 0.060781 0.033984
2 0.494609 0.614746 0.061094 0.032227
2 0.972969 0.620898 0.052187 0.039453
1 0.795937 0.597168 0.060625 0.036133
2 0.134297 0.606152 0.059219 0.037695
2 0.616172 0.609961 0.060469 0.033984
2 0.925625 0.959473 0.060625 0.038086
1 0.252344 0.599512 0.060937 0.035352
2 0.676562 0.605371 0.059375 0.035352
2 0.736250 0.602539 0.060000 0.033203
1 0.193594 0.602441 0.059063 0.033398
2 0.910781 0.555762 0.059062 0.036914
2 0.553281 0.578613 0.059687 0.034180
2 0.372422 0.590625 0.060469 0.037500
2 0.856875 0.594629 0.060625 0.033398
2 0.493359 0.581445 0.061719 0.032422
2 0.914062 0.589258 0.059375 0.032422
2 0.971094 0.585938 0.057813 0.035156
1 0.432812 0.586230 0.059375 0.034570
2 0.852578 0.560449 0.061406 0.035352
2 0.733750 0.569238 0.061250 0.033398
2 0.673047 0.572656 0.058594 0.034375
2 0.615000 0.576074 0.061250 0.031445
2 0.793359 0.563770 0.058594 0.032617
