2 0.201406 0.032031 0.059688 0.025781
2 0.650781 0.904297 0.060937 0.035156
1 0.499219 0.046387 0.060937 0.032227
2 0.610156 0.525879 0.060937 0.034180
2 0.261797 0.032324 0.060781 0.029102
2 0.440859 0.042090 0.058906 0.033008
0 0.320391 0.034766 0.059219 0.032031
2 0.380625 0.038965 0.060625 0.035352
2 0.670859 0.528613 0.061406 0.036523
2 0.732031 0.530176 0.060937 0.033398
2 0.833437 0.952539 0.061250 0.040234
2 0.892969 0.953125 0.060937 0.039062
2 0.792891 0.536719 0.061094 0.035937
2 0.854219 0.539355 0.060313 0.034570
2 0.095078 0.633301 0.059844 0.038086
1 0.155625 0.634277 0.060625 0.032227
2 0.272656 0.674805 0.060937 0.037109
2 0.935234 0.678027 0.060781 0.034570
2 0.331875 0.680176 0.061250 0.034180
2 0.393516 0.685352 0.059844 0.035547
2 0.453750 0.687891 0.061250 0.034375
2 0.213594 0.636816 0.060312 0.034961
2 0.696094 0.665723 0.060937 0.039648
2 0.211563 0.673438 0.061250 0.039844
2 0.876250 0.675488 0.056875 0.035742
2 0.091250 0.666113 0.061250 0.034961
2 0.817500 0.672754 0.061875 0.037305
2 0.150781 0.668945 0.060937 0.041016
2 0.756953 0.668750 0.061094 0.037500
2 0.272891 0.641406 0.060469 0.033594
2 0.575859 0.658496 0.060781 0.034570
2 0.636641 0.660840 0.061094 0.033789
2 0.031797 0.664160 0.058281 0.034961
1 0.335156 0.646484 0.060937 0.031250
2 0.514844 0.657324 0.060937 0.040820
1 0.394844 0.650488 0.060312 0.034961
2 0.453672 0.652344 0.061406 0.035156
2 0.913359 0.542285 0.060781 0.036523
2 0.970625 0.543750 0.058750 0.037500
2 0.954609 0.956641 0.059531 0.039844
2 0.036484 0.628027 0.058281 0.036914
2 0.877969 0.709277 0.059688 0.034570
0 0.206172 0.708887 0.059531 0.039258
2 0.817422 0.707910 0.062031 0.033398
2 0.757031 0.705566 0.060937 0.034180
2 0.145859 0.703613 0.058281 0.041992
2 0.696719 0.700488 0.059687 0.036523
2 0.086641 0.700195 0.061094 0.037109
2 0.029063 0.698633 0.057500 0.036328
2 0.635938 0.696973 0.062500 0.035742
2 0.573984 0.692578 0.061406 0.036719
2 0.514297 0.689941 0.062031 0.034180
2 0.559453 0.049121 0.059219 0.030664
2 0.620000 0.052930 0.063125 0.030859
2 0.079531 0.056641 0.059688 0.031250
2 0.741563 0.059277 0.060625 0.029883
2 0.257969 0.061035 0.059063 0.029883
2 0.799922 0.064746 0.059531 0.034570
2 0.303750 0.509082 0.061250 0.036523
2 0.363750 0.514355 0.063125 0.037695
2 0.425391 0.514453 0.061719 0.029687
2 0.486484 0.517871 0.061406 0.034570
2 0.547813 0.522949 0.060625 0.036133
2 0.318281 0.063965 0.060312 0.032617
2 0.891563 0.915430 0.060625 0.036328
2 0.488203 0.483301 0.061094 0.033398
2 0.181719 0.501953 0.061875 0.035156
2 0.852344 0.504492 0.060937 0.033984
2 0.969219 0.509473 0.061562 0.031836
2 0.243281 0.508691 0.060312 0.037305
2 0.909766 0.507617 0.061719 0.031641
2 0.549375 0.487695 0.060625 0.032422
2 0.731797 0.497461 0.061406 0.032422
2 0.121719 0.499414 0.059688 0.040234
2 0.791406 0.501465 0.060937 0.036133
2 0.610156 0.491699 0.060937 0.032227
2 0.061719 0.495801 0.060937 0.035742
2 0.771563 0.949219 0.060000 0.039062
2 0.670547 0.494727 0.062031 0.033984
2 0.225703 0.916016 0.057969 0.039062
2 0.344922 0.242871 0.060156 0.033789
2 0.044141 0.257715 0.058594 0.031445
2 0.428516 0.480859 0.064844 0.038281
2 0.404922 0.246387 0.062031 0.034570
0 0.587891 0.255664 0.058594 0.031641
2 0.465234 0.248926 0.060156 0.033398
1 0.526953 0.252051 0.061719 0.031055
2 0.951484 0.919043 0.059531 0.036914
2 0.226641 0.233203 0.062344 0.033594
2 0.284766 0.236621 0.061719 0.038477
2 0.345469 0.923633 0.062188 0.035547
2 0.285312 0.919434 0.060625 0.036133
2 0.166328 0.230469 0.057969 0.035156
2 0.048125 0.229395 0.060000 0.029492
0 0.108281 0.229687 0.061562 0.028906
2 0.858203 0.066504 0.058594 0.031055
2 0.861016 0.097754 0.059219 0.031055
0 0.165859 0.910059 0.062031 0.039258
2 0.832031 0.913867 0.060937 0.039453
2 0.771641 0.911816 0.059844 0.035742
2 0.919687 0.133789 0.060625 0.029297
2 0.803125 0.123535 0.059688 0.034180
2 0.862578 0.129004 0.059219 0.031055
2 0.377344 0.099609 0.060937 0.031250
2 0.621250 0.112305 0.063750 0.033203
2 0.681719 0.114355 0.058437 0.029102
2 0.741641 0.118652 0.060469 0.032227
2 0.439219 0.102051 0.062188 0.030273
2 0.559219 0.108008 0.059687 0.030078
2 0.499766 0.102734 0.059844 0.028906
2 0.920234 0.104590 0.059531 0.029102
2 0.378828 0.068262 0.061094 0.031445
2 0.076719 0.086719 0.059062 0.029688
2 0.801406 0.092773 0.059687 0.029688
2 0.316016 0.095703 0.061719 0.031250
2 0.740938 0.087988 0.061875 0.031055
2 0.256875 0.092969 0.058125 0.032812
2 0.136797 0.088086 0.060781 0.026953
2 0.196250 0.088281 0.060625 0.030469
2 0.440234 0.072754 0.060156 0.029883
2 0.104531 0.906055 0.059688 0.039453
2 0.711875 0.906934 0.060625 0.037695
2 0.681406 0.084180 0.059063 0.026953
1 0.918125 0.074023 0.060625 0.031641
2 0.620937 0.081055 0.061250 0.029688
2 0.500469 0.074414 0.061562 0.026953
2 0.561719 0.077637 0.060937 0.027930
2 0.681016 0.056934 0.059844 0.030664
2 0.198828 0.058203 0.061719 0.028125
2 0.140391 0.059375 0.059844 0.029687
0 0.102188 0.259766 0.061250 0.035156
2 0.490781 0.453125 0.059063 0.035156
2 0.158906 0.294629 0.060312 0.035742
2 0.367109 0.479395 0.062656 0.033398
2 0.525391 0.314648 0.061719 0.030859
2 0.404609 0.274316 0.062656 0.029492
2 0.513359 0.726562 0.060781 0.039062
2 0.469531 0.857910 0.060937 0.034180
2 0.934844 0.711328 0.061562 0.034375
2 0.390000 0.718652 0.060625 0.035352
2 0.950703 0.340137 0.061094 0.030664
1 0.084687 0.025098 0.058750 0.031836
2 0.888203 0.300195 0.061094 0.032422
2 0.248047 0.440723 0.063281 0.036523
2 0.830703 0.330273 0.060469 0.034766
2 0.407344 0.926855 0.060312 0.036914
1 0.308281 0.442480 0.061875 0.036914
2 0.709141 0.323730 0.062969 0.032227
0 0.129062 0.431348 0.060625 0.035742
2 0.244375 0.474805 0.061250 0.034766
2 0.549766 0.455469 0.059844 0.034375
2 0.427656 0.450488 0.066562 0.040430
2 0.464922 0.309961 0.060781 0.032422
2 0.586484 0.317871 0.061406 0.032227
2 0.219219 0.295312 0.061563 0.034375
2 0.730859 0.466406 0.060156 0.036328
2 0.281562 0.297656 0.058750 0.033594
2 0.711953 0.945996 0.060469 0.037695
2 0.464609 0.279004 0.061406 0.031836
2 0.634531 0.731934 0.062188 0.036133
2 0.817266 0.742188 0.062344 0.035156
0 0.586641 0.286230 0.061094 0.033008
2 0.830234 0.298242 0.061406 0.032422
2 0.647734 0.259570 0.060781 0.035547
2 0.268594 0.711523 0.062812 0.037891
2 0.708047 0.292383 0.062031 0.032422
2 0.767891 0.265918 0.061094 0.034570
2 0.221406 0.264551 0.060312 0.029492
2 0.045312 0.900977 0.059375 0.037891
2 0.646953 0.320801 0.062344 0.034180
2 0.304922 0.475977 0.058906 0.032031
2 0.908516 0.476465 0.061094 0.035352
2 0.347578 0.887305 0.061094 0.033984
2 0.670469 0.464648 0.062188 0.035547
2 0.770234 0.324512 0.062656 0.030664
2 0.651094 0.868066 0.060313 0.037305
2 0.144297 0.029004 0.061406 0.031836
2 0.110156 0.869824 0.060937 0.037695
2 0.770703 0.876367 0.061719 0.036328
2 0.050078 0.867676 0.059219 0.034180
2 0.328594 0.714258 0.061563 0.036328
0 0.369219 0.444531 0.058750 0.036719
2 0.349062 0.850879 0.061250 0.036523
2 0.401562 0.306934 0.062500 0.034570
2 0.529062 0.896484 0.060625 0.035156
2 0.525625 0.284082 0.061250 0.033398
2 0.171328 0.836914 0.060469 0.037109
2 0.288828 0.847656 0.059844 0.039062
2 0.410078 0.852441 0.061094 0.033398
2 0.590078 0.865332 0.060469 0.034961
2 0.832656 0.876660 0.059688 0.035742
2 0.707734 0.261035 0.062656 0.032617
0 0.948750 0.306445 0.061875 0.035547
2 0.529141 0.934473 0.060469 0.037305
2 0.652266 0.940039 0.061094 0.037891
2 0.163437 0.261426 0.060625 0.031836
2 0.100234 0.293164 0.058906 0.034766
2 0.647891 0.289258 0.060469 0.034766
2 0.343359 0.272168 0.060156 0.029883
2 0.937266 0.746680 0.059844 0.037891
0 0.887813 0.271582 0.061875 0.034961
0 0.112266 0.836914 0.059844 0.037109
2 0.053438 0.831445 0.058750 0.036328
2 0.409141 0.888086 0.062969 0.036328
2 0.288594 0.883301 0.060312 0.038086
2 0.282109 0.265625 0.063906 0.035156
2 0.590078 0.900488 0.060469 0.034961
0 0.123672 0.463477 0.058906 0.033984
0 0.227813 0.878809 0.060000 0.039258
2 0.039844 0.291406 0.060937 0.034375
2 0.850078 0.473730 0.059219 0.036914
2 0.695859 0.735840 0.061406 0.036133
2 0.469141 0.932520 0.061719 0.037305
2 0.452109 0.723730 0.061406 0.036914
2 0.876875 0.742773 0.061875 0.033984
2 0.711719 0.872168 0.060937 0.036914
2 0.890000 0.331738 0.060625 0.031836
2 0.950000 0.883105 0.062500 0.038477
1 0.948203 0.273730 0.059844 0.034570
2 0.827500 0.267773 0.060625 0.034766
2 0.589844 0.937500 0.060937 0.039062
2 0.610547 0.460156 0.060156 0.036719
0 0.229219 0.841309 0.060312 0.036133
2 0.770703 0.296777 0.061719 0.027539
2 0.183438 0.467480 0.061250 0.037695
2 0.573516 0.729590 0.062344 0.040820
2 0.071094 0.431055 0.060937 0.032031
2 0.529844 0.863379 0.059063 0.034961
0 0.167891 0.874609 0.061094 0.039844
2 0.468828 0.893945 0.059219 0.036328
2 0.757109 0.740527 0.060781 0.038477
2 0.789219 0.468652 0.062188 0.035352
2 0.341250 0.304004 0.058438 0.036523
1 0.968437 0.475977 0.063125 0.032031
0 0.187969 0.435352 0.061563 0.039453
0 0.066094 0.462305 0.061562 0.032422
2 0.890078 0.881055 0.060469 0.034766
