2 0.281250 0.509863 0.056250 0.034961
2 0.882891 0.507520 0.059531 0.035742
2 0.341562 0.502051 0.061250 0.034961
2 0.942656 0.503125 0.060313 0.036719
0 0.400781 0.499707 0.057813 0.035742
2 0.461250 0.497266 0.060000 0.036719
2 0.521172 0.495020 0.061094 0.033398
2 0.041563 0.491113 0.051875 0.037305
2 0.582422 0.490625 0.061719 0.034375
2 0.100547 0.487500 0.054219 0.040625
2 0.642578 0.485742 0.060156 0.036328
2 0.703906 0.483496 0.060937 0.036914
2 0.160625 0.482812 0.058750 0.038281
2 0.764141 0.481152 0.059531 0.033789
2 0.217578 0.477637 0.057031 0.036914
2 0.823203 0.476465 0.058906 0.035352
2 0.278516 0.472852 0.060156 0.034766
2 0.884531 0.473438 0.059688 0.033594
2 0.944219 0.469531 0.060313 0.033594
2 0.337969 0.467383 0.060312 0.033984
2 0.398984 0.463672 0.060469 0.033594
2 0.458281 0.461621 0.060313 0.033789
2 0.519219 0.459180 0.060313 0.038672
2 0.581641 0.455957 0.060156 0.041211
2 0.190547 0.945020 0.052969 0.031836
2 0.642734 0.450293 0.060469 0.036914
2 0.703437 0.448047 0.060000 0.037500
2 0.763281 0.444238 0.060937 0.037305
2 0.825156 0.441992 0.059688 0.033984
2 0.884609 0.437793 0.059844 0.038477
2 0.946016 0.435645 0.060781 0.034961
2 0.247969 0.942383 0.055313 0.033203
2 0.305938 0.940039 0.055625 0.033984
2 0.364453 0.936816 0.057031 0.032617
2 0.078750 0.357715 0.057500 0.034570
2 0.425000 0.933887 0.056250 0.030664
2 0.134141 0.353125 0.055781 0.035938
2 0.191797 0.350586 0.055469 0.037109
2 0.250391 0.345703 0.057031 0.039062
2 0.308438 0.340430 0.060625 0.037891
2 0.369531 0.336426 0.057813 0.038086
2 0.429063 0.332520 0.058125 0.038086
2 0.488984 0.328711 0.059219 0.037891
2 0.548672 0.327734 0.059844 0.035938
2 0.073203 0.323633 0.055781 0.032422
2 0.609531 0.323437 0.059687 0.040625
2 0.130156 0.319824 0.054062 0.036133
2 0.669766 0.317773 0.061406 0.040234
2 0.484297 0.932520 0.059219 0.033398
2 0.188047 0.315820 0.054219 0.040234
1 0.729844 0.314941 0.059687 0.038086
2 0.789219 0.311621 0.059688 0.036914
2 0.247344 0.310059 0.057187 0.036133
2 0.305625 0.306934 0.058125 0.034570
2 0.848594 0.307715 0.059688 0.036914
2 0.907969 0.303711 0.059688 0.037109
2 0.366719 0.303809 0.058438 0.036914
1 0.968203 0.301367 0.058281 0.037891
2 0.426172 0.298340 0.058594 0.036133
0 0.542891 0.928711 0.057656 0.033203
2 0.487891 0.295508 0.060156 0.033984
2 0.546719 0.291309 0.059063 0.034570
2 0.066328 0.290723 0.054531 0.039648
2 0.608047 0.287109 0.059844 0.039062
2 0.125078 0.287793 0.053281 0.037695
2 0.389688 0.059375 0.060625 0.033594
2 0.450156 0.053906 0.059687 0.036719
2 0.510313 0.050391 0.061250 0.039844
2 0.571875 0.044922 0.059375 0.039062
2 0.630469 0.043164 0.060937 0.038672
2 0.422031 0.903027 0.056562 0.033789
1 0.957734 0.902734 0.059219 0.034375
2 0.692812 0.040625 0.060625 0.039844
2 0.753437 0.036328 0.060000 0.040625
2 0.812969 0.034961 0.060313 0.039453
2 0.873594 0.031836 0.059688 0.041797
2 0.934219 0.029297 0.062187 0.042969
4 0.481875 0.900781 0.057500 0.034375
2 0.542422 0.895801 0.056719 0.032617
2 0.601797 0.893262 0.059844 0.033789
2 0.662031 0.890039 0.058437 0.032422
2 0.720391 0.887891 0.059531 0.028906
2 0.781328 0.882422 0.059531 0.035937
2 0.181641 0.881055 0.053906 0.034766
2 0.240313 0.879297 0.058750 0.034375
2 0.840703 0.877344 0.059531 0.034375
2 0.301641 0.878223 0.056406 0.036523
2 0.900859 0.876758 0.057969 0.031641
2 0.359453 0.873633 0.056406 0.033984
2 0.959766 0.871680 0.060156 0.030078
1 0.420312 0.871289 0.056250 0.034766
2 0.480391 0.868457 0.057656 0.036523
0 0.540000 0.863965 0.058125 0.033789
0 0.601016 0.859375 0.058281 0.035156
2 0.660703 0.856152 0.058906 0.033789
2 0.720859 0.855078 0.060469 0.035937
2 0.781641 0.849805 0.060156 0.034766
2 0.840469 0.846387 0.059062 0.033789
0 0.899922 0.843457 0.059219 0.035742
2 0.959922 0.839160 0.060469 0.036523
2 0.095469 0.751855 0.053438 0.027539
2 0.152891 0.750586 0.055781 0.033984
2 0.210703 0.746387 0.055781 0.034570
2 0.269766 0.743262 0.055156 0.033008
2 0.327031 0.740430 0.057187 0.034766
2 0.388203 0.737012 0.054531 0.033789
2 0.447109 0.735254 0.056719 0.033398
0 0.508984 0.731934 0.058594 0.032227
0 0.566719 0.729395 0.058437 0.033398
2 0.628281 0.727441 0.059687 0.033398
0 0.687656 0.723242 0.059687 0.033984
2 0.089844 0.720508 0.054688 0.031641
2 0.147187 0.717773 0.053750 0.033203
2 0.747109 0.717676 0.059844 0.033398
2 0.206250 0.715527 0.053125 0.033789
2 0.264453 0.714551 0.053906 0.027930
2 0.807344 0.713477 0.058437 0.033984
0 0.867891 0.711230 0.060781 0.034570
2 0.325078 0.707227 0.056406 0.030859
2 0.926719 0.706738 0.059688 0.035742
2 0.384844 0.706836 0.054063 0.031641
0 0.445391 0.704492 0.056406 0.032422
2 0.505391 0.700195 0.054531 0.033203
2 0.566406 0.697266 0.057813 0.035156
2 0.626328 0.696582 0.058906 0.032617
2 0.687031 0.690723 0.058437 0.032617
2 0.085391 0.691113 0.052031 0.035742
2 0.747891 0.688477 0.058281 0.029297
2 0.142891 0.687598 0.054531 0.034961
2 0.202266 0.684570 0.054531 0.033203
2 0.262266 0.683594 0.055781 0.035156
2 0.808281 0.683887 0.060313 0.034570
2 0.867734 0.680273 0.060469 0.033984
2 0.322891 0.678027 0.055156 0.034570
2 0.928125 0.677441 0.059375 0.031836
2 0.383594 0.676465 0.054688 0.033789
2 0.443984 0.672461 0.056719 0.033984
2 0.504766 0.669629 0.056406 0.035742
2 0.565078 0.667285 0.058281 0.032617
2 0.626719 0.662109 0.059687 0.035156
2 0.686406 0.658789 0.060313 0.033984
2 0.748906 0.656934 0.060313 0.037695
2 0.808516 0.651660 0.060781 0.036523
2 0.870547 0.649219 0.059844 0.037500
2 0.929609 0.644043 0.059219 0.036133
2 0.052187 0.553613 0.051250 0.033398
2 0.108672 0.552344 0.051719 0.035937
2 0.167344 0.548633 0.059688 0.035547
2 0.226250 0.543750 0.058750 0.033594
1 0.283750 0.543164 0.058125 0.034766
2 0.343438 0.538281 0.058750 0.036719
2 0.402109 0.535059 0.057344 0.035352
2 0.462422 0.530371 0.059219 0.036914
0 0.522266 0.528711 0.060156 0.036328
2 0.583125 0.524609 0.060000 0.036719
2 0.046094 0.520801 0.051562 0.036523
2 0.642891 0.519727 0.060781 0.034766
2 0.703828 0.517871 0.060781 0.038477
2 0.105078 0.519141 0.057031 0.035937
2 0.163750 0.513965 0.058750 0.034570
2 0.763672 0.514453 0.058594 0.037500
2 0.221250 0.510547 0.058125 0.033594
2 0.823359 0.508887 0.059219 0.036914
2 0.667422 0.284277 0.059844 0.036914
2 0.185156 0.282422 0.054688 0.036719
2 0.729688 0.279883 0.059375 0.033984
2 0.244219 0.277637 0.057187 0.034570
2 0.789297 0.276953 0.059844 0.035938
2 0.849531 0.275488 0.058437 0.034961
2 0.305078 0.274219 0.060156 0.037500
2 0.908828 0.271875 0.061406 0.030469
2 0.364063 0.268652 0.059375 0.036914
2 0.968750 0.267285 0.059375 0.031836
2 0.424531 0.266113 0.058437 0.038086
2 0.485938 0.260254 0.059375 0.038086
2 0.602812 0.923730 0.058750 0.035352
2 0.545781 0.256348 0.060313 0.038086
2 0.606641 0.252148 0.060156 0.038672
2 0.667969 0.247656 0.060937 0.035938
2 0.729141 0.246582 0.061406 0.038086
2 0.788516 0.240039 0.061406 0.039453
2 0.850625 0.237500 0.060625 0.040625
2 0.910391 0.235742 0.061406 0.040234
2 0.970156 0.231836 0.059062 0.040234
2 0.662734 0.920996 0.059844 0.033008
0 0.721406 0.918359 0.058437 0.034375
2 0.781328 0.915137 0.059531 0.033008
2 0.101953 0.151172 0.053906 0.037500
2 0.158906 0.144922 0.058438 0.038281
2 0.216875 0.143945 0.055625 0.036328
2 0.186719 0.911816 0.054688 0.031836
2 0.275000 0.139746 0.059375 0.033008
2 0.334531 0.133398 0.056562 0.037891
2 0.394531 0.129688 0.060937 0.037500
2 0.453125 0.125098 0.059375 0.035352
2 0.513906 0.120898 0.059063 0.035547
2 0.840469 0.910547 0.059062 0.034375
2 0.098047 0.116602 0.055469 0.036328
2 0.573047 0.115430 0.058594 0.034766
2 0.633594 0.115430 0.060937 0.038672
2 0.154062 0.113672 0.058125 0.033984
2 0.212344 0.109961 0.059063 0.037891
2 0.693594 0.110352 0.059063 0.037109
2 0.753594 0.107422 0.060313 0.039062
1 0.812969 0.107422 0.060313 0.039062
2 0.272344 0.106250 0.060312 0.037500
2 0.873594 0.102539 0.059688 0.037109
2 0.244531 0.910937 0.057813 0.033594
2 0.304063 0.909180 0.055000 0.033203
2 0.932969 0.100195 0.059688 0.037891
2 0.332344 0.100195 0.055313 0.037891
2 0.391562 0.094922 0.061250 0.036719
2 0.451406 0.089648 0.059063 0.035547
2 0.511094 0.085938 0.059687 0.035156
2 0.092266 0.083594 0.056406 0.039844
0 0.572500 0.081641 0.060625 0.035937
2 0.898516 0.905957 0.059531 0.031836
2 0.632656 0.079492 0.059063 0.036328
2 0.149844 0.078125 0.062187 0.039062
2 0.692344 0.076172 0.059687 0.034766
2 0.753437 0.074219 0.060000 0.034766
2 0.210312 0.073828 0.058125 0.039844
2 0.814063 0.070801 0.059375 0.034570
2 0.270313 0.068164 0.062500 0.035547
2 0.873437 0.068359 0.059375 0.034766
2 0.329609 0.064453 0.056094 0.035156
2 0.932031 0.066113 0.060937 0.031836
2 0.362578 0.905566 0.056406 0.032617
