2 0.682109 0.234668 0.061094 0.034570
1 0.098047 0.411035 0.058594 0.033008
2 0.397578 0.394629 0.060781 0.034961
2 0.802109 0.227832 0.060469 0.032617
2 0.520937 0.449316 0.060625 0.031445
2 0.622578 0.237305 0.060781 0.033203
2 0.317344 0.258008 0.059687 0.030859
2 0.561094 0.239063 0.059687 0.033594
2 0.760625 0.404102 0.058750 0.031641
2 0.025156 0.214746 0.050313 0.027148
2 0.276953 0.431641 0.060156 0.031250
2 0.640781 0.410449 0.059687 0.030664
0 0.519375 0.418262 0.060625 0.030664
2 0.216562 0.403027 0.058125 0.033789
2 0.439766 0.249512 0.060781 0.032227
2 0.197422 0.266211 0.060469 0.030078
0 0.576875 0.381641 0.060000 0.033594
2 0.023906 0.273340 0.047813 0.035352
2 0.701719 0.406348 0.059687 0.031445
2 0.076953 0.270801 0.057031 0.032617
2 0.742109 0.228711 0.059219 0.038672
2 0.679375 0.201563 0.061875 0.030469
2 0.079531 0.241602 0.055937 0.028516
2 0.458594 0.421289 0.060937 0.032031
2 0.764766 0.436230 0.057656 0.029883
2 0.024609 0.242480 0.049219 0.026758
2 0.922578 0.220020 0.060781 0.032617
2 0.038906 0.415723 0.059062 0.031836
2 0.276250 0.399316 0.058750 0.033008
2 0.559531 0.208594 0.059687 0.028125
2 0.582188 0.447363 0.061250 0.031445
2 0.096484 0.441797 0.058594 0.030469
2 0.580313 0.413867 0.060625 0.031641
2 0.378594 0.223145 0.060313 0.029883
2 0.639375 0.376758 0.060000 0.031641
2 0.642969 0.441504 0.060937 0.031055
2 0.317812 0.226758 0.057500 0.030859
2 0.337891 0.394238 0.060156 0.035742
0 0.498750 0.213379 0.060000 0.029883
2 0.157969 0.406250 0.059688 0.031250
2 0.139297 0.207813 0.056719 0.033594
2 0.377266 0.254004 0.060781 0.031445
0 0.081250 0.211133 0.059375 0.030859
2 0.138281 0.239844 0.057813 0.028125
2 0.259531 0.200293 0.059687 0.029102
2 0.200000 0.203320 0.059375 0.030859
2 0.036641 0.445703 0.057656 0.030469
2 0.337891 0.428418 0.060156 0.029883
4 0.756797 0.368750 0.057344 0.035938
2 0.619297 0.205957 0.060469 0.029492
2 0.459063 0.452930 0.061875 0.035547
2 0.703437 0.439941 0.060000 0.030273
2 0.257578 0.230957 0.058906 0.029883
2 0.258281 0.261230 0.060312 0.032227
2 0.517813 0.385937 0.060625 0.032813
0 0.697813 0.374219 0.058125 0.032813
2 0.863906 0.222852 0.062187 0.034766
2 0.438672 0.218555 0.058594 0.027734
2 0.457500 0.390039 0.058750 0.032422
2 0.135156 0.267969 0.057813 0.030469
2 0.155859 0.439160 0.058594 0.027930
2 0.499688 0.243457 0.061875 0.032617
0 0.216016 0.437598 0.060156 0.034961
2 0.198750 0.235254 0.060000 0.029492
2 0.397031 0.427441 0.059687 0.031836
0 0.678125 0.173340 0.059375 0.028711
2 0.617344 0.176855 0.059687 0.029102
2 0.317656 0.196191 0.057187 0.029492
2 0.214453 0.469629 0.060156 0.033008
2 0.739375 0.198145 0.060000 0.029492
2 0.275156 0.465234 0.059687 0.034375
2 0.397578 0.457422 0.060781 0.034375
2 0.337891 0.461328 0.060156 0.034375
2 0.557578 0.180566 0.058906 0.029492
1 0.378047 0.193555 0.059219 0.030859
2 0.858359 0.192188 0.060469 0.029688
2 0.799844 0.195703 0.062187 0.030469
0 0.498750 0.182129 0.060000 0.029883
2 0.916875 0.190234 0.058750 0.029688
2 0.973437 0.187500 0.053125 0.031250
0 0.438828 0.189648 0.058906 0.030859
0 0.024766 0.043848 0.049531 0.029492
2 0.023906 0.076855 0.047813 0.033789
2 0.737969 0.170313 0.060313 0.030469
2 0.971016 0.160059 0.057656 0.027539
0 0.797031 0.166895 0.059688 0.029492
2 0.912891 0.160938 0.060156 0.029688
2 0.854219 0.165137 0.058437 0.029102
2 0.498281 0.043945 0.062188 0.037109
2 0.197813 0.062305 0.058125 0.031641
2 0.138828 0.070703 0.058906 0.030469
0 0.079609 0.071875 0.062344 0.035937
2 0.438203 0.048926 0.060781 0.034961
2 0.256250 0.060059 0.059375 0.032227
2 0.377969 0.050098 0.059063 0.036523
2 0.317656 0.056445 0.060312 0.031641
0 0.025625 0.015137 0.051250 0.028320
2 0.258516 0.030469 0.060781 0.028906
0 0.080312 0.039355 0.060625 0.026758
2 0.560000 0.040332 0.063750 0.040430
2 0.677656 0.030566 0.064687 0.036523
2 0.139063 0.037500 0.059375 0.030469
2 0.198906 0.031836 0.057187 0.030078
2 0.618750 0.034180 0.062500 0.037109
2 0.436641 0.015723 0.060781 0.031055
2 0.797969 0.023926 0.064687 0.038086
2 0.317266 0.024023 0.059531 0.030078
2 0.739922 0.026660 0.064219 0.036523
2 0.972656 0.017578 0.054688 0.035156
2 0.857812 0.021387 0.065625 0.039258
0 0.915625 0.018555 0.065625 0.037109
2 0.377969 0.019629 0.059063 0.031055
2 0.053281 0.680762 0.059688 0.036914
2 0.112891 0.677148 0.060156 0.036328
2 0.173047 0.673535 0.058594 0.035742
2 0.233203 0.669629 0.060156 0.035742
2 0.155156 0.471484 0.057187 0.037500
2 0.095469 0.475684 0.059688 0.036914
2 0.034219 0.476953 0.059062 0.038281
2 0.415547 0.592187 0.059219 0.034375
2 0.354844 0.595410 0.059687 0.035742
2 0.295234 0.600293 0.059219 0.029883
2 0.235078 0.604785 0.057656 0.028711
2 0.055078 0.646875 0.057031 0.030469
2 0.415781 0.660547 0.059687 0.034375
2 0.355625 0.663770 0.061250 0.035742
2 0.295469 0.665723 0.059687 0.035742
1 0.174609 0.606836 0.058594 0.032422
2 0.116328 0.611426 0.057656 0.034961
2 0.414766 0.626367 0.057656 0.032422
2 0.114766 0.642969 0.057656 0.030469
2 0.355391 0.629297 0.060781 0.034375
2 0.173594 0.640625 0.059687 0.031250
2 0.295234 0.632910 0.059219 0.034961
2 0.234297 0.633496 0.059219 0.029883
2 0.056953 0.613965 0.057656 0.033789
