3 0.735469 0.978711 0.060313 0.038672
3 0.674063 0.979199 0.061250 0.041602
3 0.495625 0.801074 0.061875 0.034570
3 0.432500 0.796680 0.063125 0.039453
3 0.370312 0.792383 0.062500 0.036328
2 0.308516 0.787012 0.061094 0.035352
3 0.613438 0.978418 0.060625 0.043164
2 0.553984 0.977051 0.060781 0.038086
3 0.862891 0.783398 0.061719 0.034766
2 0.247187 0.781445 0.065000 0.038672
2 0.186641 0.778711 0.064219 0.036328
3 0.801953 0.776660 0.061719 0.040430
3 0.741406 0.775781 0.060937 0.038281
3 0.680312 0.775098 0.061250 0.039648
2 0.125781 0.772266 0.064062 0.037500
2 0.064531 0.769824 0.064687 0.034570
3 0.617031 0.768457 0.062812 0.037305
3 0.555391 0.769141 0.061094 0.039844
3 0.139141 0.500488 0.059219 0.034180
2 0.078125 0.495020 0.062500 0.033398
3 0.795234 0.948633 0.059531 0.036328
2 0.128750 0.946582 0.061250 0.040430
3 0.735469 0.945898 0.057188 0.037891
3 0.675859 0.942090 0.060781 0.041602
3 0.552969 0.936523 0.062812 0.041016
3 0.614687 0.936426 0.061250 0.041211
2 0.070547 0.934082 0.058906 0.038086
3 0.491563 0.925586 0.060625 0.047266
3 0.431953 0.921289 0.061094 0.048047
3 0.370312 0.921387 0.059375 0.043945
2 0.309688 0.918848 0.061875 0.041211
2 0.251250 0.916211 0.060000 0.038672
2 0.191328 0.910937 0.061094 0.037500
2 0.132187 0.908105 0.057500 0.039258
2 0.073359 0.899902 0.062656 0.036133
2 0.916484 0.986621 0.060781 0.026758
3 0.855625 0.985840 0.063750 0.028320
2 0.185781 0.985156 0.059688 0.029687
2 0.127500 0.984473 0.060625 0.031055
3 0.795547 0.983594 0.058906 0.032813
3 0.862500 0.822754 0.062500 0.041992
3 0.799922 0.819336 0.059531 0.041016
3 0.741563 0.815820 0.063750 0.040234
3 0.679219 0.812988 0.063438 0.034180
3 0.616172 0.809863 0.061406 0.040430
3 0.554219 0.808496 0.060313 0.035352
3 0.496328 0.763379 0.060469 0.039648
3 0.432734 0.758789 0.062656 0.037109
3 0.371953 0.755566 0.062344 0.039648
2 0.311016 0.750391 0.065469 0.038281
3 0.861719 0.747168 0.060937 0.036914
2 0.065625 0.974316 0.059375 0.043555
2 0.250781 0.744629 0.064062 0.034180
2 0.190078 0.741211 0.063594 0.037109
2 0.801094 0.740918 0.060313 0.029883
2 0.129844 0.739746 0.062187 0.032227
2 0.740078 0.739453 0.060469 0.032813
3 0.680312 0.737305 0.061250 0.033203
3 0.680312 0.736230 0.061250 0.035352
2 0.068437 0.734473 0.066250 0.034961
3 0.615859 0.733203 0.062031 0.033594
3 0.555156 0.731348 0.058437 0.033398
3 0.496250 0.727344 0.060625 0.033594
3 0.491484 0.971289 0.060781 0.041797
3 0.433750 0.721680 0.063750 0.033203
3 0.374063 0.714746 0.058125 0.039258
3 0.313125 0.712207 0.064375 0.040430
3 0.252109 0.708887 0.061406 0.039258
2 0.191328 0.708496 0.060781 0.032227
2 0.133750 0.703125 0.063750 0.039062
2 0.072109 0.699609 0.065156 0.034375
3 0.429922 0.967773 0.062031 0.044922
3 0.370156 0.965234 0.059687 0.042188
2 0.309375 0.960547 0.059375 0.039844
3 0.750781 0.608594 0.060937 0.036719
3 0.687656 0.602344 0.062188 0.037500
3 0.626328 0.599512 0.062969 0.039258
3 0.564063 0.597266 0.062500 0.039844
3 0.502266 0.593359 0.061094 0.035937
3 0.441016 0.588965 0.061719 0.036914
0 0.377109 0.585645 0.064531 0.035742
2 0.314766 0.580664 0.060781 0.037891
2 0.253594 0.576562 0.061563 0.038281
3 0.192266 0.572852 0.059219 0.037891
2 0.249531 0.956934 0.060312 0.039258
3 0.750703 0.569922 0.061094 0.039844
3 0.132891 0.570215 0.062344 0.035352
3 0.688125 0.567578 0.061250 0.036719
2 0.072266 0.566113 0.061719 0.035742
3 0.626797 0.563574 0.062031 0.040820
3 0.565156 0.558887 0.060313 0.038477
3 0.503906 0.554883 0.060937 0.038672
3 0.443125 0.552344 0.060625 0.035937
2 0.916328 0.954102 0.061094 0.037109
3 0.379141 0.549414 0.063594 0.033984
2 0.318750 0.544434 0.059375 0.036133
3 0.258828 0.538867 0.060469 0.035547
3 0.196406 0.536133 0.063437 0.037109
3 0.135313 0.535254 0.060625 0.034961
3 0.749844 0.533496 0.062812 0.038477
3 0.855547 0.950879 0.063906 0.039648
3 0.688125 0.530273 0.061250 0.033203
2 0.075000 0.531445 0.062500 0.034766
3 0.627031 0.528613 0.064687 0.036523
3 0.503984 0.521094 0.060781 0.032031
3 0.442734 0.517285 0.061406 0.031836
2 0.381875 0.513965 0.064375 0.034570
2 0.189297 0.950293 0.058906 0.040820
2 0.320078 0.509570 0.062969 0.035547
3 0.260391 0.506250 0.060469 0.034375
3 0.199141 0.502734 0.061094 0.033594
