2 0.434063 0.859375 0.058750 0.035156
0 0.655156 0.300098 0.057188 0.036523
2 0.795469 0.895117 0.059688 0.033984
2 0.556328 0.881445 0.059531 0.026172
2 0.912734 0.888379 0.059844 0.031836
2 0.676484 0.904492 0.059219 0.030859
2 0.954453 0.212793 0.058906 0.034961
2 0.775391 0.220703 0.060156 0.035156
2 0.714063 0.225586 0.062500 0.037109
2 0.494062 0.854980 0.060000 0.032227
2 0.734609 0.870313 0.059844 0.025000
2 0.914453 0.826953 0.060156 0.033594
2 0.774922 0.257324 0.059219 0.036133
2 0.972656 0.826172 0.054688 0.035156
2 0.495937 0.885254 0.060625 0.030273
2 0.854922 0.833203 0.059844 0.032813
0 0.952266 0.277930 0.057656 0.030078
0 0.834297 0.251270 0.059219 0.036523
2 0.971797 0.855762 0.056094 0.026758
2 0.793828 0.837988 0.059531 0.034961
2 0.793750 0.866602 0.059375 0.024609
0 0.834688 0.287891 0.060000 0.033594
2 0.553984 0.852539 0.061094 0.033203
2 0.439922 0.917480 0.057969 0.032227
2 0.913281 0.858789 0.060937 0.028516
0 0.893359 0.281934 0.058594 0.029883
1 0.852969 0.862988 0.059062 0.027930
2 0.853984 0.892578 0.057969 0.031250
2 0.897266 0.419043 0.060156 0.033398
2 0.834688 0.215820 0.060000 0.033594
2 0.557422 0.910352 0.058594 0.030859
0 0.838125 0.425879 0.060625 0.039258
2 0.653281 0.227539 0.059687 0.033203
2 0.734453 0.840137 0.059531 0.034570
2 0.735625 0.900781 0.058750 0.034375
2 0.715000 0.260449 0.061250 0.033789
2 0.675000 0.876953 0.059375 0.023438
2 0.675312 0.846387 0.060000 0.037695
2 0.437812 0.889355 0.056875 0.025977
2 0.775078 0.292187 0.059531 0.032813
2 0.617031 0.907715 0.059063 0.032227
2 0.714687 0.294336 0.060625 0.032031
2 0.777187 0.426758 0.060625 0.033203
2 0.970781 0.883008 0.057188 0.026953
2 0.957734 0.414648 0.059219 0.033984
2 0.894219 0.247754 0.060313 0.035742
0 0.498516 0.914355 0.059531 0.030664
2 0.654609 0.263770 0.059219 0.038867
2 0.894453 0.214258 0.060781 0.032422
2 0.954609 0.247070 0.059219 0.033203
2 0.616016 0.878613 0.060156 0.024023
2 0.614687 0.850098 0.060625 0.034180
2 0.716484 0.431152 0.061094 0.032227
2 0.931719 0.625879 0.060313 0.033398
2 0.510625 0.682910 0.061875 0.032617
2 0.929844 0.686719 0.059688 0.028906
2 0.631250 0.704688 0.059375 0.028125
2 0.572422 0.708984 0.060469 0.031250
2 0.512188 0.715918 0.058750 0.029102
1 0.868125 0.689258 0.058125 0.031641
0 0.691016 0.702051 0.060156 0.029492
0 0.809922 0.694434 0.060469 0.029102
2 0.750391 0.697852 0.060156 0.026172
2 0.870469 0.626855 0.059688 0.031445
2 0.870391 0.658691 0.059531 0.030273
2 0.570312 0.678320 0.062500 0.030078
1 0.979688 0.682617 0.040625 0.029297
2 0.810859 0.663086 0.059219 0.033203
2 0.630625 0.676758 0.061250 0.029297
0 0.750625 0.668359 0.060625 0.030469
2 0.690391 0.675391 0.058906 0.024219
2 0.811250 0.630566 0.060000 0.031836
2 0.507188 0.652539 0.061250 0.030859
2 0.979453 0.654785 0.040156 0.026367
0 0.930234 0.658301 0.060469 0.027148
2 0.750938 0.635938 0.061250 0.032813
2 0.570625 0.649023 0.063125 0.030078
2 0.690547 0.643164 0.059219 0.041797
2 0.629453 0.645508 0.062031 0.033203
0 0.656016 0.435645 0.062031 0.034961
2 0.476641 0.488184 0.059531 0.031445
2 0.537813 0.512207 0.060000 0.034180
2 0.980156 0.624023 0.038438 0.037109
0 0.478672 0.519238 0.060469 0.031836
2 0.300469 0.528711 0.060312 0.028516
2 0.419375 0.523047 0.057500 0.032031
2 0.360781 0.525000 0.062188 0.028125
2 0.417344 0.490137 0.059687 0.031445
2 0.718125 0.500195 0.061250 0.034766
2 0.657109 0.505664 0.061094 0.031641
2 0.598359 0.507617 0.059219 0.031641
2 0.838125 0.491016 0.060625 0.033594
1 0.778125 0.497266 0.059375 0.036719
1 0.355938 0.494531 0.061875 0.034375
2 0.297969 0.495410 0.061563 0.036523
2 0.594453 0.441211 0.060781 0.031641
2 0.777422 0.461523 0.061094 0.033984
2 0.957031 0.481836 0.057813 0.032422
2 0.897188 0.486914 0.060000 0.033984
2 0.717656 0.465332 0.060313 0.034180
2 0.536641 0.479687 0.060781 0.028906
1 0.657969 0.472070 0.062812 0.036328
2 0.595859 0.475098 0.060469 0.034180
2 0.535625 0.447559 0.058750 0.034570
2 0.353672 0.460938 0.060469 0.035156
2 0.293359 0.459473 0.061719 0.034180
2 0.837969 0.462109 0.060313 0.032813
2 0.957422 0.449316 0.058594 0.034961
2 0.415078 0.455957 0.061406 0.037305
2 0.898750 0.453223 0.060000 0.034961
2 0.476328 0.453320 0.062031 0.034766
