2 0.890781 0.749316 0.052812 0.032617
2 0.833437 0.747949 0.055000 0.035352
2 0.774219 0.743945 0.054688 0.031641
0 0.717422 0.738867 0.055781 0.033984
2 0.658750 0.737500 0.057500 0.028906
0 0.598125 0.734180 0.056875 0.031641
1 0.538984 0.730273 0.056406 0.031641
2 0.480078 0.727051 0.058594 0.030273
1 0.421016 0.722656 0.057969 0.031250
2 0.359609 0.719141 0.058906 0.034375
2 0.894688 0.718359 0.051250 0.032031
2 0.301641 0.717187 0.059219 0.034375
2 0.838516 0.717383 0.054219 0.033984
0 0.240391 0.714551 0.059844 0.035742
2 0.779141 0.712207 0.054219 0.032617
2 0.180781 0.710645 0.060312 0.035742
2 0.722344 0.709570 0.055312 0.033984
0 0.661016 0.706348 0.056094 0.032617
0 0.120703 0.705664 0.058594 0.033984
2 0.602656 0.702930 0.057188 0.031641
2 0.062344 0.703223 0.059688 0.034961
2 0.542344 0.701465 0.055938 0.030664
0 0.481250 0.696484 0.059375 0.032813
2 0.421563 0.691699 0.056875 0.030664
2 0.361016 0.688379 0.059219 0.033398
2 0.900000 0.688574 0.053125 0.033008
2 0.299922 0.683887 0.059531 0.030664
2 0.842578 0.684180 0.055469 0.033984
2 0.782891 0.682031 0.056094 0.034375
2 0.240156 0.681055 0.060312 0.032422
0 0.180781 0.678516 0.060000 0.033594
2 0.724688 0.677832 0.056875 0.034961
2 0.664375 0.674707 0.055625 0.033398
0 0.120703 0.673047 0.058594 0.032813
2 0.604844 0.670020 0.059063 0.034961
2 0.061172 0.670215 0.058906 0.030664
2 0.543359 0.668164 0.057031 0.034766
2 0.482891 0.664160 0.059219 0.034961
2 0.423828 0.660156 0.058594 0.035156
2 0.361406 0.656641 0.058438 0.034375
2 0.301094 0.653906 0.060312 0.032031
2 0.240000 0.649609 0.060625 0.032813
0 0.179844 0.646777 0.059062 0.034570
2 0.120156 0.640625 0.059688 0.035156
2 0.058750 0.636816 0.060625 0.034961
0 0.924297 0.556250 0.054531 0.032031
2 0.868047 0.550879 0.054531 0.034961
2 0.809922 0.546973 0.055156 0.034961
2 0.750859 0.544238 0.057656 0.032617
2 0.692109 0.536133 0.056406 0.033203
1 0.632109 0.533984 0.057656 0.033594
2 0.573281 0.529395 0.056562 0.034961
2 0.513672 0.526953 0.060156 0.032031
2 0.453047 0.525586 0.059531 0.030859
2 0.929688 0.524609 0.053125 0.032813
2 0.394062 0.520508 0.058750 0.029297
2 0.872109 0.519238 0.055781 0.031836
2 0.333437 0.517285 0.058125 0.031836
2 0.813438 0.511816 0.054375 0.034961
2 0.272344 0.511719 0.058438 0.031250
1 0.755391 0.510645 0.057969 0.033398
2 0.213828 0.508301 0.059844 0.030273
2 0.694531 0.507422 0.057813 0.032031
2 0.153594 0.505078 0.058750 0.032813
2 0.636094 0.502246 0.059063 0.030664
2 0.092734 0.502051 0.058281 0.031055
2 0.575859 0.498340 0.057656 0.030664
2 0.034063 0.496680 0.056875 0.030078
2 0.515625 0.493555 0.059375 0.032422
2 0.454609 0.491797 0.059531 0.032031
2 0.933437 0.490430 0.055000 0.038672
0 0.393906 0.487598 0.059063 0.032617
2 0.875469 0.483984 0.055312 0.035938
2 0.333047 0.483398 0.058906 0.033203
2 0.817187 0.478418 0.056250 0.035352
2 0.273750 0.478125 0.058750 0.032031
0 0.757656 0.478320 0.056562 0.035547
2 0.212500 0.476660 0.059375 0.031445
2 0.958750 0.946094 0.051250 0.029687
2 0.903281 0.946289 0.052812 0.029297
2 0.152891 0.472754 0.059844 0.031445
2 0.698438 0.471680 0.056250 0.037109
2 0.093125 0.468164 0.057500 0.032422
2 0.638828 0.467871 0.059844 0.036914
0 0.577031 0.466016 0.058437 0.036719
2 0.033125 0.464453 0.055625 0.032031
2 0.516641 0.463281 0.060469 0.034375
2 0.455156 0.456836 0.061562 0.035547
2 0.395156 0.453125 0.059687 0.035156
2 0.334609 0.449707 0.058906 0.034180
2 0.273359 0.444238 0.059531 0.033398
2 0.212422 0.442578 0.059531 0.036719
2 0.153047 0.438184 0.059531 0.033789
2 0.092812 0.436523 0.058125 0.033203
2 0.846016 0.942676 0.057969 0.032617
2 0.032969 0.431055 0.055937 0.032422
2 0.789609 0.942285 0.058281 0.033398
2 0.730391 0.938086 0.057969 0.033984
2 0.671563 0.936133 0.056875 0.033984
2 0.614453 0.935547 0.058594 0.031250
2 0.553828 0.934082 0.057969 0.030273
0 0.752188 0.339844 0.058125 0.031250
2 0.694453 0.336328 0.057969 0.030469
2 0.635000 0.330664 0.058125 0.033984
0 0.576484 0.328320 0.059531 0.034766
0 0.515391 0.320801 0.056719 0.034180
0 0.455781 0.319336 0.060313 0.033203
2 0.395625 0.315430 0.058750 0.033203
0 0.334609 0.310742 0.058906 0.038672
2 0.757656 0.308496 0.059687 0.035352
2 0.276016 0.306348 0.060469 0.039648
2 0.215078 0.303906 0.060469 0.036719
2 0.698438 0.301660 0.059375 0.033398
0 0.156016 0.298730 0.059844 0.035352
2 0.639297 0.297266 0.058906 0.034375
2 0.495234 0.929395 0.059531 0.035742
0 0.095547 0.295996 0.058906 0.033008
0 0.577656 0.295605 0.060313 0.033789
1 0.034766 0.295410 0.058594 0.034180
2 0.518281 0.289746 0.060313 0.033789
2 0.456562 0.287109 0.061875 0.031250
2 0.395781 0.282715 0.061563 0.032227
2 0.335781 0.276855 0.059687 0.032227
2 0.762188 0.273535 0.060000 0.034961
2 0.275000 0.272266 0.059375 0.033594
2 0.700625 0.268945 0.058125 0.036328
2 0.215000 0.267969 0.060625 0.034375
2 0.642031 0.264160 0.059687 0.034180
0 0.155078 0.263867 0.058594 0.034766
2 0.096016 0.261230 0.061094 0.036133
2 0.035859 0.259668 0.059531 0.035352
2 0.579844 0.260254 0.059063 0.034180
2 0.436094 0.924219 0.059063 0.034375
2 0.520078 0.256348 0.059844 0.034180
2 0.459141 0.252930 0.059844 0.037109
2 0.397344 0.248730 0.061563 0.033789
2 0.337109 0.242383 0.060156 0.038672
2 0.276016 0.239355 0.060469 0.036914
2 0.215234 0.234277 0.060156 0.035352
2 0.154531 0.230176 0.059688 0.035742
2 0.092969 0.226074 0.060937 0.035742
2 0.033828 0.225977 0.060469 0.036328
2 0.375703 0.920996 0.057969 0.033008
2 0.316797 0.919043 0.060156 0.033008
2 0.964063 0.918262 0.053125 0.030664
2 0.906875 0.918457 0.055000 0.030273
2 0.257578 0.914648 0.059844 0.033984
2 0.851250 0.913184 0.056875 0.033008
2 0.792266 0.912598 0.056094 0.030273
1 0.197188 0.911230 0.058750 0.033008
4 0.416172 0.112500 0.058281 0.036719
2 0.356406 0.108984 0.059063 0.035937
2 0.295156 0.104395 0.060000 0.037305
2 0.235547 0.099707 0.060156 0.034961
2 0.175000 0.097070 0.059375 0.036328
2 0.114219 0.095117 0.059062 0.036328
2 0.056484 0.089648 0.058906 0.035547
2 0.733281 0.907520 0.055312 0.032617
2 0.417969 0.076270 0.057813 0.034961
2 0.357266 0.071387 0.060469 0.036914
2 0.296719 0.067480 0.059687 0.036914
2 0.236953 0.063672 0.060469 0.036719
2 0.675938 0.907227 0.057500 0.029297
2 0.138984 0.905469 0.059531 0.036719
2 0.617578 0.905371 0.058594 0.033008
0 0.174687 0.060937 0.060000 0.038281
2 0.114062 0.057715 0.059375 0.036914
2 0.054141 0.053613 0.060469 0.037305
2 0.077422 0.903223 0.057656 0.033398
2 0.418594 0.040430 0.059687 0.036328
2 0.358281 0.036719 0.061563 0.035937
2 0.296719 0.033594 0.059687 0.034375
2 0.235391 0.027441 0.060469 0.034961
1 0.556484 0.900195 0.055781 0.031641
2 0.175000 0.023340 0.059375 0.035352
2 0.115078 0.020410 0.060469 0.037305
2 0.053906 0.017969 0.060937 0.034375
1 0.024219 0.898438 0.048438 0.035156
2 0.497266 0.896973 0.061719 0.030273
2 0.437266 0.893164 0.059844 0.033984
2 0.376719 0.892383 0.059063 0.031641
2 0.317344 0.888477 0.059063 0.031641
2 0.970000 0.888379 0.050625 0.035742
2 0.913281 0.884863 0.054688 0.034961
2 0.854063 0.884570 0.060625 0.031641
2 0.257422 0.884766 0.060156 0.031250
2 0.796094 0.882617 0.054688 0.031641
2 0.196563 0.881738 0.060312 0.033398
2 0.737969 0.879980 0.055312 0.033008
2 0.677891 0.875879 0.059844 0.033398
2 0.135703 0.876270 0.059844 0.032617
2 0.618750 0.875098 0.059375 0.034961
2 0.076875 0.874121 0.058750 0.033008
2 0.558672 0.868457 0.057656 0.032617
2 0.499375 0.864160 0.060625 0.033398
2 0.437422 0.863574 0.059531 0.030664
2 0.378125 0.861719 0.059375 0.034375
2 0.317500 0.858008 0.058750 0.033984
2 0.256406 0.853418 0.059063 0.035352
2 0.195234 0.849707 0.059531 0.034961
2 0.135859 0.846289 0.059531 0.033984
2 0.075938 0.842676 0.060625 0.033398
