3 0.334531 0.016113 0.055938 0.026367
2 0.224453 0.278027 0.063594 0.029883
3 0.334922 0.044824 0.058281 0.031445
3 0.396094 0.046875 0.064062 0.031250
3 0.233750 0.906934 0.060625 0.037695
2 0.071406 0.480176 0.063438 0.035742
2 0.074297 0.446777 0.060781 0.032227
2 0.048984 0.890430 0.061406 0.039453
2 0.412266 0.223438 0.062969 0.029688
3 0.473984 0.225391 0.061406 0.029688
2 0.197344 0.620703 0.061563 0.032031
3 0.165703 0.244434 0.065469 0.034570
1 0.258672 0.420898 0.060781 0.033203
3 0.175469 0.827051 0.064688 0.037305
3 0.272656 0.042676 0.064062 0.027930
2 0.153750 0.041699 0.061250 0.029883
2 0.171797 0.903320 0.062656 0.037109
2 0.135391 0.616504 0.057344 0.032617
3 0.208359 0.073535 0.061406 0.032617
2 0.350156 0.249805 0.062188 0.031641
3 0.395469 0.079102 0.062188 0.033203
3 0.295859 0.871387 0.061406 0.042383
2 0.410703 0.254199 0.062656 0.034570
3 0.472656 0.290234 0.064062 0.032813
3 0.259063 0.627832 0.063125 0.037305
3 0.230000 0.212793 0.065000 0.031445
2 0.035234 0.034570 0.063906 0.032422
3 0.188516 0.690820 0.057344 0.040234
3 0.248672 0.697754 0.062031 0.041992
2 0.043984 0.269531 0.062031 0.035156
2 0.078984 0.414258 0.060781 0.034766
2 0.149141 0.071484 0.061094 0.028906
3 0.192656 0.653711 0.058438 0.036328
0 0.196406 0.452832 0.063437 0.035742
2 0.133438 0.651465 0.061250 0.036914
3 0.332578 0.078711 0.059844 0.033984
2 0.199766 0.417187 0.062969 0.036719
2 0.025781 0.412109 0.051562 0.035156
2 0.054375 0.854883 0.062813 0.036328
2 0.077344 0.615430 0.057813 0.034766
3 0.212266 0.042480 0.059844 0.028320
2 0.073438 0.649707 0.059375 0.036523
3 0.292266 0.910156 0.059219 0.039062
2 0.029687 0.065430 0.059375 0.029297
3 0.111328 0.894238 0.061719 0.039648
3 0.172578 0.863379 0.064219 0.042773
3 0.394062 0.017383 0.065000 0.027734
3 0.293125 0.218750 0.063750 0.031250
2 0.163047 0.277734 0.067656 0.030469
2 0.131641 0.483789 0.061719 0.036328
2 0.353203 0.219141 0.062344 0.030469
3 0.191953 0.487598 0.059531 0.036523
3 0.237656 0.830957 0.065313 0.037305
2 0.058906 0.818555 0.063438 0.034766
3 0.251250 0.492285 0.060000 0.038867
3 0.457344 0.021582 0.060313 0.027148
3 0.408984 0.289258 0.063281 0.034766
3 0.299844 0.835156 0.059687 0.036719
3 0.107891 0.237500 0.062344 0.032812
3 0.170000 0.210645 0.060000 0.031836
2 0.089375 0.068848 0.058750 0.030273
3 0.111406 0.205078 0.061562 0.031250
2 0.290000 0.248535 0.063750 0.030273
3 0.348359 0.283887 0.065781 0.033789
3 0.114922 0.856934 0.057656 0.036133
3 0.272344 0.076367 0.064688 0.034766
3 0.214062 0.013672 0.059375 0.027344
3 0.273438 0.014648 0.062500 0.029297
2 0.287422 0.280664 0.065781 0.032031
3 0.472500 0.257031 0.061250 0.032812
3 0.255391 0.659668 0.064219 0.036133
4 0.094688 0.037402 0.060625 0.030664
2 0.155938 0.013867 0.060000 0.026953
2 0.068906 0.684766 0.059062 0.036719
1 0.254922 0.455469 0.058906 0.038281
3 0.228047 0.244238 0.065781 0.034961
3 0.455937 0.052441 0.060000 0.031836
3 0.102813 0.271289 0.063437 0.031641
3 0.234922 0.868262 0.061406 0.040820
3 0.047734 0.239746 0.063906 0.032227
3 0.118359 0.821680 0.057031 0.036328
2 0.052734 0.205566 0.063281 0.034570
2 0.129297 0.689063 0.060156 0.035937
2 0.138516 0.415723 0.063594 0.035742
3 0.456953 0.081738 0.061094 0.027930
2 0.134297 0.448926 0.062656 0.035742
