3 0.854063 0.131836 0.057500 0.037109
3 0.789219 0.160254 0.059063 0.038867
3 0.919141 0.983789 0.061719 0.032422
3 0.911641 0.133496 0.061094 0.041602
3 0.730547 0.156152 0.057656 0.035352
3 0.733906 0.120996 0.054063 0.035352
3 0.915156 0.816602 0.060313 0.030859
3 0.792969 0.127539 0.064062 0.037891
3 0.910703 0.170703 0.062969 0.037500
3 0.970625 0.141602 0.058750 0.037109
2 0.970625 0.176855 0.058750 0.033008
3 0.728437 0.196484 0.058750 0.040625
3 0.850313 0.166309 0.061875 0.038477
3 0.940391 0.580469 0.062969 0.034375
3 0.884922 0.546582 0.055156 0.035742
3 0.926406 0.752637 0.056563 0.029883
3 0.845156 0.204687 0.059688 0.039844
3 0.880312 0.582422 0.061250 0.034375
3 0.960391 0.341699 0.060469 0.035352
3 0.877422 0.616309 0.057656 0.029102
3 0.905469 0.206738 0.064062 0.035742
3 0.835625 0.407129 0.056875 0.033398
3 0.951797 0.411914 0.058906 0.039453
3 0.900938 0.340137 0.060625 0.034570
3 0.784219 0.201074 0.059687 0.039258
3 0.842266 0.337402 0.062344 0.036133
3 0.934922 0.615039 0.058281 0.031641
3 0.920469 0.784473 0.059062 0.032617
3 0.838828 0.372363 0.059844 0.040430
3 0.946016 0.546387 0.061094 0.036133
3 0.923438 0.954199 0.059375 0.033008
2 0.966484 0.212500 0.060781 0.039844
3 0.957734 0.374023 0.062656 0.037109
3 0.893047 0.409766 0.060781 0.039844
3 0.897813 0.372852 0.060625 0.039453
