2 0.756719 0.508691 0.060313 0.037305
2 0.147656 0.504492 0.060937 0.033984
2 0.818359 0.501953 0.061719 0.035156
2 0.208594 0.501465 0.060937 0.036133
2 0.878281 0.499414 0.059688 0.040234
2 0.268203 0.497461 0.061406 0.032422
2 0.938281 0.495801 0.060937 0.035742
2 0.329453 0.494727 0.062031 0.033984
2 0.228437 0.949219 0.060000 0.039062
2 0.389844 0.491699 0.060937 0.032227
2 0.450625 0.487695 0.060625 0.032422
2 0.511797 0.483301 0.061094 0.033398
2 0.571484 0.480859 0.064844 0.038281
2 0.632891 0.479395 0.062656 0.033398
2 0.091484 0.476465 0.061094 0.035352
1 0.031563 0.475977 0.063125 0.032031
2 0.695078 0.475977 0.058906 0.032031
2 0.755625 0.474805 0.061250 0.034766
2 0.149922 0.473730 0.059219 0.036914
2 0.288047 0.945996 0.060469 0.037695
2 0.210781 0.468652 0.062188 0.035352
2 0.816563 0.467480 0.061250 0.037695
2 0.269141 0.466406 0.060156 0.036328
2 0.329531 0.464648 0.062188 0.035547
0 0.876328 0.463477 0.058906 0.033984
0 0.933906 0.462305 0.061562 0.032422
2 0.389453 0.460156 0.060156 0.036719
2 0.450234 0.455469 0.059844 0.034375
2 0.509219 0.453125 0.059063 0.035156
2 0.572344 0.450488 0.066563 0.040430
0 0.630859 0.444531 0.058594 0.036719
1 0.691797 0.442480 0.061719 0.036914
2 0.751953 0.440723 0.063281 0.036523
0 0.812031 0.435352 0.061562 0.039453
0 0.870937 0.431348 0.060625 0.035742
2 0.928906 0.431055 0.060937 0.032031
2 0.347734 0.940039 0.061094 0.037891
2 0.410156 0.937500 0.060937 0.039062
2 0.049297 0.340137 0.061094 0.030664
2 0.470859 0.934473 0.060469 0.037305
2 0.530859 0.932520 0.061719 0.037305
2 0.110000 0.331738 0.060625 0.031836
2 0.169297 0.330273 0.060469 0.034766
2 0.229766 0.324512 0.062656 0.030664
2 0.290859 0.323730 0.062969 0.032227
2 0.353047 0.320801 0.062344 0.034180
2 0.413516 0.317871 0.061406 0.032227
2 0.474609 0.314648 0.061719 0.030859
2 0.535078 0.309961 0.060781 0.032422
2 0.598437 0.306934 0.062500 0.034570
0 0.051250 0.306445 0.061875 0.035547
2 0.658906 0.304004 0.058437 0.036523
2 0.111797 0.300195 0.061094 0.032422
2 0.169766 0.298242 0.061406 0.032422
2 0.718438 0.297656 0.058750 0.033594
2 0.229297 0.296777 0.061719 0.027539
2 0.780781 0.295312 0.061562 0.034375
2 0.841094 0.294629 0.060313 0.035742
2 0.899766 0.293164 0.058906 0.034766
2 0.291953 0.292383 0.062031 0.032422
2 0.960156 0.291406 0.060937 0.034375
2 0.352109 0.289258 0.060469 0.034766
0 0.413359 0.286230 0.061094 0.033008
2 0.474375 0.284082 0.061250 0.033398
2 0.535391 0.279004 0.061406 0.031836
2 0.859609 0.059375 0.059844 0.029687
2 0.801172 0.058203 0.061719 0.028125
2 0.318984 0.056934 0.059844 0.030664
2 0.920469 0.056641 0.059688 0.031250
2 0.380000 0.052930 0.063125 0.030859
2 0.440547 0.049121 0.059219 0.030664
1 0.500781 0.046387 0.060937 0.032227
2 0.349219 0.904297 0.060937 0.035156
2 0.559141 0.042090 0.058906 0.033008
2 0.619375 0.038965 0.060625 0.035352
0 0.679609 0.034766 0.059219 0.032031
2 0.738203 0.032324 0.060781 0.029102
2 0.798594 0.032031 0.059688 0.025781
2 0.855703 0.029004 0.061406 0.031836
1 0.915312 0.025098 0.058750 0.031836
2 0.954688 0.900977 0.059375 0.037891
2 0.409922 0.900488 0.060469 0.034961
2 0.470937 0.896484 0.060625 0.035156
2 0.531172 0.893945 0.059219 0.036328
2 0.590859 0.888086 0.062969 0.036328
2 0.652422 0.887305 0.061094 0.033984
2 0.711406 0.883301 0.060313 0.038086
2 0.050000 0.883105 0.062500 0.038477
2 0.109922 0.881055 0.060469 0.034766
0 0.772188 0.878809 0.060000 0.039258
2 0.167344 0.876660 0.059688 0.035742
2 0.229297 0.876367 0.061719 0.036328
0 0.832109 0.874609 0.061094 0.039844
2 0.288281 0.872168 0.060937 0.036914
2 0.889844 0.869824 0.060937 0.037695
2 0.348906 0.868066 0.060312 0.037305
2 0.949922 0.867676 0.059219 0.034180
2 0.409922 0.865332 0.060469 0.034961
2 0.470156 0.863379 0.059063 0.034961
2 0.530469 0.857910 0.060937 0.034180
2 0.589922 0.852441 0.061094 0.033398
2 0.650938 0.850879 0.061250 0.036523
2 0.711172 0.847656 0.059844 0.039062
0 0.770781 0.841309 0.060313 0.036133
2 0.828672 0.836914 0.060469 0.037109
0 0.887734 0.836914 0.059844 0.037109
2 0.946562 0.831445 0.058750 0.036328
2 0.062734 0.746680 0.059844 0.037891
2 0.123125 0.742773 0.061875 0.033984
2 0.182734 0.742188 0.062344 0.035156
2 0.242891 0.740527 0.060781 0.038477
2 0.304141 0.735840 0.061406 0.036133
2 0.365469 0.731934 0.062188 0.036133
2 0.426484 0.729590 0.062344 0.040820
2 0.486641 0.726562 0.060781 0.039062
2 0.547891 0.723730 0.061406 0.036914
2 0.610000 0.718652 0.060625 0.035352
2 0.671406 0.714258 0.061562 0.036328
2 0.731406 0.711523 0.062812 0.037891
2 0.065156 0.711328 0.061562 0.034375
2 0.122031 0.709277 0.059688 0.034570
0 0.793828 0.708887 0.059531 0.039258
2 0.182578 0.707910 0.062031 0.033398
2 0.242969 0.705566 0.060937 0.034180
2 0.854141 0.703613 0.058281 0.041992
2 0.303281 0.700488 0.059687 0.036523
2 0.913359 0.700195 0.061094 0.037109
2 0.970938 0.698633 0.057500 0.036328
2 0.364063 0.696973 0.062500 0.035742
2 0.426016 0.692578 0.061406 0.036719
2 0.485703 0.689941 0.062031 0.034180
2 0.546250 0.687891 0.061250 0.034375
2 0.606484 0.685352 0.059844 0.035547
2 0.668125 0.680176 0.061250 0.034180
2 0.064766 0.678027 0.060781 0.034570
2 0.727344 0.674805 0.060937 0.037109
2 0.123750 0.675488 0.056875 0.035742
2 0.788438 0.673438 0.061250 0.039844
2 0.182500 0.672754 0.061875 0.037305
2 0.243047 0.668750 0.061094 0.037500
2 0.849219 0.668945 0.060937 0.041016
2 0.908750 0.666113 0.061250 0.034961
2 0.303906 0.665723 0.060937 0.039648
2 0.968203 0.664160 0.058281 0.034961
2 0.363359 0.660840 0.061094 0.033789
2 0.424141 0.658496 0.060781 0.034570
2 0.485156 0.657324 0.060937 0.040820
2 0.546328 0.652344 0.061406 0.035156
1 0.605156 0.650488 0.060313 0.034961
1 0.664844 0.646484 0.060937 0.031250
2 0.727109 0.641406 0.060469 0.033594
2 0.786406 0.636816 0.060313 0.034961
1 0.844375 0.634277 0.060625 0.032227
2 0.904922 0.633301 0.059844 0.038086
2 0.963516 0.628027 0.058281 0.036914
2 0.045391 0.956641 0.059531 0.039844
2 0.029375 0.543750 0.058750 0.037500
2 0.086641 0.542285 0.060781 0.036523
2 0.145781 0.539355 0.060312 0.034570
2 0.207109 0.536719 0.061094 0.035937
2 0.107031 0.953125 0.060937 0.039062
2 0.166563 0.952539 0.061250 0.040234
2 0.267969 0.530176 0.060937 0.033398
2 0.329141 0.528613 0.061406 0.036523
2 0.389844 0.525879 0.060937 0.034180
2 0.452187 0.522949 0.060625 0.036133
2 0.513516 0.517871 0.061406 0.034570
2 0.574609 0.514453 0.061719 0.029687
2 0.636250 0.514355 0.063125 0.037695
2 0.696250 0.509082 0.061250 0.036523
2 0.030781 0.509473 0.061562 0.031836
2 0.090234 0.507617 0.061719 0.031641
2 0.592656 0.926855 0.060313 0.036914
1 0.051797 0.273730 0.059844 0.034570
2 0.595391 0.274316 0.062656 0.029492
2 0.656641 0.272168 0.060156 0.029883
0 0.112187 0.271582 0.061875 0.034961
2 0.172500 0.267773 0.060625 0.034766
2 0.232109 0.265918 0.061094 0.034570
2 0.717891 0.265625 0.063906 0.035156
2 0.778594 0.264551 0.060313 0.029492
2 0.836562 0.261426 0.060625 0.031836
2 0.292266 0.261035 0.062656 0.032617
0 0.897813 0.259766 0.061250 0.035156
2 0.352266 0.259570 0.060781 0.035547
2 0.955859 0.257715 0.058594 0.031445
0 0.412109 0.255664 0.058594 0.031641
1 0.473047 0.252051 0.061719 0.031055
2 0.534766 0.248926 0.060156 0.033398
2 0.595078 0.246387 0.062031 0.034570
2 0.655078 0.242871 0.060156 0.033789
2 0.654531 0.923633 0.062188 0.035547
2 0.715234 0.236621 0.061719 0.038477
2 0.773359 0.233203 0.062344 0.033594
2 0.833672 0.230469 0.057969 0.035156
0 0.891719 0.229687 0.061562 0.028906
2 0.951875 0.229395 0.060000 0.029492
2 0.714687 0.919434 0.060625 0.036133
2 0.048516 0.919043 0.059531 0.036914
2 0.774297 0.916016 0.057969 0.039062
2 0.108438 0.915430 0.060625 0.036328
2 0.167969 0.913867 0.060937 0.039453
2 0.080312 0.133789 0.060625 0.029297
2 0.137422 0.129004 0.059219 0.031055
2 0.197031 0.123535 0.059687 0.034180
2 0.228359 0.911816 0.059844 0.035742
0 0.834141 0.910059 0.062031 0.039258
2 0.258359 0.118652 0.060469 0.032227
2 0.318281 0.114355 0.058438 0.029102
2 0.378750 0.112305 0.063750 0.033203
2 0.440781 0.108008 0.059687 0.030078
2 0.079766 0.104590 0.059531 0.029102
2 0.500234 0.102734 0.059844 0.028906
2 0.560781 0.102051 0.062188 0.030273
2 0.622656 0.099609 0.060937 0.031250
2 0.138984 0.097754 0.059219 0.031055
2 0.683984 0.095703 0.061719 0.031250
2 0.198594 0.092773 0.059687 0.029688
2 0.743125 0.092969 0.058125 0.032812
2 0.803750 0.088281 0.060625 0.030469
2 0.863203 0.088086 0.060781 0.026953
2 0.259063 0.087988 0.061875 0.031055
2 0.923281 0.086719 0.059062 0.029688
2 0.318594 0.084180 0.059063 0.026953
2 0.288125 0.906934 0.060625 0.037695
2 0.895469 0.906055 0.059688 0.039453
2 0.379062 0.081055 0.061250 0.029688
2 0.438281 0.077637 0.060937 0.027930
2 0.499531 0.074414 0.061562 0.026953
1 0.081875 0.074023 0.060625 0.031641
2 0.559766 0.072754 0.060156 0.029883
2 0.621172 0.068262 0.061094 0.031445
2 0.141797 0.066504 0.058594 0.031055
2 0.681719 0.063965 0.060313 0.032617
2 0.200078 0.064746 0.059531 0.034570
2 0.742031 0.061035 0.059063 0.029883
2 0.258437 0.059277 0.060625 0.029883
