0 0.784766 0.979492 0.060156 0.033203
4 0.386875 0.804883 0.061250 0.034766
0 0.447500 0.799707 0.060625 0.033398
2 0.507578 0.795801 0.062031 0.029492
2 0.567969 0.790918 0.060937 0.031445
2 0.029375 0.790625 0.058750 0.035937
2 0.086719 0.787988 0.060937 0.033398
2 0.628516 0.787598 0.063281 0.030273
2 0.145703 0.786133 0.063281 0.029297
2 0.203047 0.787012 0.062344 0.027539
2 0.263359 0.782520 0.061094 0.024805
2 0.688828 0.781445 0.058906 0.026953
2 0.322891 0.777930 0.061406 0.026172
2 0.749453 0.776465 0.061406 0.029102
1 0.810000 0.774902 0.060625 0.032227
2 0.383672 0.772656 0.061094 0.028906
2 0.443594 0.768945 0.065313 0.028516
2 0.871172 0.767871 0.061094 0.030664
3 0.931719 0.765527 0.060313 0.031445
2 0.504687 0.765234 0.062500 0.028125
2 0.566641 0.760254 0.061406 0.030273
2 0.627969 0.757520 0.062188 0.027930
2 0.282578 0.543066 0.058906 0.034961
2 0.773047 0.537695 0.061719 0.033984
0 0.835547 0.535742 0.061719 0.037891
2 0.344219 0.533008 0.057187 0.035547
2 0.404687 0.530566 0.065625 0.036523
3 0.896797 0.529395 0.059219 0.034961
2 0.467422 0.527832 0.059844 0.038086
3 0.956016 0.524414 0.058906 0.037109
2 0.527891 0.522070 0.062031 0.037891
2 0.590000 0.516016 0.061250 0.038281
2 0.650781 0.511719 0.064062 0.035156
2 0.299297 0.951270 0.057969 0.038867
2 0.784141 0.949609 0.062031 0.022656
2 0.712812 0.508789 0.063125 0.037109
2 0.773359 0.504004 0.062344 0.034961
2 0.835469 0.496973 0.061562 0.037305
2 0.896875 0.494043 0.059375 0.031445
2 0.358438 0.948828 0.060625 0.039844
2 0.956719 0.489844 0.060313 0.032031
0 0.072969 0.422852 0.061563 0.041016
2 0.131875 0.414355 0.063750 0.030664
2 0.845703 0.941699 0.060156 0.030664
2 0.419063 0.941406 0.063125 0.035156
1 0.188984 0.409863 0.059219 0.035742
0 0.249063 0.405176 0.060625 0.037305
2 0.309063 0.400781 0.061875 0.034375
2 0.369297 0.394727 0.060469 0.034766
2 0.428437 0.388086 0.060000 0.036328
2 0.072109 0.387305 0.059844 0.033984
2 0.489453 0.385352 0.063281 0.033984
2 0.128438 0.384766 0.063125 0.035156
2 0.551172 0.381543 0.061719 0.037695
2 0.612578 0.377832 0.062656 0.033398
2 0.186563 0.375781 0.063750 0.033594
2 0.480312 0.936816 0.060625 0.032617
3 0.905937 0.936914 0.061875 0.028516
0 0.672813 0.373047 0.061250 0.035156
2 0.246016 0.370605 0.060781 0.032227
2 0.732656 0.367773 0.062188 0.033984
2 0.307734 0.367578 0.062344 0.030469
2 0.795391 0.364063 0.062656 0.033594
2 0.368047 0.362500 0.064219 0.028906
1 0.856250 0.359961 0.059375 0.033984
2 0.426797 0.357910 0.062969 0.026367
2 0.915625 0.357617 0.059375 0.034766
2 0.062813 0.352832 0.063125 0.036523
2 0.488359 0.352539 0.061094 0.029297
2 0.122969 0.350684 0.064688 0.036914
2 0.549766 0.348535 0.062031 0.029492
2 0.610625 0.345605 0.061875 0.035352
2 0.183281 0.344824 0.063437 0.036914
2 0.672656 0.340625 0.060937 0.029687
2 0.242656 0.335840 0.063437 0.039258
2 0.964687 0.933398 0.057500 0.031641
2 0.541328 0.932910 0.060781 0.032617
2 0.732187 0.335938 0.061250 0.031250
2 0.302813 0.332910 0.061875 0.041211
2 0.794687 0.333301 0.061250 0.028711
2 0.856406 0.326953 0.059688 0.029687
2 0.364531 0.327344 0.063437 0.040625
2 0.424844 0.322168 0.062188 0.043164
2 0.915938 0.320703 0.060000 0.034375
2 0.487422 0.319824 0.062344 0.040039
2 0.548438 0.313379 0.062500 0.037305
2 0.609922 0.308496 0.063594 0.034961
2 0.361016 0.983887 0.059531 0.032227
2 0.725000 0.982715 0.059375 0.030664
2 0.032891 0.823340 0.059531 0.033008
2 0.093750 0.818262 0.056250 0.035352
2 0.149766 0.814844 0.058906 0.030469
2 0.208906 0.813086 0.061563 0.030078
2 0.266172 0.810547 0.063594 0.031250
2 0.325547 0.806152 0.063594 0.032227
2 0.081719 0.754980 0.060312 0.033008
2 0.139688 0.754395 0.063750 0.034180
2 0.688750 0.753418 0.058750 0.028320
2 0.198984 0.751953 0.066719 0.035156
2 0.259844 0.749414 0.063437 0.040234
2 0.749219 0.746484 0.060937 0.034375
2 0.321172 0.746094 0.064219 0.035156
2 0.810156 0.742773 0.060937 0.030078
2 0.379297 0.741699 0.058594 0.040039
2 0.442031 0.738086 0.065313 0.035547
2 0.870547 0.735352 0.059844 0.033203
2 0.503125 0.732910 0.065625 0.034180
3 0.932031 0.732422 0.060937 0.031250
2 0.564297 0.728125 0.062969 0.032031
2 0.845703 0.972852 0.060156 0.034766
2 0.420547 0.972168 0.059844 0.032227
2 0.628594 0.727051 0.063438 0.034180
2 0.688203 0.723633 0.060781 0.033203
2 0.749219 0.715137 0.060937 0.026758
2 0.809609 0.709473 0.059844 0.034180
2 0.480625 0.968359 0.064375 0.032031
3 0.906094 0.968750 0.062187 0.031250
3 0.931563 0.702637 0.060000 0.028320
3 0.871016 0.702930 0.060781 0.031641
2 0.541875 0.964063 0.061875 0.032813
3 0.966250 0.963379 0.057500 0.030273
2 0.061875 0.961328 0.055000 0.042188
2 0.055078 0.619922 0.057031 0.033594
2 0.114375 0.616309 0.060000 0.033008
2 0.170547 0.610059 0.056719 0.037695
2 0.602656 0.960449 0.061562 0.032227
2 0.121875 0.959961 0.062500 0.041016
2 0.230078 0.606348 0.060156 0.033398
2 0.291719 0.603809 0.061563 0.034570
2 0.351016 0.601367 0.058281 0.035547
1 0.408750 0.596777 0.061250 0.033008
0 0.470859 0.591992 0.063594 0.034766
2 0.050547 0.589258 0.057344 0.032422
2 0.180078 0.958301 0.057031 0.040430
2 0.664062 0.957617 0.059375 0.030078
2 0.531797 0.588867 0.060469 0.037109
2 0.108750 0.586133 0.061250 0.030859
2 0.592109 0.584082 0.059219 0.034961
2 0.168125 0.581836 0.058125 0.027734
2 0.653359 0.581152 0.062969 0.036914
2 0.226719 0.575781 0.059687 0.028125
2 0.713281 0.575195 0.060937 0.033203
2 0.287422 0.573730 0.062344 0.028320
1 0.773047 0.573340 0.061719 0.036914
1 0.835703 0.567383 0.062031 0.033203
2 0.348125 0.566602 0.058750 0.030859
2 0.407891 0.565625 0.062656 0.032813
3 0.895781 0.564063 0.060313 0.032031
3 0.955937 0.559863 0.058750 0.032617
0 0.468984 0.559375 0.059844 0.033594
2 0.045078 0.558301 0.058906 0.035742
2 0.528906 0.554395 0.060937 0.035742
2 0.103906 0.552148 0.060937 0.036328
2 0.591484 0.552246 0.061094 0.032227
2 0.239766 0.954297 0.060781 0.040625
2 0.723516 0.954688 0.062656 0.028125
2 0.163828 0.549805 0.058906 0.037109
2 0.652656 0.546289 0.061562 0.032422
2 0.223672 0.544531 0.062969 0.035937
2 0.713594 0.543945 0.061562 0.033203
2 0.670781 0.303516 0.060313 0.041406
2 0.731875 0.302246 0.060625 0.036133
2 0.794844 0.297363 0.061562 0.038086
2 0.602812 0.927637 0.061875 0.031445
2 0.856719 0.293750 0.060313 0.037500
2 0.916406 0.286719 0.060937 0.035938
2 0.663281 0.923730 0.060937 0.031445
2 0.723281 0.922754 0.062188 0.033398
1 0.038437 0.220312 0.064375 0.039844
2 0.099766 0.217480 0.058906 0.033789
2 0.153750 0.211816 0.060625 0.033398
1 0.215391 0.204883 0.062031 0.035547
1 0.274844 0.200684 0.062188 0.036133
2 0.785625 0.917578 0.061875 0.039844
2 0.332969 0.195996 0.062812 0.037695
2 0.394609 0.192578 0.064219 0.032812
2 0.455156 0.186133 0.060313 0.033984
2 0.036797 0.184082 0.064219 0.034180
2 0.092812 0.184180 0.063750 0.037891
2 0.514687 0.182227 0.063750 0.033984
2 0.152422 0.178711 0.061094 0.033203
2 0.575625 0.176953 0.060625 0.036719
2 0.636250 0.172168 0.060000 0.038477
2 0.211484 0.172363 0.063594 0.030273
2 0.270156 0.169434 0.062188 0.032227
2 0.697109 0.167969 0.059844 0.039062
2 0.329922 0.161816 0.062969 0.027930
2 0.756563 0.161816 0.060000 0.035742
2 0.390859 0.161133 0.062969 0.029297
2 0.818359 0.160449 0.061719 0.038477
1 0.878594 0.157422 0.060313 0.040625
2 0.451641 0.154297 0.059531 0.027344
2 0.030781 0.151855 0.061562 0.036133
2 0.937969 0.150977 0.057188 0.041797
2 0.511641 0.150195 0.060781 0.027734
0 0.090156 0.148242 0.064688 0.039453
2 0.150469 0.143652 0.060312 0.036914
2 0.574062 0.143164 0.063750 0.030078
2 0.207969 0.137793 0.059687 0.036914
2 0.636250 0.135059 0.060000 0.034570
2 0.697109 0.131836 0.059844 0.033594
2 0.267891 0.130859 0.060781 0.042969
2 0.755703 0.128809 0.061406 0.031445
2 0.328828 0.127637 0.060781 0.041602
2 0.389531 0.125098 0.060313 0.042773
2 0.818359 0.124609 0.061719 0.032422
2 0.845703 0.911035 0.060156 0.029492
1 0.878828 0.119824 0.060781 0.033789
2 0.449922 0.118262 0.059219 0.044727
2 0.511094 0.116602 0.062812 0.040234
2 0.939844 0.112305 0.057813 0.037500
2 0.572578 0.106934 0.060781 0.040430
2 0.634531 0.101562 0.059687 0.039062
2 0.695859 0.096094 0.060469 0.038281
2 0.755234 0.092676 0.060469 0.041211
2 0.817109 0.087207 0.062344 0.040430
2 0.879219 0.082812 0.061562 0.041406
2 0.939219 0.077441 0.059688 0.032617
3 0.906719 0.904297 0.060313 0.035156
2 0.967109 0.901953 0.056094 0.028125
2 0.055156 0.019922 0.057188 0.038281
0 0.114062 0.015625 0.059375 0.031250
2 0.241875 0.987793 0.058750 0.024414
0 0.665000 0.985645 0.061250 0.028711
2 0.300625 0.984863 0.060625 0.030273
