2 0.583750 0.117090 0.060625 0.034961
2 0.145000 0.380176 0.060000 0.033789
2 0.137422 0.309473 0.059219 0.036914
0 0.577813 0.701953 0.060000 0.040625
2 0.601406 0.524609 0.059687 0.033594
2 0.040781 0.149512 0.059062 0.037305
2 0.809922 0.309668 0.061406 0.033398
2 0.782109 0.549902 0.060781 0.037305
2 0.141797 0.346680 0.060156 0.033203
2 0.810547 0.274805 0.060156 0.037891
2 0.082891 0.348145 0.062344 0.032227
2 0.238750 0.580176 0.060000 0.035352
2 0.444531 0.327246 0.060937 0.033398
2 0.477656 0.498828 0.060313 0.036719
2 0.627500 0.317773 0.060625 0.033984
2 0.627734 0.352148 0.060156 0.036328
2 0.091094 0.723145 0.061562 0.036133
2 0.276406 0.099609 0.059687 0.039062
2 0.823594 0.140430 0.059063 0.038672
2 0.885938 0.065137 0.059375 0.036523
2 0.880469 0.687598 0.057813 0.043164
2 0.119375 0.586133 0.061250 0.031641
1 0.253203 0.984277 0.059219 0.031055
2 0.176719 0.549023 0.059062 0.031641
2 0.159375 0.142187 0.059375 0.038281
2 0.371016 0.978223 0.061094 0.030664
2 0.688203 0.316211 0.061094 0.034766
2 0.931875 0.266602 0.061250 0.037109
2 0.218594 0.138965 0.059688 0.035742
2 0.058437 0.554492 0.061250 0.034766
2 0.638672 0.697363 0.060156 0.039258
2 0.036094 0.113477 0.059062 0.039453
2 0.204687 0.376270 0.059375 0.033789
2 0.704063 0.110254 0.060625 0.036914
4 0.042969 0.185352 0.060937 0.038672
2 0.221406 0.173633 0.060000 0.038672
2 0.539922 0.529102 0.060781 0.034766
1 0.161094 0.176660 0.059062 0.036914
2 0.764219 0.141895 0.059063 0.037695
2 0.179141 0.581250 0.060469 0.033594
2 0.521094 0.119238 0.060937 0.035352
2 0.540000 0.563574 0.060625 0.033398
2 0.479609 0.564941 0.059531 0.036133
2 0.132422 0.960254 0.060156 0.029883
0 0.135156 0.987305 0.057813 0.025391
2 0.113359 0.520605 0.060781 0.037305
2 0.151797 0.720801 0.058906 0.035352
0 0.962969 0.507812 0.061562 0.035156
2 0.416250 0.503809 0.061250 0.038867
2 0.417578 0.537109 0.061719 0.035156
2 0.842344 0.545703 0.059062 0.036719
2 0.583906 0.151953 0.060313 0.038281
2 0.687891 0.282031 0.061719 0.040625
2 0.902109 0.542578 0.061406 0.034375
2 0.880391 0.721094 0.064219 0.028125
2 0.808516 0.344141 0.061094 0.035938
2 0.704063 0.072559 0.060625 0.035742
2 0.941250 0.682031 0.064375 0.043750
2 0.765000 0.069434 0.060625 0.037305
0 0.211953 0.716992 0.057344 0.035547
2 0.820859 0.719141 0.061406 0.032031
2 0.552734 0.969336 0.060156 0.032422
2 0.928750 0.302734 0.061250 0.035156
2 0.294609 0.511719 0.061094 0.039062
2 0.214922 0.101953 0.060781 0.039844
2 0.760547 0.723047 0.060156 0.032031
2 0.418828 0.570117 0.062344 0.034766
1 0.567891 0.356055 0.061094 0.036328
2 0.842266 0.511914 0.059219 0.035547
2 0.566641 0.287305 0.060469 0.039453
2 0.355156 0.507227 0.061563 0.037891
0 0.701328 0.693164 0.059844 0.038672
2 0.721406 0.553320 0.060313 0.036328
2 0.431875 0.976660 0.061250 0.027539
2 0.281406 0.169043 0.059063 0.037305
2 0.613594 0.965430 0.060313 0.032422
2 0.748984 0.276562 0.061406 0.037500
2 0.060234 0.587109 0.060781 0.033594
2 0.298906 0.575684 0.061563 0.034180
0 0.029141 0.386719 0.057344 0.035156
2 0.094844 0.109180 0.060313 0.038672
2 0.258750 0.304102 0.060625 0.037891
2 0.566016 0.321387 0.061719 0.033398
2 0.277969 0.135449 0.059687 0.036523
2 0.792734 0.952930 0.061406 0.034766
2 0.943047 0.135840 0.060781 0.037305
2 0.721406 0.483789 0.060313 0.037891
2 0.825625 0.066504 0.061250 0.035352
2 0.672813 0.961816 0.060625 0.033008
2 0.748984 0.311621 0.061406 0.033398
2 0.235156 0.546484 0.060937 0.030469
2 0.515703 0.703613 0.059219 0.040039
2 0.764687 0.104199 0.061250 0.032617
0 0.103438 0.180176 0.058750 0.036133
2 0.944766 0.066406 0.060469 0.039062
2 0.703750 0.146094 0.061250 0.038281
0 0.333203 0.710449 0.058594 0.038086
0 0.882656 0.139258 0.059688 0.040234
2 0.461641 0.161426 0.061094 0.037695
2 0.782344 0.480371 0.060313 0.038867
2 0.927500 0.336328 0.060625 0.039844
2 0.687812 0.349219 0.058750 0.034375
2 0.869844 0.340039 0.060313 0.039453
2 0.505078 0.325781 0.061719 0.034375
2 0.384922 0.364844 0.061406 0.034375
2 0.523281 0.156152 0.059687 0.038867
2 0.944141 0.100098 0.061719 0.036133
2 0.154844 0.105469 0.059062 0.039062
2 0.824375 0.103418 0.060625 0.034961
2 0.322578 0.334570 0.061094 0.032422
2 0.325703 0.368359 0.061094 0.033594
0 0.902344 0.509570 0.060937 0.034766
2 0.320859 0.299609 0.061406 0.036719
2 0.870547 0.306250 0.062031 0.034375
2 0.904375 0.471973 0.060000 0.037695
2 0.781875 0.515625 0.060937 0.035156
2 0.357500 0.540527 0.060000 0.034180
2 0.843906 0.475098 0.059062 0.036133
0 0.662109 0.523047 0.060156 0.034375
2 0.297734 0.543164 0.061094 0.031641
2 0.961641 0.541797 0.061094 0.032813
2 0.601719 0.560449 0.059063 0.034961
2 0.454688 0.706836 0.059375 0.038672
2 0.233828 0.512793 0.060469 0.037305
2 0.538750 0.493262 0.060000 0.033398
2 0.338906 0.131348 0.059687 0.036133
2 0.460547 0.122363 0.060156 0.037695
2 0.079141 0.314453 0.060469 0.035156
2 0.492266 0.973047 0.059219 0.032031
2 0.479297 0.533691 0.060156 0.032227
2 0.201719 0.341992 0.059062 0.035547
2 0.198203 0.307129 0.059844 0.036133
2 0.747891 0.346484 0.060469 0.036719
0 0.342031 0.166699 0.059687 0.036523
2 0.383359 0.333398 0.061406 0.033984
2 0.117813 0.554004 0.061250 0.029883
2 0.261875 0.339648 0.060625 0.034766
2 0.249766 0.953906 0.062969 0.028906
2 0.264766 0.372461 0.060781 0.033984
2 0.073047 0.961133 0.057031 0.027734
2 0.762500 0.691406 0.059375 0.039062
2 0.027500 0.351465 0.054375 0.031055
2 0.399688 0.125488 0.060000 0.036133
2 0.643594 0.111230 0.059687 0.034961
0 0.311641 0.980469 0.061094 0.027344
2 0.443125 0.293359 0.060625 0.039844
2 0.446250 0.361133 0.060625 0.034766
2 0.661719 0.488672 0.060937 0.035937
2 0.311406 0.953516 0.061563 0.032031
2 0.721484 0.518652 0.060156 0.037305
2 0.599531 0.490332 0.060313 0.035352
2 0.358828 0.572070 0.060469 0.034766
2 0.271953 0.713965 0.059219 0.037305
1 0.643750 0.148242 0.059375 0.038672
2 0.194141 0.985156 0.061719 0.028906
2 0.504453 0.289844 0.062969 0.036719
0 0.192109 0.956738 0.059531 0.030664
2 0.173359 0.514160 0.059531 0.036133
2 0.821719 0.688770 0.059687 0.037695
2 0.382266 0.296094 0.060469 0.037500
2 0.734531 0.956836 0.059063 0.034766
0 0.401719 0.163184 0.059063 0.037305
2 0.963203 0.469922 0.061094 0.041406
2 0.883828 0.100684 0.060469 0.037305
2 0.053984 0.521191 0.060781 0.038477
2 0.627266 0.283203 0.061094 0.039062
4 0.661875 0.554590 0.060625 0.034961
2 0.100000 0.145410 0.059375 0.036914
2 0.506016 0.358008 0.059844 0.032422
2 0.870937 0.269531 0.061250 0.039062
2 0.394141 0.709082 0.058594 0.039258
2 0.085859 0.381836 0.059531 0.033203
2 0.940078 0.715723 0.060469 0.029102
2 0.643750 0.077246 0.059375 0.037305
0 0.638516 0.761914 0.060469 0.035547
0 0.578047 0.768457 0.059531 0.033008
0 0.518828 0.768848 0.059219 0.033789
2 0.457578 0.774023 0.059844 0.036328
2 0.397500 0.777051 0.061250 0.034570
2 0.337891 0.779102 0.058594 0.034766
1 0.277266 0.780859 0.057969 0.034375
0 0.216797 0.783301 0.060156 0.035352
2 0.157578 0.787500 0.059844 0.032031
2 0.098047 0.788086 0.060156 0.033203
2 0.040547 0.792285 0.062656 0.033789
2 0.521250 0.080566 0.060625 0.036133
2 0.582656 0.081250 0.059687 0.041406
2 0.460234 0.087012 0.060781 0.037305
3 0.970859 0.877734 0.058281 0.036719
2 0.398281 0.088184 0.059687 0.035742
3 0.914609 0.880957 0.058281 0.035352
2 0.855625 0.885059 0.060625 0.035742
2 0.794063 0.890723 0.061875 0.039258
2 0.734531 0.894824 0.062188 0.035742
2 0.674141 0.897070 0.061094 0.036328
2 0.612891 0.899512 0.061719 0.037305
2 0.552891 0.902930 0.062969 0.036328
2 0.492500 0.910937 0.058750 0.040625
3 0.970547 0.912305 0.058906 0.031641
3 0.912109 0.914551 0.057031 0.032227
2 0.429766 0.915137 0.062344 0.037305
2 0.367656 0.916113 0.061563 0.035352
2 0.854609 0.917773 0.062656 0.034766
2 0.307656 0.918457 0.059687 0.036133
2 0.247031 0.921973 0.059063 0.035352
2 0.794453 0.922461 0.061094 0.036328
2 0.187500 0.924023 0.062500 0.035547
2 0.733359 0.926172 0.061406 0.032031
0 0.127578 0.927539 0.057344 0.034766
0 0.069062 0.929004 0.061875 0.033789
2 0.672656 0.929102 0.060937 0.030078
2 0.612891 0.933496 0.061719 0.031055
0 0.551406 0.937598 0.062812 0.031445
2 0.337500 0.094434 0.059375 0.036523
2 0.491094 0.943457 0.058437 0.027539
3 0.970313 0.946094 0.059375 0.036719
3 0.911016 0.948047 0.059219 0.036719
2 0.430781 0.948828 0.060313 0.030469
0 0.371563 0.950781 0.060000 0.030469
2 0.852656 0.951758 0.060313 0.036328
2 0.031875 0.726562 0.058125 0.035156
0 0.701016 0.726562 0.060469 0.031250
2 0.640078 0.731055 0.060469 0.032422
2 0.578203 0.735645 0.059219 0.029883
2 0.517266 0.738379 0.059219 0.031445
2 0.456484 0.742773 0.062031 0.032422
2 0.395234 0.743750 0.059531 0.034375
2 0.938516 0.744629 0.060469 0.032227
2 0.336172 0.745801 0.058906 0.034570
2 0.880234 0.748145 0.061406 0.035352
0 0.274141 0.749414 0.057656 0.033984
1 0.820000 0.750391 0.060000 0.035937
2 0.214297 0.750879 0.058906 0.033008
2 0.035859 0.760742 0.062656 0.029297
0 0.699688 0.758984 0.060000 0.033594
2 0.095234 0.756445 0.062656 0.032422
0 0.761172 0.755664 0.058906 0.030859
2 0.155938 0.754785 0.056875 0.033008
