2 0.813828 0.188965 0.059844 0.036133
2 0.450547 0.134766 0.061406 0.035156
3 0.633359 0.145508 0.061406 0.033203
2 0.571562 0.172852 0.060000 0.033203
2 0.155859 0.766797 0.060156 0.036719
2 0.054297 0.315723 0.057031 0.036523
2 0.643516 0.761426 0.059844 0.039648
2 0.142031 0.182031 0.059688 0.034375
2 0.521797 0.754102 0.059531 0.038672
2 0.389141 0.162598 0.059219 0.034180
2 0.702891 0.802930 0.059844 0.034766
2 0.292031 0.361133 0.059687 0.031641
2 0.269687 0.124121 0.060625 0.033008
1 0.114375 0.318555 0.061875 0.034766
0 0.399531 0.747852 0.060312 0.039453
3 0.883750 0.776563 0.060625 0.040625
2 0.559844 0.623535 0.061562 0.034180
2 0.206953 0.153223 0.061094 0.033398
3 0.752812 0.154785 0.060000 0.030273
2 0.744766 0.632617 0.060469 0.035547
3 0.944297 0.778223 0.058281 0.037305
2 0.815156 0.220898 0.060313 0.034766
2 0.230547 0.355371 0.060781 0.031445
2 0.459687 0.789941 0.061875 0.037305
2 0.233906 0.324414 0.060312 0.034766
2 0.812891 0.159766 0.058594 0.032031
2 0.181875 0.975000 0.064375 0.042188
2 0.215234 0.772656 0.060156 0.036719
2 0.209687 0.122266 0.061875 0.032812
2 0.461797 0.751660 0.060781 0.039648
3 0.787109 0.971777 0.060156 0.040820
2 0.414609 0.335547 0.061406 0.036328
2 0.152266 0.801562 0.061094 0.033594
2 0.110234 0.350684 0.060781 0.033008
2 0.508906 0.201563 0.060313 0.034375
2 0.172969 0.320508 0.060312 0.034766
1 0.536875 0.345996 0.060625 0.038477
2 0.582266 0.794238 0.060469 0.036523
3 0.908281 0.978711 0.061562 0.034766
3 0.657500 0.350977 0.060000 0.036328
2 0.693516 0.216211 0.062969 0.032422
2 0.293906 0.328516 0.059063 0.034375
2 0.451016 0.165820 0.060469 0.031641
2 0.571641 0.142578 0.059844 0.035156
3 0.924531 0.639062 0.060313 0.034375
3 0.847266 0.975879 0.058594 0.036523
2 0.095391 0.764160 0.059219 0.038086
2 0.278516 0.738379 0.061719 0.038867
2 0.087734 0.148730 0.058906 0.030664
2 0.350781 0.366309 0.060937 0.033008
2 0.667969 0.968359 0.060937 0.039844
3 0.925313 0.606152 0.058750 0.033789
2 0.026719 0.176074 0.052812 0.034570
2 0.170313 0.353320 0.059375 0.035547
3 0.632344 0.212207 0.060313 0.032617
2 0.218750 0.734570 0.059375 0.038672
2 0.570781 0.208105 0.061562 0.033008
2 0.448437 0.197754 0.059375 0.034180
2 0.510938 0.170117 0.059375 0.030859
2 0.066719 0.925586 0.060313 0.043359
2 0.241641 0.979395 0.060469 0.041211
2 0.521328 0.792480 0.060469 0.036133
2 0.337031 0.779687 0.060312 0.038281
3 0.717500 0.354590 0.058750 0.036914
2 0.755391 0.219141 0.061094 0.034375
3 0.763516 0.769141 0.060469 0.039844
1 0.607422 0.963867 0.060156 0.041016
2 0.083750 0.178613 0.060625 0.033398
2 0.098281 0.725586 0.059688 0.037109
2 0.340156 0.743945 0.060312 0.039453
3 0.865234 0.639453 0.060156 0.033594
2 0.092109 0.799805 0.059531 0.033203
3 0.631641 0.177441 0.061719 0.035742
2 0.146875 0.150000 0.059375 0.032422
0 0.391484 0.130762 0.060781 0.035352
2 0.475781 0.339453 0.060937 0.035938
2 0.062891 0.965625 0.061719 0.041406
2 0.032188 0.791992 0.060625 0.037109
2 0.497969 0.617090 0.060313 0.039258
0 0.873750 0.194336 0.058750 0.029297
2 0.622266 0.626465 0.061719 0.036133
3 0.703984 0.764941 0.060781 0.040430
2 0.038984 0.720703 0.059531 0.039062
0 0.873203 0.164258 0.059844 0.030859
2 0.803672 0.638574 0.061406 0.035352
2 0.028906 0.144336 0.057813 0.031641
2 0.275781 0.776465 0.060937 0.040820
3 0.777734 0.359473 0.063281 0.031055
3 0.727187 0.970215 0.058125 0.040039
2 0.436016 0.613184 0.062344 0.035352
2 0.050938 0.346973 0.060625 0.032617
2 0.387344 0.196484 0.059687 0.032812
2 0.375625 0.611328 0.064375 0.035156
2 0.124063 0.928906 0.058125 0.040625
2 0.683047 0.631055 0.062031 0.034766
2 0.263984 0.188965 0.059531 0.031836
2 0.642891 0.797656 0.061094 0.033594
2 0.755312 0.184668 0.061250 0.033008
2 0.824062 0.774414 0.061250 0.037109
1 0.581797 0.758105 0.061406 0.038477
2 0.159062 0.730469 0.060000 0.039062
2 0.330391 0.126562 0.060781 0.035937
2 0.122656 0.969043 0.057813 0.042383
2 0.267031 0.154785 0.059687 0.034180
2 0.184219 0.934375 0.059688 0.037500
3 0.840234 0.363770 0.060156 0.034180
2 0.326094 0.190820 0.060312 0.036328
3 0.692734 0.151465 0.061406 0.033008
3 0.874687 0.222656 0.060000 0.031250
2 0.597969 0.347656 0.060313 0.035156
2 0.327969 0.156738 0.059687 0.034570
0 0.510469 0.138379 0.060313 0.035742
2 0.035781 0.758594 0.059688 0.033594
2 0.397500 0.784277 0.061250 0.036914
2 0.354766 0.332031 0.062344 0.035156
3 0.694063 0.182031 0.061875 0.033984
2 0.203516 0.185352 0.061719 0.035547
3 0.778984 0.428223 0.063906 0.034180
3 0.923594 0.569043 0.059062 0.037695
2 0.228203 0.390527 0.059219 0.035352
3 0.683672 0.594922 0.060781 0.036719
2 0.167734 0.388184 0.061406 0.036133
3 0.778047 0.392969 0.062656 0.034375
2 0.075469 0.554297 0.064687 0.032031
2 0.803594 0.601953 0.061562 0.034375
3 0.900469 0.396875 0.061562 0.034375
2 0.426328 0.950879 0.059844 0.043555
2 0.764766 0.806543 0.061094 0.039258
1 0.560234 0.588281 0.060781 0.034375
2 0.318125 0.536621 0.063750 0.032227
3 0.943672 0.813574 0.059531 0.033008
2 0.485391 0.955469 0.060469 0.042188
2 0.499531 0.584766 0.060313 0.033594
2 0.397578 0.820508 0.061094 0.034766
2 0.090312 0.117383 0.060000 0.034766
2 0.643047 0.834180 0.060781 0.038672
3 0.900547 0.432910 0.061406 0.036523
2 0.131719 0.591406 0.061563 0.035937
2 0.824453 0.842578 0.060469 0.033594
3 0.857812 0.017578 0.059375 0.035156
1 0.150234 0.119727 0.058906 0.033984
2 0.303437 0.942676 0.061875 0.040430
3 0.966797 0.981445 0.057031 0.033203
2 0.705000 0.838184 0.061875 0.034570
2 0.348984 0.399219 0.061406 0.033594
2 0.069609 0.588867 0.063906 0.037109
0 0.196641 0.529297 0.062969 0.035156
2 0.257422 0.532227 0.063281 0.037109
3 0.596719 0.415234 0.062812 0.032813
2 0.437891 0.578613 0.061719 0.034180
3 0.744766 0.563281 0.060469 0.033594
2 0.376953 0.574805 0.061719 0.033984
2 0.193203 0.561914 0.066719 0.032422
3 0.804844 0.568945 0.059063 0.033984
2 0.378359 0.540723 0.062031 0.035742
3 0.683594 0.559473 0.060937 0.033398
2 0.313281 0.603906 0.064062 0.034375
2 0.365781 0.948047 0.058750 0.041406
2 0.596719 0.381738 0.062812 0.033398
2 0.047422 0.381055 0.061406 0.034766
2 0.764766 0.843848 0.061094 0.034961
2 0.519219 0.827930 0.061562 0.035547
2 0.437969 0.543164 0.061562 0.034766
1 0.499297 0.550488 0.060781 0.035742
3 0.884609 0.848145 0.058906 0.034180
2 0.473516 0.406836 0.062344 0.033984
3 0.839297 0.397754 0.058906 0.032617
3 0.656797 0.421191 0.058281 0.036523
2 0.581641 0.831250 0.061719 0.036719
3 0.899609 0.367578 0.060156 0.026562
3 0.657891 0.386035 0.059219 0.032617
2 0.411094 0.403613 0.062188 0.032617
1 0.136719 0.524316 0.064062 0.033398
3 0.718047 0.425000 0.060781 0.032813
2 0.189375 0.597754 0.065000 0.034961
1 0.560547 0.552930 0.060156 0.034766
2 0.363359 0.983398 0.060781 0.033203
2 0.212578 0.808789 0.062344 0.034766
2 0.079219 0.521484 0.063438 0.035156
2 0.108125 0.383887 0.058750 0.036914
2 0.251172 0.603613 0.066406 0.034961
2 0.535234 0.378125 0.060781 0.036719
3 0.622344 0.590625 0.061562 0.037500
3 0.841172 0.431348 0.058281 0.035742
3 0.884062 0.812598 0.060000 0.034961
2 0.287969 0.396191 0.061563 0.035742
2 0.545937 0.958887 0.061250 0.043164
3 0.945312 0.847754 0.059375 0.038867
2 0.533906 0.410938 0.060313 0.037500
2 0.032031 0.112402 0.060937 0.033008
2 0.475391 0.373926 0.061719 0.033398
3 0.797734 0.016797 0.060781 0.032813
3 0.622109 0.554688 0.062031 0.035156
2 0.243984 0.938379 0.058906 0.041211
2 0.864297 0.605078 0.062031 0.032031
2 0.863359 0.571582 0.060781 0.036523
2 0.424297 0.985645 0.060781 0.028711
2 0.134688 0.558008 0.065000 0.032422
2 0.253594 0.568066 0.064688 0.035742
2 0.413203 0.371289 0.061094 0.034766
2 0.824844 0.809668 0.059687 0.033008
2 0.315000 0.569824 0.063750 0.032227
2 0.274141 0.813281 0.060781 0.033594
2 0.458047 0.825293 0.062031 0.033008
2 0.334531 0.816309 0.062188 0.035352
2 0.736328 0.018652 0.061719 0.033008
2 0.744688 0.597656 0.060625 0.035156
2 0.302031 0.981543 0.061563 0.036914
3 0.717500 0.390723 0.058750 0.034961
