2 0.378594 0.776660 0.060313 0.029883
2 0.701719 0.593848 0.059687 0.031445
2 0.157969 0.593750 0.059688 0.031250
2 0.640781 0.589551 0.059687 0.030664
2 0.458594 0.578516 0.060937 0.032031
2 0.397031 0.572559 0.059687 0.031836
1 0.098047 0.588770 0.058594 0.033008
0 0.519375 0.581738 0.060625 0.030664
2 0.580313 0.586133 0.060625 0.031641
2 0.038906 0.584277 0.059062 0.031836
2 0.863906 0.777148 0.062187 0.034766
2 0.197422 0.733691 0.060469 0.029883
2 0.457500 0.609961 0.058750 0.032422
2 0.760625 0.595898 0.058750 0.031641
2 0.397578 0.605371 0.060781 0.034961
2 0.216562 0.596973 0.058125 0.033789
2 0.337891 0.605762 0.060156 0.035742
2 0.276172 0.600488 0.058594 0.033008
2 0.135156 0.732031 0.057813 0.030469
2 0.639375 0.623242 0.060000 0.031641
0 0.576875 0.618359 0.060000 0.033594
2 0.517813 0.614062 0.060625 0.032813
2 0.076953 0.729199 0.057031 0.032617
0 0.697813 0.625781 0.058125 0.032813
2 0.023906 0.726660 0.047813 0.035352
4 0.756797 0.631250 0.057344 0.035937
2 0.317812 0.773242 0.057500 0.030859
2 0.079609 0.758496 0.056094 0.028711
2 0.317344 0.741992 0.059687 0.030859
2 0.258281 0.738770 0.060312 0.032227
2 0.024609 0.757520 0.049219 0.026758
2 0.377266 0.746191 0.060781 0.031445
2 0.499688 0.756543 0.061875 0.032617
2 0.439766 0.750488 0.060781 0.032227
2 0.802031 0.772168 0.060313 0.032617
2 0.622578 0.762695 0.060781 0.033203
2 0.138281 0.760156 0.057813 0.028125
2 0.561094 0.760938 0.059687 0.033594
2 0.742109 0.771289 0.059219 0.038672
2 0.198750 0.764746 0.060000 0.029492
2 0.257578 0.768848 0.058906 0.029883
2 0.682109 0.765332 0.061094 0.034570
2 0.799844 0.804297 0.062187 0.030469
0 0.081250 0.788867 0.059375 0.030859
0 0.498750 0.786426 0.060000 0.029883
2 0.922578 0.779980 0.060781 0.032617
2 0.025156 0.785059 0.050313 0.027148
2 0.438672 0.781445 0.058594 0.027734
2 0.317578 0.803809 0.057031 0.029492
2 0.619297 0.794043 0.060469 0.029492
2 0.139297 0.792188 0.056719 0.033594
2 0.559531 0.791406 0.059687 0.028125
2 0.739375 0.801855 0.060000 0.029492
2 0.200000 0.796680 0.059375 0.030859
2 0.259531 0.799707 0.059687 0.029102
2 0.679375 0.798438 0.061875 0.030469
2 0.557578 0.819434 0.058906 0.029492
1 0.378125 0.806445 0.059375 0.030859
2 0.858359 0.807813 0.060469 0.029687
0 0.498750 0.817676 0.060000 0.029883
2 0.916875 0.809766 0.058750 0.029687
2 0.973437 0.812500 0.053125 0.031250
0 0.438828 0.810352 0.058906 0.030859
2 0.337891 0.571582 0.060156 0.029883
2 0.276953 0.568359 0.060156 0.031250
0 0.080391 0.960645 0.060781 0.026758
2 0.560000 0.959668 0.063750 0.040430
0 0.024766 0.956152 0.049531 0.029492
2 0.498281 0.956055 0.062188 0.037109
2 0.438203 0.951074 0.060781 0.034961
2 0.739922 0.973340 0.064219 0.036523
2 0.139063 0.962500 0.059375 0.030469
2 0.258516 0.969531 0.060781 0.028906
2 0.618750 0.965820 0.062500 0.037109
2 0.677656 0.969434 0.064687 0.036523
2 0.198906 0.968164 0.057187 0.030078
0 0.025625 0.984863 0.051250 0.028320
2 0.857812 0.978613 0.065625 0.039258
2 0.797969 0.976172 0.064687 0.038281
2 0.317188 0.975977 0.059375 0.030078
2 0.436641 0.984277 0.060781 0.031055
2 0.377969 0.980371 0.059063 0.031055
2 0.972656 0.982422 0.054688 0.035156
0 0.915625 0.981445 0.065625 0.037109
2 0.377969 0.949902 0.059063 0.036523
2 0.317656 0.943555 0.060312 0.031641
2 0.138828 0.929297 0.058906 0.030469
2 0.256250 0.939941 0.059375 0.032227
0 0.079609 0.928125 0.062344 0.035937
2 0.764766 0.563770 0.057656 0.029883
2 0.295469 0.334277 0.059687 0.035742
2 0.233203 0.330371 0.060156 0.035742
2 0.173047 0.326465 0.058594 0.035742
2 0.112891 0.322852 0.060156 0.036328
2 0.053281 0.319238 0.059688 0.036914
0 0.216016 0.562402 0.060156 0.034961
2 0.354844 0.404590 0.059687 0.035742
2 0.234297 0.366504 0.059219 0.029883
2 0.355625 0.336230 0.061250 0.035742
2 0.173594 0.359375 0.059687 0.031250
2 0.415781 0.339453 0.059687 0.034375
2 0.114766 0.357129 0.057656 0.030664
2 0.055078 0.353223 0.057031 0.030664
2 0.295234 0.399707 0.059219 0.029883
2 0.414766 0.373633 0.057656 0.032422
2 0.355391 0.370703 0.060781 0.034375
2 0.295234 0.367090 0.059219 0.034961
2 0.235078 0.395215 0.057656 0.028711
2 0.056953 0.386035 0.057656 0.033789
1 0.174609 0.393164 0.058594 0.032422
2 0.116328 0.388574 0.057656 0.034961
2 0.155859 0.560840 0.058594 0.027930
2 0.337891 0.538672 0.060156 0.034375
2 0.034219 0.523047 0.059062 0.038281
2 0.415547 0.407813 0.059219 0.034375
2 0.275156 0.534766 0.059687 0.034375
2 0.095469 0.524316 0.059688 0.036914
2 0.214453 0.530176 0.060156 0.033008
2 0.155078 0.528516 0.057031 0.037500
2 0.703437 0.560059 0.060000 0.030273
2 0.520937 0.550879 0.060625 0.031445
2 0.459063 0.547070 0.061875 0.035547
2 0.397578 0.542578 0.060781 0.034375
2 0.096484 0.558301 0.058594 0.030664
2 0.582188 0.552832 0.061250 0.031445
2 0.642969 0.558496 0.060937 0.031055
2 0.036641 0.554395 0.057656 0.030664
2 0.023906 0.923145 0.047813 0.033789
2 0.971016 0.839941 0.057656 0.027539
2 0.912891 0.839063 0.060156 0.029687
2 0.854219 0.834863 0.058437 0.029102
0 0.797031 0.833105 0.059688 0.029492
2 0.617344 0.823145 0.059687 0.029102
2 0.737969 0.829688 0.060313 0.030469
0 0.678125 0.826855 0.059375 0.028711
2 0.197813 0.937695 0.058125 0.031641
