2 0.181953 0.587793 0.061094 0.039258
3 0.734766 0.584668 0.061719 0.041602
2 0.120078 0.584473 0.062969 0.038086
2 0.061953 0.582031 0.060469 0.035156
3 0.674297 0.581445 0.060781 0.036328
3 0.611797 0.579590 0.063906 0.040039
3 0.548984 0.575391 0.057969 0.036719
2 0.489922 0.573145 0.060781 0.041211
2 0.174609 0.956738 0.060156 0.035742
2 0.427734 0.566406 0.063281 0.035156
2 0.366641 0.563086 0.060469 0.033984
2 0.306016 0.560352 0.062969 0.035547
3 0.915703 0.561523 0.062344 0.037109
2 0.246484 0.557227 0.060156 0.033984
3 0.855078 0.556934 0.061719 0.038477
3 0.795234 0.554492 0.062656 0.035547
3 0.734609 0.550586 0.062031 0.035547
2 0.185859 0.550586 0.059219 0.035547
2 0.126016 0.546777 0.063594 0.039258
2 0.066484 0.545508 0.063906 0.037891
3 0.673359 0.544336 0.059531 0.036328
3 0.611797 0.540039 0.063906 0.033203
3 0.549297 0.538086 0.060781 0.037109
2 0.489766 0.534961 0.061094 0.035547
0 0.658828 0.953711 0.060469 0.033984
2 0.430078 0.531836 0.061719 0.033984
2 0.368516 0.526758 0.062969 0.036328
2 0.306328 0.525488 0.062344 0.038867
2 0.248203 0.522168 0.059844 0.041602
2 0.186641 0.516504 0.061094 0.037305
2 0.127734 0.511719 0.063281 0.031250
2 0.114297 0.951074 0.062031 0.035352
2 0.596953 0.950879 0.062344 0.035742
2 0.067578 0.509766 0.061719 0.035156
2 0.052422 0.947070 0.060781 0.039453
2 0.535078 0.945801 0.064219 0.038086
2 0.475781 0.944043 0.060937 0.037695
3 0.954453 0.431250 0.056719 0.035938
3 0.896172 0.424414 0.060781 0.037891
3 0.833125 0.416309 0.065000 0.034570
3 0.770156 0.415820 0.059687 0.035547
2 0.416406 0.939258 0.060937 0.039453
3 0.710391 0.410449 0.060469 0.042383
3 0.648281 0.404687 0.062812 0.034375
2 0.585234 0.401758 0.060781 0.036328
2 0.524219 0.396582 0.064062 0.046680
3 0.953203 0.394824 0.056094 0.034570
2 0.461328 0.395605 0.061719 0.040820
2 0.399297 0.394043 0.060781 0.040039
2 0.338906 0.389551 0.062812 0.036914
3 0.896250 0.389160 0.063750 0.034180
2 0.275781 0.383008 0.064062 0.034766
3 0.832969 0.379980 0.065312 0.036914
2 0.215781 0.378906 0.062187 0.035156
3 0.768828 0.379492 0.062344 0.041797
2 0.155313 0.373828 0.061250 0.033594
2 0.094219 0.371191 0.061562 0.038867
3 0.707422 0.370898 0.060156 0.035547
2 0.647344 0.370508 0.061562 0.032422
2 0.033750 0.369629 0.060625 0.041992
2 0.585859 0.366797 0.062656 0.032031
2 0.525391 0.361719 0.061719 0.030469
2 0.463906 0.359180 0.062812 0.031641
2 0.402500 0.357227 0.063750 0.031641
3 0.955234 0.355859 0.052031 0.038281
4 0.445859 0.118164 0.061406 0.029297
2 0.384141 0.117773 0.062969 0.033984
2 0.324453 0.115625 0.063594 0.030469
2 0.263984 0.112305 0.062656 0.033203
2 0.205391 0.111133 0.061094 0.031641
2 0.146641 0.109180 0.059844 0.031641
2 0.085547 0.106641 0.063281 0.028906
2 0.170313 0.988086 0.059375 0.023828
0 0.656719 0.985547 0.061562 0.028906
2 0.110703 0.984570 0.059844 0.030859
0 0.595391 0.983691 0.062344 0.032617
2 0.051797 0.983301 0.062031 0.033398
3 0.940234 0.839355 0.060156 0.036133
2 0.880469 0.833496 0.060937 0.036133
2 0.819297 0.833203 0.061406 0.036719
3 0.757500 0.829004 0.063125 0.037305
2 0.696953 0.825684 0.059219 0.036133
2 0.536016 0.981445 0.062344 0.037109
2 0.475234 0.981641 0.062031 0.036719
2 0.636172 0.816504 0.062031 0.042773
2 0.574219 0.815625 0.060937 0.044531
2 0.512500 0.812598 0.062500 0.042773
2 0.452109 0.810254 0.061406 0.043555
2 0.389453 0.804980 0.061719 0.046289
0 0.328828 0.805078 0.061094 0.042188
2 0.940000 0.802930 0.060625 0.034766
2 0.879766 0.798730 0.059219 0.035352
2 0.267734 0.796680 0.061406 0.055078
3 0.819375 0.796387 0.061250 0.036133
0 0.209063 0.792383 0.063125 0.044141
3 0.758594 0.792383 0.060937 0.036328
2 0.148594 0.788574 0.059062 0.043945
2 0.696719 0.788281 0.062812 0.036719
2 0.088281 0.784570 0.060937 0.044141
2 0.029141 0.780176 0.057344 0.041211
2 0.634844 0.779883 0.058437 0.033984
2 0.575234 0.775586 0.062031 0.034766
2 0.513672 0.775781 0.063281 0.034375
2 0.452813 0.772168 0.063125 0.029883
2 0.393281 0.767773 0.060312 0.034766
2 0.938438 0.767285 0.060625 0.035742
0 0.330313 0.765039 0.064375 0.036328
2 0.414687 0.976367 0.061250 0.039453
3 0.879063 0.763965 0.060625 0.034570
3 0.818906 0.758789 0.059063 0.037109
3 0.758750 0.756348 0.060625 0.038086
2 0.270547 0.755469 0.062031 0.032031
2 0.211172 0.754687 0.062031 0.033594
2 0.697266 0.753027 0.061719 0.040820
2 0.149453 0.749219 0.060469 0.036719
2 0.090781 0.748145 0.059062 0.038867
3 0.960000 0.972949 0.058125 0.038477
2 0.637031 0.745703 0.060313 0.032031
2 0.031094 0.743262 0.059688 0.033008
2 0.576797 0.742090 0.062031 0.035352
2 0.513750 0.740430 0.063125 0.034766
1 0.455391 0.738770 0.061094 0.038086
2 0.393984 0.732812 0.062031 0.034375
0 0.333047 0.730371 0.062031 0.035352
2 0.353984 0.971582 0.060781 0.037305
3 0.899531 0.970605 0.060313 0.043164
0 0.272656 0.726465 0.060937 0.035352
0 0.212344 0.720117 0.062813 0.036328
0 0.152969 0.715039 0.059688 0.030859
2 0.094297 0.710840 0.058281 0.043164
2 0.034766 0.707910 0.058594 0.037305
0 0.294063 0.968750 0.061875 0.039062
3 0.837266 0.965723 0.066094 0.041211
3 0.917656 0.633496 0.061562 0.045508
2 0.855859 0.630176 0.060156 0.040430
2 0.233438 0.962988 0.061250 0.038867
3 0.776719 0.961230 0.059063 0.038477
2 0.794609 0.626465 0.060781 0.043945
3 0.735547 0.623535 0.063281 0.038086
3 0.673359 0.620020 0.062656 0.041211
3 0.610859 0.616992 0.062656 0.035547
3 0.549766 0.612500 0.059844 0.036719
2 0.487422 0.610547 0.062656 0.036719
2 0.426797 0.604980 0.062031 0.040039
2 0.365859 0.600879 0.062031 0.040430
2 0.304609 0.596680 0.059531 0.037109
2 0.856172 0.593359 0.062656 0.035937
2 0.916484 0.593164 0.063906 0.036328
2 0.243203 0.592773 0.063594 0.033203
3 0.795703 0.590332 0.061719 0.038086
2 0.717266 0.957031 0.062344 0.039062
2 0.355313 0.934375 0.061250 0.041406
2 0.340469 0.353320 0.062812 0.035547
3 0.895547 0.354590 0.065156 0.036914
2 0.279531 0.349805 0.062812 0.026953
2 0.219062 0.346875 0.065000 0.028906
3 0.832188 0.346875 0.063750 0.032813
2 0.160781 0.343945 0.062813 0.030859
3 0.769531 0.341309 0.060937 0.032227
2 0.100469 0.338477 0.061562 0.026172
2 0.709609 0.337109 0.062031 0.028906
2 0.650469 0.337500 0.058437 0.032031
1 0.587031 0.333398 0.063438 0.032422
2 0.039219 0.333008 0.062187 0.033203
2 0.525859 0.330469 0.060781 0.034375
2 0.465234 0.329102 0.063281 0.033203
2 0.404297 0.323145 0.060156 0.036914
2 0.342734 0.320117 0.061406 0.035547
2 0.282578 0.320117 0.059844 0.031641
1 0.292969 0.929785 0.060937 0.038867
2 0.222187 0.315820 0.061563 0.032422
2 0.162344 0.311914 0.062813 0.028516
2 0.103438 0.308008 0.061875 0.032422
2 0.043594 0.303125 0.059688 0.030469
2 0.236172 0.923828 0.062031 0.039062
3 0.932969 0.213672 0.062187 0.037500
2 0.870859 0.211230 0.061406 0.034570
2 0.811250 0.211426 0.061875 0.030273
3 0.749375 0.206934 0.063750 0.031445
2 0.176563 0.918848 0.059375 0.037305
3 0.687969 0.199512 0.058437 0.034570
2 0.627734 0.196289 0.063281 0.037500
2 0.565547 0.193555 0.062656 0.034766
2 0.504141 0.191895 0.060469 0.038086
2 0.443359 0.185156 0.063281 0.035938
3 0.810234 0.179395 0.060781 0.031836
2 0.870391 0.178906 0.062344 0.032812
2 0.381641 0.177441 0.064844 0.039648
3 0.933359 0.178516 0.064531 0.033594
2 0.319766 0.178223 0.063594 0.037695
2 0.259297 0.175586 0.062656 0.035547
3 0.748594 0.174121 0.065313 0.034570
2 0.195703 0.171289 0.061719 0.036328
2 0.135859 0.171484 0.062656 0.032031
2 0.078828 0.165820 0.061094 0.035547
3 0.688203 0.164551 0.057969 0.034180
2 0.628828 0.161523 0.061094 0.028516
2 0.565703 0.160352 0.062344 0.030859
2 0.504453 0.156250 0.062969 0.035156
2 0.444609 0.149609 0.060781 0.028906
3 0.932578 0.148340 0.066094 0.027539
2 0.870469 0.147656 0.062187 0.028906
2 0.383047 0.146484 0.065156 0.027344
3 0.809688 0.145508 0.061875 0.033203
2 0.261484 0.144531 0.064531 0.031250
2 0.322734 0.144531 0.063906 0.027344
2 0.202109 0.141211 0.061406 0.030078
2 0.117031 0.913574 0.062813 0.040039
2 0.142109 0.139063 0.065781 0.030469
3 0.750703 0.138867 0.064219 0.034766
2 0.083047 0.134375 0.062031 0.032031
3 0.688203 0.131738 0.057969 0.029492
2 0.629141 0.132617 0.060469 0.031641
2 0.567266 0.127344 0.062344 0.034375
4 0.508047 0.122656 0.062031 0.028125
2 0.057734 0.910449 0.062656 0.038477
