3 0.058750 0.719922 0.058125 0.032813
3 0.060547 0.685547 0.055469 0.039062
3 0.062109 0.647852 0.058594 0.032422
2 0.072813 0.920898 0.061250 0.037109
2 0.131250 0.918750 0.059375 0.037500
2 0.191562 0.912695 0.058125 0.041797
2 0.252812 0.909766 0.061875 0.039844
2 0.314375 0.908203 0.060000 0.039062
2 0.371484 0.904980 0.061719 0.045508
2 0.073047 0.883301 0.058594 0.034180
2 0.132422 0.879980 0.058594 0.040820
2 0.192266 0.875684 0.062656 0.033789
2 0.312734 0.869531 0.056719 0.042188
2 0.251875 0.870703 0.060000 0.039844
2 0.371719 0.865723 0.059063 0.034180
2 0.073047 0.847070 0.058594 0.032422
2 0.133750 0.843848 0.058125 0.031055
2 0.191953 0.842676 0.058906 0.033398
2 0.251172 0.835840 0.058594 0.031445
1 0.311875 0.837793 0.058125 0.035352
2 0.370000 0.835352 0.055625 0.036328
