2 0.384844 0.279590 0.061563 0.035742
2 0.324141 0.282617 0.061094 0.033984
2 0.265859 0.285742 0.058906 0.032422
2 0.207734 0.289453 0.056406 0.035938
2 0.651250 0.033008 0.060000 0.038672
2 0.592109 0.037207 0.059531 0.035352
2 0.532891 0.038379 0.059219 0.037695
2 0.968984 0.389551 0.058906 0.036914
2 0.472500 0.041211 0.061250 0.031641
2 0.908828 0.392480 0.060469 0.034961
2 0.849766 0.394336 0.059844 0.034766
2 0.788828 0.396875 0.059844 0.032031
2 0.729297 0.400977 0.060156 0.032422
2 0.668906 0.403809 0.059063 0.034180
2 0.609375 0.405371 0.062500 0.033398
2 0.546641 0.408496 0.059844 0.035742
2 0.486094 0.408203 0.062188 0.035156
2 0.425859 0.412207 0.060781 0.035352
2 0.363203 0.418066 0.061094 0.035352
2 0.302891 0.419141 0.059844 0.033594
2 0.243828 0.422070 0.059219 0.035547
2 0.967344 0.424023 0.062187 0.031641
2 0.907813 0.424707 0.059375 0.033008
2 0.848125 0.428125 0.060000 0.032031
2 0.788594 0.428613 0.060313 0.033008
2 0.412656 0.042871 0.059063 0.034961
2 0.727734 0.433496 0.060156 0.034961
2 0.668906 0.436426 0.059063 0.033008
0 0.608594 0.439453 0.060937 0.035156
2 0.547578 0.442578 0.061094 0.033594
2 0.487266 0.444727 0.059844 0.037891
2 0.425547 0.446973 0.061406 0.034570
1 0.365625 0.451562 0.059375 0.032031
2 0.305391 0.454102 0.061094 0.033203
2 0.246406 0.453809 0.060312 0.032617
2 0.964531 0.456250 0.061562 0.033594
2 0.905000 0.457520 0.058750 0.032227
2 0.845625 0.459961 0.058750 0.033203
2 0.786641 0.463770 0.061094 0.036914
2 0.728672 0.466895 0.058281 0.035352
2 0.352891 0.048242 0.059844 0.033984
0 0.670234 0.470703 0.059531 0.031250
2 0.608828 0.472852 0.060469 0.035547
2 0.548828 0.475293 0.058594 0.032617
2 0.428750 0.479102 0.058125 0.032422
2 0.488516 0.481055 0.060469 0.032422
2 0.368750 0.483691 0.059375 0.033789
0 0.310000 0.485449 0.061250 0.033398
2 0.249531 0.485449 0.057187 0.033398
2 0.291406 0.051855 0.060937 0.037305
2 0.232734 0.054688 0.056406 0.035156
2 0.947188 0.057422 0.058750 0.036719
1 0.888125 0.058789 0.058125 0.035547
2 0.984375 0.588672 0.031250 0.036719
2 0.939141 0.589746 0.059219 0.038867
2 0.879453 0.594629 0.056719 0.040820
2 0.821250 0.594629 0.060625 0.036914
2 0.763047 0.597656 0.061406 0.035156
2 0.701250 0.600684 0.060000 0.037305
2 0.642109 0.603809 0.059531 0.035742
1 0.581719 0.607520 0.061562 0.035352
2 0.518359 0.608594 0.060156 0.033594
2 0.458516 0.612207 0.061094 0.033008
2 0.398516 0.613184 0.059219 0.034961
2 0.340156 0.617871 0.057187 0.032617
2 0.889219 0.019336 0.059062 0.038672
2 0.685547 0.196191 0.060156 0.040820
2 0.624453 0.196875 0.060469 0.038281
2 0.564844 0.199609 0.060937 0.035938
2 0.503281 0.201074 0.062188 0.038867
2 0.443203 0.204687 0.060469 0.038281
2 0.383516 0.208203 0.057969 0.037500
2 0.322813 0.211816 0.063750 0.036914
2 0.830156 0.021582 0.058437 0.043164
2 0.261094 0.214844 0.062188 0.035156
2 0.202109 0.218750 0.058281 0.039062
2 0.975859 0.219629 0.048281 0.033008
2 0.923750 0.220703 0.058750 0.031250
2 0.864219 0.222754 0.062187 0.035352
2 0.804766 0.224805 0.059219 0.035547
0 0.746250 0.226758 0.060625 0.035547
2 0.685703 0.233301 0.059844 0.033008
2 0.624766 0.234375 0.059844 0.035156
0 0.565078 0.236035 0.060469 0.034570
2 0.503437 0.237598 0.061875 0.037695
2 0.443281 0.239355 0.060313 0.033398
2 0.384687 0.244434 0.058750 0.035742
2 0.324297 0.248145 0.060781 0.035352
2 0.262813 0.250879 0.058750 0.036914
2 0.204219 0.253906 0.057187 0.039062
2 0.770937 0.027246 0.061250 0.038867
2 0.976406 0.255078 0.047188 0.037500
2 0.922578 0.254785 0.061094 0.036914
2 0.862344 0.259668 0.059688 0.034961
2 0.804922 0.260645 0.058906 0.036914
2 0.745000 0.264062 0.060000 0.039844
0 0.684219 0.267773 0.059687 0.035547
2 0.624844 0.268750 0.059687 0.033594
2 0.565078 0.270605 0.060469 0.037305
2 0.710938 0.028027 0.059375 0.036523
2 0.504922 0.273633 0.058906 0.035547
1 0.445625 0.276465 0.061875 0.037305
2 0.982656 0.623242 0.034688 0.031641
2 0.770547 0.063672 0.062031 0.033594
2 0.829922 0.062891 0.058906 0.039844
2 0.937109 0.626758 0.060156 0.030859
2 0.820000 0.630176 0.060000 0.033789
2 0.879766 0.630469 0.059219 0.030469
2 0.762344 0.633398 0.059687 0.036328
2 0.702500 0.635938 0.060625 0.033594
4 0.641875 0.637695 0.060000 0.033203
2 0.581172 0.642969 0.059531 0.035937
2 0.711641 0.065918 0.057969 0.038086
2 0.521250 0.645410 0.060625 0.036914
2 0.461094 0.645020 0.059063 0.036133
2 0.401172 0.649219 0.060156 0.036719
2 0.342656 0.651172 0.058438 0.032813
2 0.982187 0.656445 0.035625 0.031641
2 0.935937 0.657422 0.059375 0.033594
2 0.820547 0.661230 0.058906 0.033398
0 0.878125 0.661523 0.056250 0.033984
2 0.760391 0.665430 0.060469 0.033984
0 0.701562 0.669824 0.059375 0.034961
2 0.641016 0.672754 0.058594 0.036914
2 0.582031 0.676465 0.060937 0.032617
2 0.520937 0.677441 0.061250 0.034570
2 0.462188 0.681543 0.060000 0.034961
2 0.652344 0.069727 0.060937 0.033984
2 0.402656 0.684473 0.060312 0.033008
2 0.343672 0.684863 0.056406 0.033789
2 0.591875 0.072168 0.060000 0.038867
2 0.472969 0.075586 0.060313 0.037891
2 0.532969 0.076855 0.059063 0.036523
2 0.412422 0.080078 0.059531 0.039062
2 0.971641 0.793945 0.056719 0.037109
2 0.914375 0.795996 0.058750 0.037305
2 0.856328 0.800098 0.059219 0.037695
2 0.797109 0.803027 0.059219 0.035742
2 0.736719 0.806152 0.060937 0.038086
2 0.676875 0.810742 0.058750 0.035547
2 0.616875 0.811523 0.060000 0.037109
2 0.556875 0.815039 0.060937 0.032422
2 0.495625 0.818652 0.058750 0.031836
2 0.353125 0.082910 0.059375 0.036914
2 0.437656 0.822754 0.059063 0.032227
2 0.970938 0.826270 0.058125 0.027539
2 0.914219 0.828613 0.055937 0.028320
2 0.855547 0.832617 0.060781 0.028516
2 0.797031 0.835742 0.059063 0.030859
2 0.738594 0.840527 0.060313 0.028711
2 0.677813 0.842383 0.060000 0.028516
2 0.616875 0.845117 0.060000 0.030078
0 0.557188 0.847168 0.060625 0.030273
2 0.496563 0.849023 0.060000 0.030078
2 0.437031 0.855469 0.057188 0.031250
2 0.970703 0.855957 0.058594 0.032227
2 0.912031 0.859863 0.060313 0.032227
2 0.853438 0.863574 0.055625 0.031836
2 0.795391 0.866895 0.059219 0.030664
2 0.736719 0.870801 0.057813 0.034570
2 0.676797 0.871094 0.058906 0.031250
2 0.618203 0.874805 0.060469 0.030859
2 0.557422 0.878613 0.060156 0.034570
2 0.293281 0.088477 0.060000 0.036328
2 0.233906 0.089844 0.057187 0.035156
2 0.496719 0.881250 0.059687 0.032031
2 0.438438 0.884473 0.057500 0.030664
2 0.289844 0.016504 0.060937 0.033008
0 0.230234 0.018555 0.058281 0.037109
2 0.947422 0.018750 0.061406 0.037500
2 0.977344 0.187012 0.045312 0.034180
2 0.925469 0.186523 0.058437 0.037109
2 0.866719 0.188086 0.060313 0.036328
2 0.805937 0.189746 0.060000 0.035742
2 0.746172 0.189648 0.060781 0.035547
