1 0.109688 0.801465 0.063125 0.033789
2 0.169844 0.801074 0.061563 0.030664
2 0.227266 0.791113 0.057656 0.034961
2 0.286484 0.788086 0.060469 0.033203
3 0.502734 0.978809 0.058594 0.030664
2 0.345938 0.785254 0.060625 0.034961
2 0.407891 0.780762 0.062656 0.032227
2 0.468047 0.776660 0.061094 0.032617
0 0.047188 0.773242 0.063125 0.031641
1 0.527187 0.772656 0.060625 0.036719
2 0.106563 0.770996 0.063125 0.032227
0 0.165781 0.768457 0.062813 0.037305
2 0.026875 0.975195 0.053750 0.030078
2 0.083281 0.974414 0.060312 0.027734
3 0.563359 0.974316 0.061094 0.031836
2 0.223750 0.759082 0.063125 0.032617
2 0.282578 0.755957 0.062031 0.031055
2 0.341641 0.751660 0.061406 0.035742
2 0.403203 0.748926 0.062656 0.033398
3 0.464687 0.743750 0.060625 0.035937
1 0.525625 0.742383 0.060625 0.030859
2 0.042344 0.741113 0.062813 0.037305
2 0.101875 0.737988 0.063125 0.035742
2 0.160156 0.732031 0.060937 0.035937
2 0.220391 0.727441 0.062656 0.029492
2 0.143203 0.971582 0.058281 0.029492
2 0.279922 0.725586 0.062969 0.033203
2 0.338750 0.719336 0.061875 0.033984
2 0.401641 0.713379 0.065781 0.034180
3 0.462734 0.710059 0.062969 0.033008
3 0.525156 0.710352 0.062812 0.036328
2 0.624141 0.969238 0.060781 0.034180
2 0.199297 0.966504 0.057969 0.027930
2 0.260703 0.965527 0.062031 0.025977
2 0.684688 0.965918 0.060000 0.036914
3 0.744453 0.959961 0.060781 0.033203
2 0.320547 0.958984 0.059844 0.031250
2 0.045000 0.602832 0.058750 0.036523
2 0.103281 0.603125 0.062813 0.028125
2 0.161719 0.599023 0.060937 0.032422
2 0.221016 0.595313 0.060781 0.035937
3 0.380469 0.957617 0.060937 0.033984
2 0.281562 0.587988 0.060000 0.031055
2 0.341719 0.584570 0.064688 0.033984
2 0.401406 0.577832 0.065313 0.031836
2 0.463672 0.574707 0.061719 0.030273
3 0.523125 0.572949 0.058750 0.029883
2 0.098984 0.571484 0.063594 0.032813
2 0.158984 0.568066 0.064844 0.031836
2 0.040938 0.567285 0.063125 0.033398
2 0.217734 0.563867 0.063594 0.028516
2 0.276562 0.557617 0.062500 0.029297
2 0.337969 0.552539 0.063437 0.031641
2 0.400312 0.546582 0.063125 0.031836
3 0.460156 0.542480 0.064062 0.032227
3 0.522188 0.540625 0.060000 0.032031
2 0.095234 0.536426 0.062344 0.036523
2 0.033594 0.534863 0.064062 0.031836
2 0.152734 0.534570 0.061719 0.036328
3 0.440391 0.952734 0.062031 0.032031
2 0.212969 0.530371 0.063437 0.036914
2 0.274766 0.526660 0.062031 0.032617
2 0.333672 0.519531 0.064219 0.035156
2 0.398047 0.512695 0.061719 0.033203
3 0.459766 0.508691 0.063281 0.033398
2 0.172891 0.116016 0.058281 0.041406
2 0.232344 0.110352 0.061563 0.037109
2 0.294453 0.101953 0.060781 0.042188
2 0.353906 0.096484 0.060937 0.037500
2 0.416563 0.089941 0.061250 0.038867
2 0.477891 0.084863 0.062031 0.037305
2 0.537734 0.083203 0.059844 0.036719
3 0.620703 0.906641 0.063281 0.030469
3 0.600156 0.078613 0.062812 0.041602
3 0.684531 0.902930 0.062812 0.030078
3 0.745547 0.899316 0.059844 0.033398
0 0.382109 0.985254 0.061094 0.029492
3 0.443359 0.983984 0.061719 0.032031
1 0.051328 0.805664 0.065156 0.033203
2 0.025938 0.945898 0.051875 0.030078
3 0.521953 0.505273 0.059531 0.036328
3 0.501016 0.948535 0.061406 0.032617
2 0.561719 0.944727 0.060937 0.032422
2 0.080469 0.943945 0.057813 0.033984
2 0.138437 0.942676 0.058125 0.032617
2 0.081875 0.400098 0.060625 0.035742
2 0.140625 0.395898 0.062500 0.036328
2 0.623281 0.939844 0.062188 0.030469
0 0.199844 0.390527 0.062188 0.031445
2 0.260234 0.386523 0.061094 0.035547
2 0.319688 0.378320 0.061250 0.032422
2 0.378594 0.378320 0.060313 0.036328
2 0.197500 0.936328 0.060625 0.033594
2 0.258672 0.935840 0.057969 0.034570
3 0.439375 0.370215 0.060000 0.036914
2 0.076406 0.363770 0.062187 0.034180
3 0.500000 0.366113 0.062500 0.033398
2 0.136719 0.360156 0.064062 0.033594
3 0.562109 0.360352 0.061719 0.033203
0 0.197734 0.357324 0.064219 0.035352
2 0.257969 0.352148 0.059687 0.033984
2 0.317188 0.345703 0.068750 0.035156
2 0.376250 0.341406 0.065000 0.035938
3 0.436875 0.335059 0.061250 0.033398
3 0.684609 0.934277 0.062969 0.029883
3 0.498594 0.330566 0.062812 0.038086
2 0.072344 0.329688 0.063437 0.036328
3 0.561719 0.327246 0.064062 0.033008
2 0.132969 0.324023 0.065938 0.035547
2 0.190938 0.321582 0.066250 0.036523
2 0.251328 0.316406 0.065156 0.035156
2 0.313828 0.309570 0.065156 0.037109
3 0.374297 0.304980 0.064219 0.034570
2 0.435859 0.299805 0.062344 0.037109
3 0.745859 0.930566 0.060469 0.029492
2 0.316953 0.928906 0.062031 0.032813
3 0.497734 0.295508 0.061094 0.033984
3 0.560469 0.292480 0.064687 0.036133
2 0.378437 0.925684 0.063125 0.031445
2 0.501094 0.919141 0.058437 0.032813
2 0.438203 0.920215 0.060781 0.030664
2 0.063906 0.198145 0.055937 0.037305
2 0.122266 0.194824 0.060156 0.040039
2 0.180703 0.188281 0.058281 0.037500
4 0.239531 0.183691 0.060312 0.038867
2 0.300469 0.174707 0.057187 0.037305
2 0.359844 0.170117 0.060312 0.038672
2 0.059922 0.165918 0.057344 0.035352
3 0.420781 0.166309 0.060313 0.038477
2 0.117656 0.159570 0.060312 0.032422
3 0.481094 0.159180 0.065313 0.037109
3 0.544219 0.154004 0.060313 0.035742
2 0.177422 0.154004 0.057969 0.031836
3 0.602266 0.153125 0.060781 0.037500
2 0.236719 0.147363 0.060937 0.037305
2 0.296719 0.142090 0.059063 0.036133
2 0.560937 0.913281 0.062500 0.028906
2 0.356563 0.133594 0.060000 0.033594
2 0.054141 0.133105 0.058281 0.046289
2 0.417109 0.129785 0.062344 0.037305
2 0.114219 0.127246 0.059688 0.042383
3 0.480625 0.120996 0.064375 0.035352
3 0.540937 0.119043 0.060000 0.034961
3 0.601016 0.115723 0.064531 0.038086
