3 0.337812 0.566797 0.063125 0.034375
3 0.398906 0.560840 0.060313 0.034570
2 0.456562 0.559277 0.063125 0.033789
3 0.518672 0.557813 0.062344 0.032813
3 0.580703 0.557520 0.061406 0.033398
3 0.640937 0.555371 0.060000 0.033789
4 0.702109 0.553125 0.060469 0.034375
2 0.763047 0.551367 0.060469 0.033984
3 0.824297 0.551074 0.061094 0.030664
3 0.883828 0.548535 0.061406 0.031836
3 0.946562 0.547461 0.061875 0.033984
3 0.333828 0.529883 0.061406 0.033984
2 0.394922 0.527148 0.061719 0.035547
2 0.456328 0.525586 0.062656 0.034766
3 0.517422 0.525391 0.062969 0.035156
3 0.579688 0.523828 0.059375 0.034375
3 0.640625 0.521484 0.062500 0.035156
2 0.702266 0.520020 0.060781 0.034180
2 0.763828 0.518066 0.058906 0.034180
3 0.823828 0.517090 0.063281 0.036133
3 0.885703 0.513477 0.062031 0.039453
3 0.946641 0.510938 0.062031 0.036719
2 0.333516 0.495117 0.060781 0.037109
2 0.393672 0.492090 0.062344 0.035352
2 0.455547 0.491113 0.064219 0.033398
2 0.517656 0.489746 0.063438 0.036133
3 0.578906 0.488672 0.060937 0.034375
2 0.640703 0.486230 0.062656 0.035352
2 0.702344 0.485840 0.060937 0.036133
2 0.763437 0.484375 0.061250 0.035156
2 0.825078 0.480469 0.062656 0.035156
3 0.887187 0.479492 0.061875 0.033203
2 0.948438 0.476074 0.062500 0.032227
1 0.038125 0.369531 0.057500 0.034375
4 0.095625 0.367773 0.056875 0.033984
2 0.152891 0.364941 0.058906 0.035742
2 0.212812 0.362500 0.060000 0.036719
2 0.271953 0.361328 0.059531 0.035156
2 0.331953 0.359180 0.060781 0.035547
2 0.392031 0.359082 0.059063 0.035742
2 0.452734 0.354785 0.061719 0.036523
2 0.514844 0.352637 0.060937 0.036914
2 0.575781 0.349609 0.060937 0.035156
2 0.635313 0.349316 0.061250 0.035742
2 0.696562 0.346680 0.061875 0.037109
2 0.758516 0.345117 0.060781 0.036328
2 0.818437 0.343164 0.061875 0.035938
2 0.880625 0.339844 0.061250 0.035156
3 0.939609 0.341211 0.063594 0.036328
2 0.034063 0.335449 0.061875 0.032227
2 0.092500 0.335547 0.056875 0.032031
2 0.151484 0.333105 0.059219 0.029102
2 0.210312 0.331738 0.058125 0.027930
2 0.269844 0.328320 0.061563 0.030859
2 0.330078 0.323437 0.060156 0.036719
2 0.391094 0.322754 0.060313 0.034180
2 0.452578 0.319336 0.061406 0.033203
2 0.513516 0.318262 0.061406 0.031445
2 0.575625 0.315234 0.060625 0.033594
2 0.635703 0.313672 0.062031 0.032813
2 0.698047 0.313574 0.061719 0.033008
2 0.758984 0.310937 0.061719 0.030469
2 0.881953 0.306738 0.060781 0.035352
2 0.941563 0.305371 0.061250 0.033789
2 0.030469 0.301465 0.060937 0.037695
2 0.088750 0.300879 0.058750 0.038867
2 0.149219 0.298926 0.060937 0.038867
2 0.209297 0.297363 0.059219 0.041992
2 0.266875 0.292285 0.061875 0.040430
2 0.328125 0.292578 0.059375 0.039844
2 0.388047 0.289453 0.063594 0.034375
2 0.451094 0.283789 0.061562 0.037891
2 0.511953 0.283398 0.061406 0.038672
2 0.574922 0.280469 0.062344 0.036719
2 0.636484 0.279297 0.060469 0.039062
2 0.696641 0.277441 0.062031 0.038867
2 0.759219 0.275879 0.062188 0.038086
2 0.822031 0.273828 0.062813 0.034375
2 0.883437 0.271973 0.060625 0.034180
2 0.943281 0.271582 0.061562 0.035352
2 0.039609 0.171875 0.060469 0.035547
0 0.099219 0.167187 0.057813 0.032812
0 0.156172 0.166211 0.059219 0.034766
2 0.213750 0.163281 0.058750 0.036719
2 0.274453 0.159082 0.061406 0.037305
2 0.334375 0.158887 0.059375 0.037695
2 0.393594 0.156641 0.062188 0.034375
0 0.455703 0.153809 0.061406 0.036133
2 0.515937 0.150879 0.060000 0.034180
0 0.576094 0.149805 0.061562 0.032422
2 0.637031 0.146387 0.061562 0.035352
0 0.698516 0.144922 0.059531 0.034375
2 0.757578 0.141797 0.062031 0.036719
2 0.819297 0.140430 0.060469 0.035547
2 0.880156 0.138184 0.060313 0.036133
2 0.036719 0.136523 0.060937 0.031641
2 0.939766 0.135937 0.060781 0.036719
2 0.095547 0.134375 0.059844 0.032031
2 0.155156 0.132129 0.060312 0.032617
2 0.214375 0.129102 0.060000 0.030859
0 0.332891 0.121973 0.059531 0.033398
0 0.393516 0.122461 0.062031 0.032422
2 0.273594 0.121973 0.059687 0.033008
2 0.453516 0.120117 0.060156 0.028906
2 0.575391 0.117969 0.060156 0.033594
0 0.514687 0.117773 0.060625 0.033984
0 0.636484 0.112891 0.060469 0.032031
1 0.697656 0.112598 0.060937 0.032617
2 0.759453 0.106445 0.062656 0.033203
2 0.819531 0.105176 0.060937 0.031836
2 0.880469 0.102539 0.060937 0.033203
2 0.941563 0.100000 0.061250 0.034375
2 0.034141 0.100781 0.062031 0.040625
2 0.093516 0.098437 0.058906 0.041406
2 0.151094 0.097363 0.058438 0.039648
2 0.211094 0.091895 0.059687 0.042773
0 0.271250 0.087402 0.061250 0.040039
0 0.330703 0.085352 0.061406 0.040234
0 0.391328 0.085156 0.060781 0.040625
0 0.451406 0.082129 0.062188 0.046680
2 0.514609 0.078516 0.060469 0.042188
0 0.575937 0.077148 0.061250 0.044922
2 0.637031 0.075977 0.061562 0.043359
2 0.698750 0.073828 0.060000 0.043750
2 0.758828 0.070020 0.061406 0.039648
2 0.821172 0.069824 0.061094 0.040039
2 0.882109 0.064941 0.061094 0.042383
2 0.943047 0.064453 0.061094 0.039062
2 0.821094 0.308984 0.060937 0.034375
