2 0.708750 0.200977 0.060625 0.030859
2 0.649844 0.205762 0.062812 0.032617
2 0.589609 0.207324 0.061406 0.031836
0 0.530703 0.212988 0.063594 0.031445
2 0.853203 0.020898 0.059219 0.030078
2 0.372109 0.022266 0.062031 0.032813
1 0.468125 0.215137 0.060625 0.031836
2 0.947578 0.215723 0.061094 0.033008
2 0.887344 0.218555 0.059688 0.030859
2 0.408047 0.219434 0.062031 0.028711
2 0.830234 0.223145 0.061406 0.032227
2 0.772344 0.226367 0.061562 0.030859
2 0.347969 0.226074 0.063437 0.030273
2 0.712187 0.230762 0.062812 0.031836
2 0.286484 0.233008 0.061406 0.032422
2 0.792969 0.025781 0.060937 0.028125
2 0.652656 0.236719 0.063438 0.032031
2 0.227891 0.238770 0.059844 0.032227
0 0.591016 0.238867 0.064844 0.032422
0 0.532422 0.241602 0.063281 0.030078
2 0.166094 0.247070 0.065000 0.033203
2 0.950000 0.245801 0.062500 0.030664
2 0.472500 0.248340 0.061250 0.031836
2 0.105469 0.249414 0.057813 0.030078
2 0.895391 0.249414 0.062344 0.033984
0 0.408828 0.251367 0.060469 0.033984
2 0.311172 0.027246 0.058906 0.027148
1 0.046875 0.254199 0.059375 0.031836
2 0.834766 0.256250 0.064844 0.032031
2 0.348750 0.256738 0.061875 0.033008
2 0.774844 0.260156 0.062812 0.032031
2 0.714219 0.264160 0.062188 0.032227
2 0.477266 0.483008 0.061094 0.032422
3 0.108203 0.485840 0.061719 0.041992
2 0.414766 0.487500 0.064219 0.033594
2 0.915547 0.049902 0.059531 0.029492
2 0.858047 0.051270 0.058906 0.028320
3 0.047109 0.491309 0.062031 0.037305
2 0.353828 0.496582 0.061094 0.032227
2 0.292344 0.500391 0.062188 0.035937
2 0.372812 0.051562 0.060625 0.028906
2 0.230000 0.508691 0.061875 0.033008
2 0.168516 0.516895 0.062969 0.033789
3 0.107656 0.518066 0.059688 0.036133
1 0.046875 0.525879 0.062500 0.032227
2 0.797813 0.054199 0.060625 0.030273
2 0.737266 0.056836 0.059844 0.027734
2 0.312188 0.057813 0.060000 0.033594
2 0.677656 0.060840 0.060313 0.027930
2 0.913359 0.589453 0.057656 0.034375
2 0.855234 0.594531 0.058281 0.036719
2 0.796328 0.600195 0.060469 0.036328
2 0.736797 0.603125 0.060781 0.030469
2 0.677734 0.610449 0.060156 0.037305
1 0.616641 0.614355 0.060469 0.037305
2 0.557031 0.618359 0.060937 0.037500
2 0.918437 0.622363 0.060000 0.033789
0 0.495391 0.624805 0.059219 0.038672
2 0.251016 0.064648 0.060469 0.031641
2 0.618750 0.064941 0.062500 0.028320
2 0.858828 0.626855 0.057344 0.034961
2 0.435391 0.628613 0.060469 0.038477
2 0.799531 0.632812 0.060313 0.035156
0 0.374297 0.634570 0.060781 0.034766
2 0.313750 0.637988 0.060000 0.033789
0 0.741172 0.638281 0.061406 0.038281
2 0.680625 0.646094 0.057500 0.034375
2 0.252188 0.646582 0.061250 0.035352
2 0.620391 0.648047 0.062344 0.038281
2 0.191328 0.649121 0.061094 0.032617
2 0.558906 0.654883 0.060313 0.036328
2 0.923281 0.656738 0.059688 0.036133
3 0.131328 0.656152 0.062344 0.031055
3 0.070078 0.661230 0.059844 0.033398
2 0.865312 0.660937 0.060000 0.040625
2 0.497188 0.660937 0.061875 0.036719
2 0.436562 0.664355 0.061250 0.035742
2 0.803594 0.668164 0.058437 0.035547
0 0.375156 0.668652 0.062188 0.036523
2 0.746328 0.674219 0.060469 0.035937
2 0.312422 0.675488 0.059531 0.038477
2 0.252188 0.677930 0.061250 0.035547
2 0.683594 0.678613 0.060937 0.040820
2 0.623047 0.683008 0.060156 0.037891
2 0.557969 0.068066 0.059063 0.030664
0 0.190391 0.069922 0.059844 0.030469
2 0.192344 0.683789 0.062187 0.035547
2 0.562188 0.689844 0.063125 0.035937
3 0.131641 0.689648 0.061719 0.031641
3 0.070391 0.693262 0.059219 0.034961
2 0.498984 0.696875 0.061406 0.038281
2 0.439453 0.701367 0.061719 0.039453
2 0.378047 0.706055 0.062656 0.037109
2 0.314297 0.709961 0.062031 0.037109
2 0.254062 0.715625 0.060625 0.036719
3 0.191953 0.720898 0.062969 0.035547
3 0.129453 0.074023 0.059844 0.030859
2 0.883125 0.189062 0.061875 0.030469
2 0.828438 0.193164 0.058750 0.030859
2 0.768594 0.195605 0.062812 0.031836
2 0.288047 0.264941 0.061406 0.029883
2 0.226797 0.267285 0.062031 0.030664
2 0.656328 0.267188 0.065469 0.030469
0 0.595000 0.271582 0.063125 0.035352
2 0.533359 0.275391 0.064531 0.035156
2 0.166719 0.277344 0.060000 0.031250
2 0.473906 0.280469 0.064687 0.033594
3 0.105469 0.280469 0.060937 0.033594
1 0.046016 0.283887 0.061094 0.032617
2 0.410781 0.286426 0.062812 0.033789
2 0.350156 0.293262 0.062188 0.035742
2 0.734063 0.030469 0.060000 0.025781
2 0.287812 0.296484 0.061875 0.030469
2 0.227344 0.299414 0.060937 0.036328
2 0.166250 0.309766 0.061250 0.029687
2 0.251172 0.033008 0.060156 0.034766
2 0.675547 0.032910 0.061406 0.026758
3 0.104922 0.314160 0.062031 0.030664
3 0.044141 0.318945 0.058594 0.032422
2 0.614453 0.035742 0.061719 0.028516
0 0.191406 0.035645 0.060937 0.036133
2 0.555547 0.039258 0.060781 0.027734
0 0.949453 0.384473 0.060469 0.030664
1 0.889766 0.386328 0.064219 0.026562
2 0.833750 0.395410 0.060625 0.029102
2 0.774687 0.396094 0.060000 0.030469
2 0.715313 0.403125 0.063125 0.032813
2 0.656406 0.406836 0.059063 0.036328
0 0.596484 0.406934 0.063281 0.036523
3 0.130547 0.041211 0.060781 0.031641
2 0.954688 0.414258 0.062500 0.031641
2 0.894531 0.414648 0.060937 0.028516
2 0.535391 0.416895 0.060469 0.036914
2 0.475000 0.420117 0.062500 0.031641
2 0.836484 0.420898 0.064531 0.029297
2 0.413594 0.425391 0.063437 0.030469
2 0.351797 0.428320 0.062031 0.036328
2 0.779141 0.427832 0.063594 0.031445
2 0.494531 0.042969 0.060937 0.031250
2 0.970859 0.044336 0.055156 0.030078
2 0.719375 0.434082 0.064375 0.032227
2 0.291563 0.434668 0.060625 0.029492
2 0.657734 0.437695 0.062656 0.027734
2 0.599531 0.440820 0.063438 0.030078
2 0.230234 0.442188 0.061406 0.032813
2 0.170547 0.444043 0.062031 0.036523
2 0.961484 0.447070 0.064531 0.034766
2 0.897656 0.448437 0.064062 0.037500
2 0.536641 0.448730 0.064219 0.030273
2 0.474453 0.451172 0.063594 0.031250
2 0.107422 0.453906 0.060156 0.036719
2 0.842187 0.453809 0.065625 0.036523
3 0.048438 0.455859 0.059375 0.032813
2 0.414922 0.455957 0.063906 0.029102
2 0.782813 0.461133 0.062500 0.035547
2 0.353594 0.462305 0.061875 0.033984
2 0.290703 0.465234 0.059531 0.032031
2 0.722656 0.466797 0.067187 0.035156
3 0.070078 0.046777 0.059844 0.031055
2 0.435234 0.048828 0.060781 0.031250
2 0.660625 0.469434 0.063125 0.036523
2 0.230156 0.475000 0.061563 0.032031
2 0.600156 0.474805 0.062188 0.035547
2 0.538594 0.480273 0.063438 0.034766
2 0.169063 0.480273 0.061875 0.034766
2 0.496875 0.072949 0.059375 0.028711
3 0.130156 0.727344 0.061562 0.040625
3 0.070000 0.729395 0.060000 0.033008
3 0.070312 0.078223 0.059375 0.031445
2 0.434766 0.079297 0.061719 0.029688
2 0.931328 0.786230 0.056094 0.037305
2 0.874687 0.792188 0.060000 0.037500
2 0.815859 0.795703 0.058906 0.036719
2 0.757812 0.801758 0.059375 0.037109
1 0.698750 0.811035 0.058750 0.036133
2 0.638516 0.814453 0.060469 0.039062
2 0.375156 0.082910 0.059063 0.033008
2 0.579531 0.821973 0.062812 0.038477
2 0.939375 0.822754 0.058750 0.040039
2 0.516797 0.827930 0.063281 0.038672
2 0.879922 0.830273 0.062031 0.039453
2 0.822031 0.832520 0.059063 0.036133
2 0.456328 0.833398 0.062344 0.037891
2 0.396797 0.837891 0.059531 0.039062
2 0.762266 0.840234 0.059844 0.039844
1 0.336406 0.843750 0.061563 0.042969
2 0.702031 0.847559 0.061562 0.038867
2 0.274453 0.849219 0.060469 0.038281
2 0.640469 0.852246 0.059687 0.040430
2 0.213281 0.854785 0.060937 0.037695
2 0.943359 0.857031 0.060156 0.034375
2 0.152578 0.858496 0.060469 0.045117
2 0.580313 0.858789 0.061250 0.037891
2 0.312422 0.087500 0.059531 0.030469
2 0.519062 0.858594 0.061875 0.033594
3 0.093984 0.862109 0.058906 0.036719
2 0.885938 0.864160 0.059375 0.033008
3 0.032109 0.867676 0.063906 0.036133
2 0.826797 0.868164 0.062031 0.033203
2 0.458594 0.870313 0.060937 0.033594
2 0.398125 0.873535 0.063125 0.032227
2 0.765313 0.875586 0.060000 0.036328
2 0.336250 0.880859 0.061875 0.035156
2 0.705000 0.883301 0.061875 0.032227
2 0.274531 0.884375 0.060312 0.034375
2 0.644297 0.890625 0.064531 0.035156
2 0.213359 0.892871 0.060781 0.039648
2 0.584453 0.894238 0.062344 0.038477
2 0.152578 0.896484 0.060469 0.035156
2 0.522188 0.897461 0.061875 0.041016
3 0.093984 0.898828 0.058906 0.035937
3 0.033281 0.905176 0.061562 0.040820
2 0.459609 0.906152 0.062031 0.038867
2 0.398359 0.909473 0.062656 0.041602
2 0.336641 0.917383 0.061094 0.037891
2 0.251875 0.092383 0.061875 0.028516
2 0.274375 0.920312 0.060625 0.035937
2 0.214375 0.928516 0.061875 0.040625
2 0.152734 0.933984 0.060156 0.039844
3 0.092188 0.936328 0.059375 0.040625
3 0.031875 0.942285 0.061250 0.033008
2 0.191562 0.099902 0.060625 0.031836
2 0.130547 0.102051 0.060781 0.028320
2 0.069687 0.107617 0.060625 0.027734
2 0.551719 0.012988 0.059063 0.025977
2 0.493906 0.013770 0.062188 0.027539
0 0.966016 0.015137 0.055469 0.030273
2 0.432422 0.016309 0.060156 0.028711
2 0.910547 0.018164 0.060156 0.032422
2 0.940391 0.183203 0.062969 0.030469
