3 0.183125 0.197070 0.061875 0.034766
3 0.124375 0.201563 0.063750 0.035938
3 0.063672 0.207227 0.060156 0.035547
3 0.426406 0.315820 0.062812 0.037891
3 0.363047 0.322461 0.064531 0.039453
3 0.303047 0.324316 0.062344 0.035352
3 0.239687 0.328125 0.061250 0.039062
3 0.176641 0.333203 0.062344 0.041406
3 0.116953 0.337500 0.062969 0.038281
3 0.056328 0.341602 0.062344 0.038672
3 0.429531 0.353613 0.056562 0.039258
3 0.367656 0.359570 0.064688 0.039453
3 0.305781 0.363867 0.060312 0.040234
3 0.245156 0.365430 0.059687 0.035547
3 0.181250 0.368359 0.065625 0.037500
3 0.122031 0.376367 0.059062 0.037891
3 0.061172 0.381152 0.062031 0.039648
3 0.429922 0.392480 0.062031 0.034961
3 0.369688 0.396289 0.063750 0.034766
2 0.307422 0.399121 0.060156 0.032617
3 0.248438 0.402637 0.059375 0.035742
3 0.186094 0.404102 0.065312 0.034766
3 0.126172 0.409570 0.057031 0.037891
3 0.067656 0.417187 0.064687 0.041406
3 0.312812 0.538184 0.065000 0.041211
3 0.248203 0.540332 0.066094 0.033789
3 0.190234 0.543848 0.066406 0.036914
3 0.125625 0.548633 0.061250 0.034766
3 0.067266 0.550195 0.059219 0.030078
3 0.252031 0.573340 0.061563 0.033398
3 0.312812 0.575293 0.061875 0.033398
3 0.190781 0.578223 0.062187 0.031445
3 0.069453 0.579590 0.061094 0.030273
3 0.131328 0.580469 0.062344 0.035937
3 0.316875 0.606543 0.063125 0.033398
3 0.254766 0.605762 0.062344 0.035742
3 0.194297 0.611133 0.058281 0.038672
3 0.075156 0.612305 0.062187 0.029297
3 0.135859 0.615234 0.062656 0.031250
3 0.548672 0.098633 0.062031 0.033203
3 0.486562 0.104590 0.061250 0.037305
2 0.425703 0.107324 0.061094 0.042773
3 0.364375 0.110547 0.061875 0.045313
3 0.301641 0.115723 0.062344 0.040039
3 0.241797 0.120605 0.060156 0.038086
3 0.182578 0.122754 0.062969 0.038477
2 0.119453 0.128906 0.057969 0.039062
2 0.059766 0.133691 0.061719 0.036914
2 0.069687 0.015039 0.060625 0.030078
3 0.550625 0.138086 0.064375 0.041797
2 0.488984 0.143457 0.062656 0.040820
3 0.427734 0.145313 0.060156 0.040625
3 0.365469 0.150391 0.062812 0.039062
3 0.304453 0.154297 0.062969 0.039062
3 0.240391 0.157031 0.062969 0.036719
3 0.179688 0.162988 0.059375 0.036914
3 0.120391 0.166211 0.059219 0.039453
2 0.062109 0.171777 0.060156 0.038867
3 0.551250 0.176563 0.063125 0.036719
2 0.490234 0.179004 0.060156 0.041602
3 0.428125 0.183301 0.062500 0.038477
3 0.365156 0.188184 0.063437 0.036523
3 0.302344 0.192188 0.060937 0.036719
3 0.242344 0.194922 0.059063 0.038281
