2 0.068125 0.733398 0.061250 0.037109
2 0.251016 0.723437 0.061406 0.037500
2 0.312109 0.717969 0.061719 0.040625
2 0.372734 0.716797 0.061094 0.039062
2 0.433359 0.712695 0.060469 0.039453
2 0.495547 0.710156 0.062969 0.036719
2 0.556875 0.706641 0.060625 0.039844
2 0.617734 0.703906 0.060469 0.037500
2 0.679141 0.700391 0.061406 0.036719
2 0.071250 0.697266 0.061250 0.035156
2 0.741250 0.695898 0.060625 0.037891
2 0.129453 0.693750 0.062031 0.034375
2 0.801797 0.692871 0.059844 0.036133
2 0.190078 0.690430 0.061406 0.033203
2 0.862500 0.690527 0.059375 0.036914
2 0.251016 0.688477 0.061406 0.033203
2 0.920859 0.685547 0.060469 0.035156
2 0.311797 0.683789 0.061094 0.034766
2 0.372500 0.682227 0.060625 0.033984
2 0.433984 0.678711 0.061719 0.033203
2 0.494922 0.674219 0.061719 0.034375
2 0.555469 0.672852 0.060937 0.033203
2 0.616641 0.666602 0.061406 0.033984
2 0.677422 0.665430 0.061094 0.032422
2 0.072500 0.663672 0.060625 0.039844
2 0.738125 0.660352 0.060625 0.034766
2 0.130156 0.659961 0.060312 0.039453
2 0.798281 0.658008 0.059062 0.035547
2 0.191484 0.655859 0.061094 0.035937
2 0.858203 0.653320 0.060156 0.033203
2 0.252109 0.653516 0.060469 0.036719
2 0.917109 0.651855 0.062344 0.032227
2 0.312188 0.650781 0.058750 0.034375
2 0.972500 0.648438 0.054375 0.031250
2 0.372344 0.647852 0.060313 0.036328
1 0.432109 0.643945 0.061094 0.036328
2 0.493984 0.641992 0.059844 0.032422
2 0.553750 0.638867 0.060625 0.034766
2 0.615078 0.635156 0.061406 0.034375
2 0.674297 0.631641 0.061094 0.033594
2 0.735156 0.627539 0.060937 0.033984
2 0.795312 0.623730 0.059375 0.033789
2 0.855000 0.619824 0.060000 0.033789
2 0.914141 0.618164 0.059531 0.033203
0 0.970859 0.613281 0.057344 0.035156
2 0.036797 0.530078 0.061094 0.041406
2 0.095625 0.528027 0.060000 0.037695
2 0.156094 0.524902 0.059062 0.036133
2 0.217656 0.519629 0.060312 0.038867
2 0.278594 0.516211 0.060312 0.037891
2 0.338359 0.511328 0.061094 0.035938
2 0.908906 0.276855 0.061562 0.036133
2 0.968125 0.273438 0.058125 0.035156
0 0.298984 0.273438 0.060469 0.031250
2 0.359922 0.268945 0.060469 0.032422
2 0.421797 0.264355 0.059219 0.029883
2 0.482734 0.261621 0.059219 0.031445
2 0.543516 0.257227 0.062031 0.032422
2 0.604766 0.256250 0.059531 0.034375
2 0.061484 0.255371 0.060469 0.032227
2 0.663828 0.254199 0.058906 0.034570
2 0.119766 0.251855 0.061406 0.035352
0 0.725781 0.250586 0.057813 0.033984
2 0.785703 0.249121 0.058906 0.033008
2 0.844063 0.245215 0.056875 0.033008
0 0.238828 0.244336 0.058906 0.030859
2 0.904766 0.243555 0.062656 0.032422
0 0.300312 0.241016 0.060000 0.033594
2 0.964141 0.239258 0.062656 0.029297
2 0.356250 0.922754 0.059375 0.037305
0 0.361484 0.238086 0.060469 0.035547
0 0.421953 0.231543 0.059531 0.033008
0 0.481172 0.231152 0.059219 0.033789
2 0.542422 0.225977 0.059844 0.036328
2 0.602500 0.222949 0.061250 0.034570
2 0.662109 0.220898 0.058594 0.034766
1 0.722734 0.219141 0.057969 0.034375
0 0.783203 0.216699 0.060156 0.035352
2 0.842422 0.212500 0.059844 0.032031
2 0.901953 0.211914 0.060156 0.033203
2 0.959453 0.207715 0.062656 0.033789
2 0.478750 0.919434 0.060625 0.036133
2 0.417344 0.918750 0.059687 0.041406
2 0.539766 0.912988 0.060781 0.037305
3 0.029219 0.122266 0.058437 0.036719
2 0.601719 0.911816 0.059687 0.035742
3 0.085391 0.119043 0.058281 0.035352
2 0.144375 0.114941 0.060625 0.035742
2 0.205938 0.109277 0.061875 0.039258
2 0.265469 0.105176 0.062188 0.035742
2 0.325859 0.102930 0.061094 0.036328
2 0.387188 0.100488 0.061875 0.037305
2 0.447109 0.097070 0.062969 0.036328
2 0.507500 0.089063 0.058750 0.040625
3 0.087891 0.085449 0.057031 0.032227
2 0.570234 0.084863 0.062344 0.037305
2 0.632344 0.083887 0.061562 0.035352
2 0.145391 0.082227 0.062656 0.034766
2 0.692344 0.081543 0.059687 0.036133
2 0.752969 0.078027 0.059063 0.035352
2 0.205547 0.077539 0.061094 0.036328
2 0.812500 0.075977 0.062500 0.035547
2 0.266641 0.073730 0.061406 0.031836
0 0.872422 0.072461 0.057344 0.034766
0 0.930937 0.070996 0.061875 0.033789
2 0.327266 0.070898 0.060781 0.030078
2 0.387109 0.066406 0.061719 0.030859
0 0.448594 0.062402 0.062812 0.031445
2 0.662500 0.905566 0.059375 0.036523
1 0.180000 0.249609 0.060000 0.035938
3 0.088984 0.051953 0.059219 0.036719
2 0.569219 0.051172 0.060313 0.030469
3 0.029453 0.087695 0.058906 0.031641
0 0.628437 0.049219 0.060000 0.030469
2 0.508906 0.056543 0.058437 0.027539
3 0.029687 0.053906 0.059375 0.036719
2 0.129062 0.730469 0.061250 0.039062
2 0.189531 0.725195 0.060312 0.037891
2 0.461250 0.506738 0.060000 0.033398
2 0.522344 0.501172 0.060313 0.036719
2 0.583750 0.496191 0.061250 0.038867
2 0.644844 0.492773 0.061562 0.037891
0 0.037031 0.492188 0.061562 0.035156
0 0.097656 0.490430 0.060937 0.034766
2 0.705469 0.488281 0.060937 0.039062
2 0.157734 0.488086 0.059219 0.035547
2 0.766172 0.487207 0.060469 0.037305
2 0.826641 0.485840 0.059531 0.036133
2 0.218047 0.484375 0.061094 0.035156
2 0.278516 0.481348 0.060156 0.037305
2 0.886641 0.479395 0.060781 0.037305
2 0.946016 0.478809 0.060781 0.038477
0 0.337891 0.476953 0.060156 0.034375
2 0.398594 0.475391 0.059687 0.033594
2 0.460078 0.470898 0.060781 0.034766
2 0.520703 0.466309 0.060156 0.032227
2 0.582422 0.462891 0.061719 0.035156
2 0.642500 0.459473 0.060000 0.034180
2 0.038359 0.458203 0.061094 0.032813
2 0.097891 0.457422 0.061406 0.034375
2 0.702344 0.456836 0.060937 0.031641
2 0.764844 0.453516 0.060937 0.030469
2 0.157656 0.454297 0.059062 0.036719
2 0.823281 0.450977 0.059062 0.031641
2 0.217891 0.450098 0.060781 0.037305
2 0.278594 0.446680 0.060312 0.036328
2 0.882188 0.445996 0.061250 0.029883
4 0.338125 0.445410 0.060625 0.034961
2 0.941563 0.445508 0.061250 0.034766
2 0.398281 0.439551 0.059063 0.034961
2 0.460000 0.436426 0.060625 0.033398
2 0.520391 0.435059 0.059531 0.036133
2 0.581172 0.429883 0.062344 0.034766
2 0.641172 0.427930 0.060469 0.034766
2 0.701094 0.424316 0.061562 0.034180
2 0.761250 0.419824 0.060000 0.035352
2 0.820859 0.418750 0.060469 0.033594
2 0.880625 0.413867 0.061250 0.031641
2 0.939766 0.412891 0.060781 0.033594
2 0.114062 0.934863 0.059375 0.036523
2 0.055234 0.933594 0.060469 0.039062
2 0.174375 0.933496 0.061250 0.035352
2 0.058750 0.317969 0.064375 0.043750
2 0.235000 0.930566 0.060625 0.037305
2 0.119531 0.312402 0.057813 0.043164
2 0.178281 0.311230 0.059687 0.037695
2 0.237500 0.308496 0.059375 0.038867
0 0.298672 0.306836 0.059844 0.038672
2 0.361328 0.302637 0.060156 0.039258
0 0.422187 0.298047 0.060000 0.040625
2 0.295938 0.927441 0.060625 0.035742
2 0.484297 0.296387 0.059219 0.040039
2 0.545312 0.293164 0.059375 0.038672
2 0.605859 0.290918 0.058594 0.039258
2 0.728047 0.286035 0.059219 0.037305
2 0.059922 0.284277 0.060469 0.029102
0 0.788047 0.283008 0.057344 0.035547
2 0.179141 0.280859 0.061406 0.032031
2 0.119609 0.278906 0.064219 0.028125
2 0.848203 0.279199 0.058906 0.035352
2 0.239453 0.276953 0.060156 0.032031
2 0.147344 0.048242 0.060312 0.036328
2 0.688594 0.046484 0.061562 0.032031
2 0.207266 0.047070 0.061406 0.034766
2 0.750234 0.046094 0.062969 0.028906
0 0.807891 0.043262 0.059531 0.030664
2 0.265469 0.043164 0.059063 0.034766
2 0.867578 0.039746 0.060156 0.029883
2 0.926953 0.038867 0.057031 0.027734
2 0.327188 0.038184 0.060625 0.033008
2 0.386406 0.034570 0.060313 0.032422
2 0.447266 0.030664 0.060156 0.032422
2 0.507734 0.026953 0.059219 0.032031
2 0.723594 0.900391 0.059687 0.039062
2 0.568125 0.023340 0.061250 0.027539
2 0.628984 0.021777 0.061094 0.030664
0 0.688359 0.019531 0.061094 0.027344
1 0.746797 0.015723 0.059219 0.031055
2 0.805859 0.014844 0.061719 0.028906
0 0.864844 0.012695 0.057813 0.025391
2 0.055859 0.899902 0.061719 0.036133
2 0.116172 0.899316 0.060469 0.037305
2 0.785078 0.898047 0.060781 0.039844
2 0.175625 0.896582 0.060625 0.034961
2 0.845156 0.894531 0.059062 0.039062
0 0.666797 0.289648 0.058594 0.038281
2 0.905156 0.890820 0.060313 0.038672
2 0.295938 0.889746 0.060625 0.036914
2 0.356406 0.888770 0.059687 0.034961
2 0.963906 0.886523 0.059062 0.039453
2 0.416250 0.882910 0.060625 0.034961
2 0.478906 0.880762 0.060937 0.035352
2 0.539453 0.877637 0.060156 0.037695
2 0.600313 0.874512 0.060000 0.036133
2 0.661094 0.868652 0.059687 0.036133
2 0.722031 0.864551 0.059687 0.036523
2 0.056953 0.864160 0.060781 0.037305
2 0.781406 0.861035 0.059688 0.035742
0 0.117344 0.860742 0.059688 0.040234
2 0.176406 0.859570 0.059063 0.038672
2 0.235781 0.858105 0.059063 0.037695
2 0.235312 0.895801 0.061250 0.032617
2 0.900000 0.854590 0.059375 0.036914
2 0.296250 0.854004 0.061250 0.038086
1 0.356250 0.851758 0.059375 0.038672
2 0.959219 0.850488 0.059062 0.037305
2 0.416094 0.848145 0.060313 0.038086
2 0.476719 0.843750 0.059687 0.039062
2 0.538359 0.838574 0.061094 0.037695
2 0.840625 0.857910 0.059375 0.038086
0 0.657969 0.833301 0.059687 0.036523
2 0.718594 0.830957 0.059063 0.037305
2 0.778516 0.826367 0.060156 0.038672
0 0.598281 0.836816 0.059063 0.037305
0 0.896562 0.819824 0.058750 0.036133
1 0.838906 0.823340 0.059062 0.036914
4 0.957031 0.814648 0.060937 0.038672
2 0.400469 0.509668 0.060313 0.035352
