2 0.351250 0.284473 0.063125 0.037695
2 0.958750 0.286133 0.063750 0.037109
2 0.900078 0.292090 0.062344 0.041211
2 0.289297 0.291992 0.058906 0.037109
2 0.229063 0.294922 0.060625 0.039062
2 0.167656 0.296582 0.058438 0.034570
2 0.840469 0.297656 0.062813 0.048438
2 0.779062 0.298438 0.060625 0.038281
2 0.717734 0.305273 0.064531 0.036328
2 0.656719 0.309863 0.058437 0.037695
2 0.598203 0.312891 0.059844 0.039844
2 0.537578 0.314453 0.062344 0.039062
2 0.474766 0.316602 0.059844 0.039453
3 0.958281 0.318750 0.061562 0.039844
2 0.414062 0.321582 0.062500 0.037695
2 0.352422 0.322266 0.063906 0.039062
2 0.291406 0.325684 0.060937 0.038086
2 0.899531 0.327930 0.060313 0.030859
2 0.172031 0.330566 0.055937 0.032227
2 0.232656 0.331250 0.062812 0.033594
1 0.779922 0.332031 0.058906 0.031250
2 0.840000 0.332910 0.060625 0.025195
2 0.719297 0.335352 0.061406 0.030078
2 0.657422 0.342676 0.057031 0.025195
2 0.537266 0.345898 0.059844 0.027734
2 0.596953 0.345703 0.059219 0.027344
2 0.478594 0.349121 0.058437 0.026367
1 0.416172 0.353711 0.061406 0.023828
2 0.355469 0.356543 0.060937 0.029492
2 0.295703 0.361426 0.061719 0.031445
2 0.232734 0.362500 0.062344 0.033594
2 0.174219 0.363867 0.057813 0.036328
2 0.940000 0.045117 0.063750 0.039453
3 0.920859 0.457813 0.061406 0.036719
2 0.859375 0.460938 0.062500 0.039062
2 0.799297 0.465430 0.063906 0.036328
2 0.739219 0.468457 0.065313 0.038477
2 0.879609 0.047754 0.059531 0.040820
2 0.677109 0.471973 0.061406 0.037695
2 0.615469 0.474316 0.062812 0.038477
2 0.553359 0.476562 0.062031 0.039062
2 0.493281 0.482227 0.063438 0.042578
2 0.430391 0.484961 0.064219 0.036328
2 0.369297 0.487988 0.061406 0.038477
2 0.819141 0.049707 0.061719 0.040820
2 0.306484 0.492188 0.062031 0.039062
2 0.917578 0.492871 0.064844 0.032617
2 0.246094 0.495703 0.060937 0.042188
2 0.858672 0.496191 0.063906 0.031445
2 0.185859 0.499805 0.059531 0.042578
2 0.798672 0.500098 0.062031 0.035352
0 0.738047 0.504590 0.064531 0.032617
2 0.125781 0.503223 0.060937 0.037695
2 0.065078 0.504883 0.063594 0.037109
2 0.677500 0.507227 0.060625 0.033984
2 0.759766 0.052441 0.061719 0.038477
2 0.699375 0.051953 0.060625 0.033594
2 0.615156 0.511523 0.063438 0.030859
2 0.554844 0.513574 0.065313 0.034961
2 0.492188 0.517285 0.062500 0.034570
2 0.433047 0.520508 0.062031 0.037109
0 0.372422 0.523340 0.061406 0.034961
2 0.916406 0.525781 0.060937 0.035937
2 0.308516 0.527051 0.064219 0.034570
2 0.858047 0.527930 0.062031 0.036328
0 0.094766 0.771582 0.060469 0.027539
2 0.034063 0.773730 0.066250 0.031836
2 0.937891 0.083301 0.061719 0.037695
0 0.878359 0.086719 0.062031 0.036719
2 0.937031 0.864648 0.063438 0.033984
2 0.875234 0.868066 0.062031 0.033008
2 0.816563 0.870508 0.060625 0.030078
2 0.755469 0.874219 0.060937 0.029687
2 0.760313 0.089160 0.060625 0.037695
1 0.819688 0.088867 0.060625 0.037109
2 0.695156 0.881836 0.059687 0.033203
2 0.635391 0.885352 0.063594 0.032422
2 0.574844 0.889062 0.059687 0.035937
0 0.512734 0.894434 0.062031 0.034961
2 0.936719 0.895605 0.064062 0.029492
2 0.452266 0.895898 0.064219 0.033984
2 0.876172 0.896680 0.057031 0.031641
0 0.699219 0.091113 0.060937 0.041602
2 0.391016 0.899023 0.061719 0.036328
2 0.330781 0.901367 0.060000 0.037109
2 0.816016 0.901172 0.061719 0.032813
2 0.755625 0.906152 0.060625 0.031055
2 0.269609 0.906348 0.061094 0.035352
2 0.210625 0.909570 0.060000 0.033984
2 0.149375 0.910254 0.060625 0.035352
2 0.089531 0.912012 0.058437 0.034961
0 0.696562 0.914258 0.060000 0.031641
2 0.031484 0.913965 0.058906 0.034961
2 0.636406 0.918750 0.061562 0.028906
0 0.574609 0.920410 0.060156 0.032227
0 0.514609 0.924805 0.061406 0.029297
2 0.455469 0.926074 0.060937 0.027930
2 0.934531 0.926074 0.059062 0.031836
2 0.392109 0.927930 0.059531 0.027734
2 0.874609 0.930078 0.060156 0.032031
2 0.814922 0.931445 0.060781 0.034766
2 0.274297 0.932227 0.061094 0.028516
2 0.332813 0.933496 0.062500 0.027148
2 0.756563 0.935156 0.061875 0.034375
2 0.639922 0.094043 0.063906 0.035742
2 0.211172 0.940430 0.062031 0.033203
2 0.694766 0.942969 0.057344 0.026563
2 0.152812 0.943164 0.060000 0.030859
2 0.037187 0.944531 0.060000 0.029687
2 0.093047 0.943848 0.061094 0.028320
1 0.634687 0.947070 0.058750 0.030859
0 0.575313 0.951367 0.058750 0.027734
2 0.514766 0.954395 0.061094 0.033789
2 0.455000 0.957031 0.061875 0.035156
2 0.580313 0.095801 0.058125 0.035352
2 0.394687 0.958496 0.060625 0.030273
2 0.334063 0.959375 0.060000 0.032031
2 0.275312 0.962793 0.058750 0.031055
2 0.216875 0.967285 0.060000 0.032227
2 0.157344 0.970898 0.060312 0.027734
2 0.095703 0.972852 0.061719 0.027734
2 0.041797 0.973926 0.057031 0.025977
2 0.936172 0.121875 0.062031 0.036719
2 0.877344 0.123828 0.060937 0.036719
2 0.818516 0.125781 0.059844 0.036719
2 0.759219 0.126465 0.062812 0.038086
2 0.697422 0.129199 0.061406 0.035742
2 0.639062 0.131641 0.062500 0.036719
2 0.580469 0.132812 0.057813 0.039062
2 0.962031 0.249023 0.060313 0.037109
2 0.901094 0.253223 0.060313 0.037695
2 0.842109 0.258789 0.059531 0.037109
2 0.781875 0.260352 0.061250 0.040234
2 0.718594 0.266211 0.062812 0.040234
2 0.657344 0.271875 0.060313 0.039844
2 0.594688 0.275195 0.060625 0.042578
2 0.536328 0.278125 0.061719 0.036719
2 0.475938 0.279004 0.060625 0.038477
2 0.414062 0.282520 0.062500 0.037695
2 0.249297 0.530664 0.063906 0.033984
2 0.798047 0.532617 0.057031 0.033984
2 0.187734 0.532617 0.058906 0.033984
0 0.737422 0.536133 0.059531 0.033203
2 0.131094 0.537598 0.062813 0.032227
0 0.069297 0.538477 0.064531 0.033984
2 0.676406 0.540820 0.062812 0.030859
0 0.616016 0.542383 0.061719 0.030078
2 0.555625 0.547266 0.060625 0.035937
1 0.494531 0.550000 0.060937 0.033594
2 0.432656 0.553223 0.062812 0.028320
2 0.371172 0.555859 0.063906 0.033594
2 0.311484 0.558887 0.061406 0.031836
2 0.252031 0.562598 0.058438 0.035352
2 0.638281 0.058301 0.060937 0.034570
2 0.192734 0.567090 0.061406 0.032617
2 0.134453 0.570020 0.059219 0.034570
2 0.073125 0.570996 0.060000 0.032617
2 0.580156 0.061035 0.058437 0.032227
2 0.936641 0.665234 0.057969 0.033594
2 0.876641 0.667285 0.059219 0.033789
2 0.816250 0.669531 0.058125 0.034375
2 0.756953 0.670996 0.061094 0.033398
2 0.695859 0.674805 0.061406 0.037109
2 0.634766 0.681152 0.058594 0.034180
2 0.573828 0.681934 0.061719 0.035742
2 0.511953 0.685352 0.060469 0.034766
2 0.449609 0.687598 0.060156 0.035352
2 0.389844 0.691113 0.060937 0.034570
2 0.326641 0.695801 0.062344 0.032227
2 0.935547 0.696777 0.060156 0.030273
2 0.265937 0.696875 0.061875 0.034375
2 0.874297 0.698047 0.060781 0.032813
2 0.815469 0.700293 0.059687 0.029492
2 0.205000 0.703027 0.061875 0.031055
2 0.754766 0.705078 0.059219 0.031250
2 0.144922 0.704199 0.060156 0.033398
2 0.694844 0.708203 0.063438 0.033594
2 0.086250 0.708594 0.058750 0.034375
2 0.028125 0.708984 0.056250 0.031250
2 0.634297 0.713184 0.059531 0.031836
2 0.572344 0.715625 0.061562 0.032813
2 0.511250 0.717480 0.061875 0.032617
2 0.450469 0.721582 0.061562 0.033008
2 0.390781 0.723828 0.062188 0.033594
2 0.933359 0.726758 0.058281 0.027734
2 0.329688 0.728418 0.062500 0.034961
2 0.872969 0.727734 0.057188 0.033594
2 0.268672 0.730566 0.062656 0.031445
2 0.814922 0.732227 0.060781 0.030859
2 0.209453 0.734570 0.062344 0.031641
2 0.147656 0.737207 0.060937 0.033008
2 0.755703 0.737207 0.060469 0.033008
2 0.030000 0.739258 0.058750 0.033203
2 0.694453 0.740039 0.061094 0.030859
0 0.089609 0.740430 0.061406 0.031641
2 0.635078 0.744336 0.061094 0.031641
2 0.573828 0.744727 0.061719 0.028516
0 0.513359 0.750684 0.060781 0.032617
2 0.452578 0.753906 0.060469 0.031250
2 0.392500 0.756152 0.058750 0.031836
2 0.331562 0.758203 0.061875 0.032031
2 0.271484 0.762500 0.060156 0.028906
1 0.214297 0.766992 0.062031 0.030078
0 0.153594 0.767188 0.058438 0.030469
