3 0.745234 0.394238 0.062344 0.035742
3 0.932344 0.582812 0.064687 0.041406
2 0.880547 0.871094 0.057969 0.039062
3 0.697656 0.807715 0.060937 0.036914
3 0.630312 0.603711 0.063750 0.034766
3 0.448750 0.823438 0.063125 0.036719
3 0.809766 0.456152 0.066406 0.036914
3 0.818750 0.631641 0.065625 0.037500
3 0.754844 0.634570 0.059687 0.035547
3 0.687188 0.461816 0.065000 0.041211
2 0.574297 0.892676 0.061094 0.042773
3 0.938828 0.618848 0.062031 0.039648
3 0.759609 0.842969 0.062969 0.036719
3 0.930547 0.420508 0.061094 0.030469
3 0.634531 0.849609 0.062812 0.039062
3 0.820312 0.837012 0.059375 0.036914
3 0.694219 0.636133 0.060313 0.040234
3 0.632344 0.640430 0.064687 0.039453
3 0.883047 0.662500 0.062969 0.038281
3 0.943672 0.658398 0.062344 0.038672
3 0.571875 0.816699 0.062500 0.038477
3 0.751563 0.597363 0.059375 0.035742
3 0.747969 0.426660 0.061562 0.033398
2 0.692578 0.600879 0.060156 0.032617
3 0.451328 0.901367 0.062031 0.033203
3 0.809219 0.421777 0.062187 0.031445
3 0.683125 0.393457 0.063125 0.033398
3 0.879609 0.833789 0.059219 0.039453
3 0.570078 0.607520 0.062031 0.034961
3 0.864141 0.384766 0.062656 0.031250
3 0.687188 0.424707 0.061875 0.033398
2 0.509766 0.820996 0.060156 0.041602
3 0.868672 0.419531 0.062344 0.035938
3 0.751797 0.459668 0.066094 0.033789
3 0.758203 0.879395 0.060156 0.038086
3 0.873828 0.590430 0.057031 0.037891
3 0.572266 0.854688 0.060156 0.040625
3 0.932734 0.449805 0.059219 0.030078
3 0.817422 0.877246 0.062969 0.038477
2 0.940234 0.866309 0.061719 0.036914
2 0.930312 0.984961 0.060625 0.030078
2 0.937891 0.828223 0.060156 0.038867
3 0.695547 0.845703 0.062969 0.039062
3 0.449375 0.861914 0.064375 0.041797
3 0.635625 0.889453 0.061875 0.045312
3 0.813906 0.595898 0.065312 0.034766
3 0.874375 0.451367 0.061250 0.034766
3 0.805703 0.388867 0.058281 0.038672
3 0.877969 0.623633 0.059062 0.037891
3 0.570469 0.646387 0.056562 0.039258
3 0.757656 0.805078 0.059063 0.038281
3 0.634844 0.811816 0.063438 0.036523
3 0.698359 0.884277 0.062344 0.040039
3 0.823359 0.666797 0.062344 0.041406
2 0.511016 0.856543 0.062656 0.040820
3 0.513437 0.895410 0.061250 0.037305
3 0.924844 0.387695 0.062187 0.029297
3 0.573594 0.684180 0.062812 0.037891
3 0.816875 0.802930 0.061875 0.034766
3 0.936328 0.792871 0.060156 0.035352
3 0.760313 0.671875 0.061250 0.039062
3 0.875625 0.798438 0.063750 0.035937
3 0.636953 0.677539 0.064531 0.039453
3 0.696875 0.675684 0.062500 0.035352
