2 0.582656 0.509863 0.059687 0.031445
2 0.161875 0.508984 0.060625 0.033594
2 0.309453 0.356836 0.059219 0.041797
2 0.309609 0.324609 0.058906 0.024219
2 0.369375 0.323242 0.061250 0.029297
2 0.489375 0.317090 0.061875 0.032617
2 0.429688 0.321680 0.062500 0.030078
1 0.020313 0.317383 0.040625 0.029297
2 0.370547 0.354492 0.062031 0.033203
2 0.129609 0.341309 0.059531 0.030273
2 0.189141 0.336914 0.059219 0.033203
0 0.249375 0.331641 0.060625 0.030469
2 0.429375 0.350977 0.063125 0.030078
0 0.069766 0.341699 0.060469 0.027148
2 0.492812 0.347461 0.061250 0.030859
2 0.020547 0.345215 0.040156 0.026367
1 0.644062 0.505469 0.061875 0.034375
2 0.639219 0.475000 0.062188 0.028125
2 0.188750 0.369434 0.060000 0.031836
2 0.249063 0.364063 0.061250 0.032813
2 0.699609 0.471289 0.060156 0.028516
2 0.129531 0.373145 0.059688 0.031445
2 0.019844 0.375879 0.038437 0.036914
2 0.068281 0.374121 0.060313 0.033398
2 0.702031 0.504590 0.061562 0.036523
2 0.462188 0.487793 0.060000 0.034180
0 0.521328 0.480762 0.060469 0.031836
2 0.580625 0.476953 0.057500 0.032031
1 0.221875 0.502734 0.059375 0.036719
2 0.401641 0.492383 0.059219 0.031641
2 0.281875 0.499805 0.061250 0.034766
2 0.342891 0.494336 0.061094 0.031641
2 0.285000 0.739551 0.061250 0.033789
2 0.101250 0.546777 0.060000 0.034961
2 0.404141 0.524902 0.060469 0.034180
2 0.463359 0.520312 0.060781 0.028906
2 0.523359 0.511816 0.059531 0.031445
2 0.042969 0.518164 0.057813 0.032422
2 0.102813 0.513086 0.060000 0.033984
2 0.523672 0.546680 0.062031 0.034766
2 0.222578 0.538477 0.061094 0.033984
2 0.282344 0.534668 0.060312 0.034180
1 0.342031 0.527930 0.062812 0.036328
2 0.584922 0.544043 0.061406 0.037305
2 0.162031 0.537891 0.060312 0.032813
2 0.646328 0.539062 0.060469 0.035156
2 0.706641 0.540527 0.061719 0.034180
2 0.345391 0.736230 0.059219 0.038867
0 0.161875 0.574219 0.060625 0.039062
2 0.464375 0.552441 0.058750 0.034570
2 0.042578 0.550684 0.058594 0.034961
2 0.222812 0.573242 0.060625 0.033203
2 0.405547 0.558789 0.060781 0.031641
2 0.283516 0.568848 0.061094 0.032227
0 0.343984 0.564355 0.062031 0.034961
0 0.047734 0.722070 0.057656 0.030078
0 0.344844 0.699902 0.057187 0.036523
2 0.042266 0.585352 0.059219 0.033984
2 0.102813 0.581055 0.060312 0.033203
0 0.106641 0.718066 0.058594 0.029883
2 0.285312 0.705566 0.060625 0.032227
0 0.165313 0.712109 0.060000 0.033594
2 0.224922 0.707812 0.059531 0.032813
2 0.323516 0.095508 0.059219 0.030859
2 0.286016 0.774414 0.062344 0.037109
2 0.225078 0.742676 0.059219 0.036133
2 0.346719 0.772461 0.059687 0.033203
0 0.165703 0.748730 0.059219 0.036523
2 0.045391 0.752930 0.059219 0.033203
2 0.105781 0.752246 0.060313 0.035742
2 0.382969 0.092285 0.059063 0.032227
2 0.105547 0.785742 0.060781 0.032422
2 0.165313 0.784277 0.060000 0.033398
2 0.224609 0.779297 0.060156 0.035156
2 0.442578 0.089648 0.058594 0.030859
2 0.045547 0.787109 0.058906 0.035156
0 0.501484 0.085645 0.059531 0.030664
2 0.560078 0.082520 0.057969 0.032227
2 0.029219 0.116992 0.057188 0.026953
2 0.204531 0.104785 0.059688 0.033789
2 0.264375 0.099219 0.058750 0.034375
2 0.504063 0.114746 0.060625 0.030273
2 0.146016 0.107422 0.057969 0.031250
2 0.087266 0.111621 0.059844 0.031836
2 0.562188 0.110645 0.056875 0.025977
2 0.325078 0.123047 0.059531 0.023438
2 0.383984 0.121387 0.060156 0.024023
2 0.443672 0.118555 0.059531 0.026172
2 0.265391 0.129688 0.059844 0.025000
2 0.487812 0.284082 0.058750 0.029102
2 0.427578 0.290918 0.060469 0.031055
2 0.368828 0.295312 0.059531 0.028125
0 0.308984 0.297949 0.060156 0.029492
2 0.249609 0.302148 0.060156 0.026172
0 0.190000 0.305566 0.060313 0.029102
1 0.131875 0.310742 0.058125 0.031641
2 0.070156 0.313281 0.059688 0.028906
2 0.385313 0.149902 0.060625 0.034180
2 0.324688 0.153613 0.060000 0.037695
1 0.147031 0.137012 0.059062 0.027930
2 0.085469 0.173047 0.060000 0.033594
2 0.265547 0.159863 0.059531 0.034570
2 0.565937 0.140625 0.058750 0.035156
2 0.028203 0.144238 0.056094 0.026758
2 0.206250 0.133398 0.059375 0.024609
2 0.206172 0.162012 0.059531 0.034961
2 0.027344 0.173828 0.054688 0.035156
2 0.145078 0.166797 0.059844 0.032812
2 0.446016 0.147461 0.061094 0.033203
2 0.086719 0.141211 0.060937 0.028516
2 0.505938 0.145020 0.060000 0.032227
