2 0.166094 0.752930 0.065000 0.033203
2 0.950000 0.754199 0.062500 0.030664
2 0.472500 0.751563 0.061250 0.032031
2 0.105469 0.750488 0.057813 0.030273
2 0.895391 0.750586 0.062344 0.033984
0 0.408828 0.748633 0.060469 0.033984
2 0.311172 0.972754 0.058906 0.027148
1 0.046875 0.745801 0.059375 0.031836
2 0.834766 0.743750 0.064844 0.032031
2 0.348750 0.743262 0.061875 0.033008
2 0.774844 0.739844 0.062812 0.032031
2 0.714219 0.735840 0.062188 0.032227
2 0.288047 0.735059 0.061406 0.029883
2 0.226797 0.732715 0.062031 0.030664
2 0.656328 0.732812 0.065469 0.030469
0 0.595000 0.728418 0.063125 0.035352
2 0.533359 0.724609 0.064531 0.035156
2 0.166719 0.722656 0.060000 0.031250
2 0.473906 0.719531 0.064687 0.033594
3 0.105469 0.719531 0.060937 0.033594
1 0.046016 0.716113 0.061094 0.032617
2 0.410781 0.713574 0.062812 0.033789
2 0.350156 0.706738 0.062188 0.035742
2 0.734063 0.969531 0.060000 0.025781
2 0.287812 0.703613 0.061875 0.030273
2 0.227344 0.700684 0.060937 0.036133
2 0.166250 0.690234 0.061250 0.029687
2 0.251172 0.966992 0.060156 0.034766
2 0.675547 0.967090 0.061406 0.026758
3 0.104922 0.685840 0.062031 0.030664
3 0.044141 0.681055 0.058594 0.032422
2 0.614453 0.964258 0.061719 0.028516
0 0.191406 0.964355 0.060937 0.036133
2 0.555547 0.960742 0.060781 0.027734
0 0.949453 0.615527 0.060469 0.030664
1 0.889766 0.613672 0.064219 0.026563
2 0.833750 0.604590 0.060625 0.029102
2 0.774687 0.603906 0.060000 0.030469
2 0.715313 0.596875 0.063125 0.032813
2 0.656406 0.593164 0.059063 0.036328
0 0.596484 0.593066 0.063281 0.036523
3 0.130547 0.958789 0.060781 0.031641
2 0.954688 0.585742 0.062500 0.031641
2 0.894531 0.585352 0.060937 0.028516
2 0.535391 0.583105 0.060469 0.036914
2 0.475000 0.579883 0.062500 0.031641
2 0.836484 0.579102 0.064531 0.029297
2 0.413594 0.574609 0.063437 0.030469
2 0.351797 0.571680 0.062031 0.036328
2 0.779141 0.572168 0.063594 0.031445
2 0.494531 0.957031 0.060937 0.031250
2 0.970859 0.955664 0.055156 0.030078
2 0.719375 0.565918 0.064375 0.032227
2 0.291563 0.565332 0.060625 0.029492
2 0.657734 0.562305 0.062656 0.027734
2 0.599531 0.559180 0.063438 0.030078
2 0.230234 0.557813 0.061406 0.032813
2 0.170547 0.555957 0.062031 0.036523
2 0.961484 0.552930 0.064531 0.034766
2 0.897656 0.551562 0.064062 0.037500
2 0.536641 0.551270 0.064219 0.030273
2 0.474453 0.548828 0.063594 0.031250
2 0.107422 0.546094 0.060156 0.036719
2 0.842187 0.546191 0.065625 0.036523
3 0.048438 0.544141 0.059375 0.032813
0 0.190391 0.930078 0.059844 0.030469
2 0.192344 0.316211 0.062187 0.035547
2 0.562188 0.310156 0.063125 0.035938
3 0.131641 0.310352 0.061719 0.031641
3 0.070391 0.306738 0.059219 0.034961
2 0.498984 0.303125 0.061406 0.038281
2 0.439453 0.298633 0.061719 0.039453
2 0.378047 0.293945 0.062656 0.037109
2 0.314297 0.290039 0.062031 0.037109
2 0.254062 0.284375 0.060625 0.036719
3 0.191953 0.279102 0.062969 0.035547
3 0.129453 0.925977 0.059844 0.030859
2 0.496875 0.927051 0.059375 0.028711
3 0.130156 0.272656 0.061562 0.040625
3 0.070000 0.270605 0.060000 0.033008
3 0.070312 0.921777 0.059375 0.031445
2 0.434766 0.920703 0.061719 0.029687
2 0.931328 0.213770 0.056094 0.037305
2 0.874687 0.207813 0.060000 0.037500
2 0.815859 0.204297 0.058906 0.036719
2 0.757812 0.198145 0.059375 0.036914
1 0.698750 0.188965 0.058750 0.036133
2 0.638516 0.185547 0.060469 0.039062
2 0.375156 0.917090 0.059063 0.033008
2 0.579531 0.178027 0.062812 0.038477
2 0.939375 0.177246 0.058750 0.040039
2 0.516797 0.172070 0.063281 0.038672
2 0.879922 0.169727 0.062031 0.039453
2 0.822031 0.167480 0.059063 0.036133
2 0.456328 0.166602 0.062344 0.037891
2 0.396797 0.162109 0.059531 0.039062
2 0.762266 0.159766 0.059844 0.039844
1 0.336406 0.156348 0.061563 0.043164
2 0.702031 0.152344 0.061562 0.038672
2 0.274453 0.150781 0.060469 0.038281
2 0.640469 0.147754 0.059687 0.040430
2 0.213281 0.145215 0.060937 0.037695
2 0.943359 0.142969 0.060156 0.034375
2 0.152578 0.141504 0.060469 0.045117
2 0.580313 0.141211 0.061250 0.037891
2 0.312422 0.912500 0.059531 0.030469
2 0.519062 0.141406 0.061875 0.033594
3 0.093984 0.137891 0.058906 0.036719
2 0.885938 0.135840 0.059375 0.033008
3 0.032109 0.132324 0.063906 0.036133
2 0.826797 0.131836 0.062031 0.033203
2 0.458594 0.129688 0.060937 0.033594
2 0.398125 0.126562 0.063125 0.032422
2 0.765313 0.124414 0.060000 0.036328
2 0.336250 0.119043 0.061875 0.034961
2 0.705000 0.116699 0.061875 0.032227
2 0.274531 0.115625 0.060312 0.034375
2 0.644297 0.109375 0.064531 0.035156
2 0.213359 0.107129 0.060781 0.039648
2 0.584453 0.105762 0.062344 0.038477
2 0.152578 0.103516 0.060469 0.035156
2 0.522188 0.102539 0.061875 0.041016
3 0.093984 0.101172 0.058906 0.035937
3 0.033281 0.094727 0.061562 0.040625
2 0.459609 0.093750 0.062031 0.038672
2 0.398359 0.090527 0.062656 0.041602
2 0.336641 0.082617 0.061094 0.037891
2 0.251875 0.907617 0.061875 0.028516
2 0.274375 0.079687 0.060625 0.035937
2 0.214375 0.071484 0.061875 0.040625
2 0.708750 0.799023 0.060625 0.030859
2 0.649844 0.794238 0.062812 0.032617
2 0.589609 0.792676 0.061406 0.031836
0 0.530703 0.787012 0.063594 0.031445
2 0.853203 0.979102 0.059219 0.030078
2 0.372109 0.977734 0.062031 0.032813
1 0.468125 0.784863 0.060625 0.031836
2 0.947578 0.784277 0.061094 0.033008
2 0.887344 0.781348 0.059688 0.031055
2 0.408047 0.780566 0.062031 0.028711
2 0.830234 0.776855 0.061406 0.032227
2 0.772344 0.773535 0.061562 0.031055
2 0.347969 0.773926 0.063437 0.030273
2 0.712187 0.769238 0.062812 0.031836
2 0.286484 0.766992 0.061406 0.032422
2 0.792969 0.974219 0.060937 0.028125
2 0.652656 0.763281 0.063438 0.032031
2 0.227891 0.761230 0.059844 0.032227
0 0.591016 0.761133 0.064844 0.032422
0 0.532422 0.758301 0.063281 0.030273
2 0.414922 0.544043 0.063906 0.029102
2 0.782813 0.538867 0.062500 0.035547
2 0.353594 0.537695 0.061875 0.033984
2 0.290703 0.534766 0.059531 0.032031
2 0.722656 0.533203 0.067187 0.035156
3 0.070078 0.953223 0.059844 0.031055
2 0.435234 0.951172 0.060781 0.031250
2 0.660625 0.530566 0.063125 0.036523
2 0.230156 0.525000 0.061563 0.032031
2 0.600156 0.525195 0.062188 0.035547
2 0.538594 0.519727 0.063438 0.034766
2 0.169063 0.519727 0.061875 0.034766
2 0.477266 0.516992 0.061094 0.032422
3 0.108203 0.514160 0.061719 0.041992
2 0.414766 0.512500 0.064219 0.033594
2 0.915547 0.950098 0.059531 0.029492
2 0.858047 0.948730 0.058906 0.028320
3 0.047109 0.508691 0.062031 0.037305
2 0.353828 0.503418 0.061094 0.032227
2 0.292344 0.499609 0.062188 0.035938
2 0.372812 0.948438 0.060625 0.028906
2 0.230000 0.491309 0.061875 0.033008
2 0.168516 0.483105 0.062969 0.033789
3 0.107656 0.481934 0.059688 0.036133
1 0.046875 0.474121 0.062500 0.032227
2 0.797813 0.945801 0.060625 0.030273
2 0.737266 0.943164 0.059844 0.027734
2 0.312188 0.942187 0.060000 0.033594
2 0.677656 0.939160 0.060313 0.027930
2 0.913359 0.410547 0.057656 0.034375
2 0.855234 0.405469 0.058281 0.036719
2 0.796328 0.399805 0.060469 0.036328
2 0.736797 0.396875 0.060781 0.030469
2 0.677734 0.389551 0.060156 0.037305
1 0.616641 0.385645 0.060469 0.037305
2 0.557031 0.381641 0.060937 0.037500
2 0.918437 0.377637 0.060000 0.033789
0 0.495391 0.375195 0.059219 0.038672
2 0.251016 0.935352 0.060469 0.031641
2 0.618750 0.935059 0.062500 0.028320
2 0.858828 0.373145 0.057344 0.034961
2 0.435391 0.371387 0.060469 0.038477
2 0.799531 0.367188 0.060313 0.035156
0 0.374297 0.365430 0.060781 0.034766
2 0.313750 0.362012 0.060000 0.033789
0 0.741172 0.361719 0.061406 0.038281
2 0.680625 0.353906 0.057500 0.034375
2 0.252188 0.353418 0.061250 0.035352
2 0.620391 0.351953 0.062344 0.038281
2 0.191328 0.350879 0.061094 0.032617
2 0.558906 0.345117 0.060313 0.036328
2 0.923281 0.343262 0.059688 0.036133
3 0.131328 0.343848 0.062344 0.031055
3 0.070078 0.338770 0.059844 0.033398
2 0.865312 0.339062 0.060000 0.040625
2 0.497188 0.339062 0.061875 0.036719
2 0.436562 0.335645 0.061250 0.035742
2 0.803594 0.331836 0.058437 0.035547
0 0.375156 0.331348 0.062188 0.036523
2 0.746328 0.325781 0.060469 0.035938
2 0.312422 0.324512 0.059531 0.038477
2 0.252188 0.322070 0.061250 0.035547
2 0.683594 0.321387 0.060937 0.040820
2 0.623047 0.316992 0.060156 0.037891
2 0.557969 0.931934 0.059063 0.030664
2 0.152734 0.066016 0.060156 0.039844
3 0.092188 0.063672 0.059375 0.040625
3 0.031875 0.057715 0.061250 0.033008
2 0.191562 0.900098 0.060625 0.031836
2 0.130547 0.897949 0.060781 0.028320
2 0.069687 0.892383 0.060625 0.027734
2 0.551719 0.987012 0.059063 0.025977
2 0.493906 0.986230 0.062188 0.027539
0 0.966016 0.984863 0.055469 0.030273
2 0.432422 0.983691 0.060156 0.028711
2 0.910547 0.981836 0.060156 0.032422
2 0.940391 0.816797 0.062969 0.030469
2 0.883125 0.810937 0.061875 0.030469
2 0.828438 0.806836 0.058750 0.030859
2 0.768594 0.804395 0.062812 0.031836
