2 0.938672 0.259277 0.057031 0.034180
2 0.879687 0.262305 0.059375 0.036328
2 0.819531 0.263281 0.060937 0.034375
2 0.759062 0.269043 0.060000 0.034180
2 0.700469 0.271289 0.058437 0.030859
2 0.639687 0.273145 0.061250 0.034570
0 0.578516 0.275000 0.061719 0.038281
2 0.517656 0.280566 0.058437 0.033789
2 0.457188 0.284863 0.060625 0.034570
0 0.396484 0.288477 0.060156 0.037891
2 0.937344 0.293848 0.056563 0.036914
2 0.335078 0.295117 0.061094 0.039453
2 0.277109 0.295508 0.061406 0.036328
2 0.878594 0.296973 0.058437 0.035352
2 0.818516 0.299805 0.059844 0.037109
1 0.610234 0.549609 0.060781 0.032813
0 0.551094 0.551465 0.060313 0.032617
2 0.490937 0.553613 0.058750 0.029102
0 0.432422 0.557324 0.060156 0.032617
2 0.372344 0.559668 0.061563 0.033398
2 0.312344 0.563477 0.059687 0.033203
2 0.935547 0.057715 0.060156 0.037305
2 0.254609 0.567090 0.056406 0.032617
2 0.875938 0.059375 0.060625 0.036719
2 0.816797 0.062500 0.060156 0.039062
2 0.759609 0.063672 0.055781 0.037500
2 0.953203 0.666895 0.059219 0.029102
2 0.894297 0.670117 0.058281 0.031641
2 0.835078 0.675977 0.057969 0.031641
2 0.775625 0.675586 0.061250 0.034766
2 0.716016 0.679688 0.061719 0.035156
2 0.655234 0.683789 0.061406 0.031641
2 0.696172 0.069531 0.060781 0.037500
2 0.593438 0.686914 0.060000 0.033984
2 0.532266 0.691211 0.060469 0.034766
2 0.473438 0.692187 0.059375 0.032813
2 0.412344 0.696191 0.060000 0.036914
2 0.952578 0.697070 0.060469 0.030859
2 0.351406 0.697754 0.059687 0.036133
2 0.892422 0.700195 0.058906 0.029297
2 0.292109 0.702344 0.059531 0.033594
2 0.637109 0.070801 0.060156 0.036133
2 0.231094 0.704590 0.059687 0.034180
2 0.835000 0.705859 0.058125 0.028906
2 0.172812 0.708691 0.057500 0.038477
2 0.775469 0.709277 0.058437 0.031836
2 0.715547 0.712109 0.059531 0.029687
2 0.653750 0.716602 0.061250 0.030859
1 0.593906 0.718750 0.059063 0.035156
2 0.534297 0.722461 0.059531 0.030859
2 0.575625 0.073438 0.058125 0.037500
2 0.474219 0.725195 0.060937 0.032422
2 0.413516 0.727539 0.060469 0.029297
1 0.951406 0.730176 0.059688 0.034570
2 0.354219 0.731543 0.060312 0.033398
2 0.891797 0.732227 0.060156 0.034766
2 0.294063 0.734180 0.058750 0.030859
2 0.833594 0.736621 0.057813 0.031836
2 0.234375 0.737305 0.059375 0.033203
2 0.775234 0.739453 0.058906 0.029687
2 0.176328 0.741895 0.056719 0.030664
2 0.715781 0.744824 0.059063 0.032617
2 0.655312 0.746973 0.061250 0.029102
2 0.595391 0.752637 0.059219 0.032617
2 0.534687 0.756445 0.058750 0.036328
2 0.475781 0.760254 0.057813 0.036133
2 0.415469 0.762012 0.059687 0.035742
2 0.515547 0.076953 0.059531 0.040625
2 0.356406 0.765430 0.059063 0.034766
2 0.296875 0.765723 0.059375 0.035352
2 0.238203 0.769629 0.061094 0.031445
2 0.179141 0.773145 0.057344 0.030664
2 0.455312 0.079590 0.061250 0.038086
2 0.397109 0.083203 0.058906 0.037500
2 0.929609 0.869727 0.062656 0.032422
2 0.867422 0.875586 0.058906 0.032422
2 0.809531 0.879590 0.059063 0.032617
2 0.748516 0.883594 0.062344 0.032813
2 0.687656 0.887891 0.058750 0.033594
2 0.629219 0.891602 0.060313 0.033203
0 0.760078 0.302832 0.061094 0.035352
2 0.157344 0.304199 0.060000 0.038086
2 0.699922 0.304883 0.059531 0.035547
2 0.640156 0.308398 0.060313 0.034766
2 0.096016 0.308789 0.064219 0.039453
2 0.039297 0.311133 0.058906 0.036328
2 0.580000 0.312500 0.061875 0.035156
2 0.518203 0.316406 0.060469 0.039062
2 0.458203 0.320898 0.061719 0.040234
1 0.398672 0.327539 0.062031 0.037891
2 0.935234 0.327930 0.057656 0.030859
2 0.338203 0.329102 0.061094 0.033203
2 0.876875 0.331152 0.058750 0.033398
2 0.280469 0.334375 0.060937 0.039844
2 0.819219 0.333789 0.058437 0.030859
2 0.760313 0.336035 0.060625 0.031445
2 0.219062 0.337500 0.061875 0.038281
2 0.699922 0.338672 0.059531 0.032813
2 0.640859 0.341016 0.058906 0.033594
2 0.160938 0.343848 0.062500 0.039258
1 0.100703 0.345215 0.060781 0.034180
2 0.580391 0.346387 0.061094 0.032617
2 0.044453 0.346777 0.061094 0.037305
1 0.521328 0.349707 0.060469 0.031445
2 0.460391 0.356348 0.060469 0.025195
2 0.401016 0.359961 0.060469 0.028516
2 0.341016 0.360938 0.061719 0.030469
2 0.282578 0.367773 0.059844 0.024609
0 0.221406 0.370996 0.060312 0.027148
2 0.163125 0.376270 0.061250 0.029883
2 0.105391 0.377539 0.061094 0.028516
2 0.046797 0.378809 0.059531 0.027148
0 0.970391 0.463672 0.059219 0.032813
2 0.912187 0.465430 0.063125 0.036328
2 0.851641 0.467285 0.062344 0.036133
2 0.792969 0.469922 0.060937 0.033594
2 0.732109 0.473340 0.060781 0.036523
2 0.671016 0.477344 0.061094 0.040625
2 0.611563 0.481152 0.061250 0.036523
2 0.551094 0.484375 0.060313 0.035156
2 0.488984 0.486816 0.059531 0.036133
2 0.428984 0.491309 0.060781 0.037305
2 0.367812 0.494238 0.061250 0.035352
2 0.306953 0.495312 0.061094 0.037500
0 0.969219 0.496973 0.061562 0.033008
2 0.908750 0.500781 0.060625 0.032813
2 0.248047 0.499609 0.057031 0.038281
2 0.849609 0.501270 0.060156 0.033789
2 0.791875 0.504004 0.060000 0.035352
2 0.730547 0.509473 0.060781 0.034570
0 0.671797 0.511719 0.059531 0.035156
2 0.610469 0.514746 0.060313 0.033398
2 0.550781 0.519141 0.060937 0.034375
0 0.490859 0.520801 0.058906 0.033789
2 0.430312 0.523828 0.061250 0.035937
2 0.368672 0.528516 0.059531 0.033594
2 0.968359 0.529004 0.060156 0.030664
0 0.908359 0.530566 0.058281 0.029883
2 0.308828 0.530859 0.060469 0.038281
2 0.848750 0.534863 0.061875 0.030664
2 0.251484 0.533691 0.056406 0.036133
2 0.790234 0.537988 0.060156 0.029102
1 0.731250 0.542383 0.059375 0.030078
2 0.670781 0.544824 0.061562 0.031055
2 0.568594 0.893457 0.059687 0.033008
2 0.508906 0.897168 0.060313 0.032617
2 0.927734 0.900879 0.060156 0.028320
2 0.447422 0.901563 0.061406 0.033594
2 0.385156 0.903027 0.060937 0.032617
0 0.868828 0.907324 0.059219 0.029492
2 0.325078 0.907813 0.059219 0.034375
2 0.266719 0.908594 0.060312 0.032031
2 0.808516 0.910937 0.057969 0.028906
0 0.206797 0.911328 0.058281 0.033594
2 0.146094 0.912695 0.060937 0.032422
2 0.086094 0.915039 0.059062 0.033203
2 0.748984 0.915332 0.061406 0.029883
2 0.028125 0.916016 0.056250 0.031250
2 0.688984 0.919043 0.059531 0.029492
2 0.629297 0.921680 0.060156 0.030859
2 0.568750 0.923145 0.059375 0.029883
2 0.508516 0.926758 0.061094 0.029297
2 0.449609 0.930664 0.060156 0.029297
0 0.926953 0.933789 0.058594 0.031641
2 0.389922 0.934863 0.060781 0.029883
2 0.866250 0.936035 0.061250 0.028320
2 0.933359 0.094727 0.058281 0.033203
2 0.873906 0.095117 0.061562 0.033984
2 0.808594 0.937793 0.057813 0.027930
2 0.329609 0.938281 0.059531 0.028906
2 0.268984 0.940527 0.062031 0.029492
2 0.208750 0.940039 0.057500 0.028516
2 0.150156 0.941211 0.059062 0.030859
2 0.749453 0.942187 0.060469 0.025000
2 0.091563 0.944336 0.060625 0.029297
0 0.688750 0.948535 0.060000 0.029883
2 0.629375 0.952246 0.060000 0.029492
2 0.568594 0.954590 0.059687 0.030273
1 0.510234 0.957031 0.060781 0.031250
0 0.451172 0.960059 0.060156 0.029492
2 0.392656 0.963867 0.061563 0.029297
2 0.330937 0.967578 0.060000 0.028906
2 0.271953 0.969043 0.059219 0.031836
2 0.154062 0.969922 0.060625 0.029687
0 0.211875 0.970605 0.057500 0.031055
2 0.095000 0.973242 0.060000 0.028516
2 0.036406 0.975586 0.058437 0.029297
2 0.816563 0.097363 0.060625 0.042383
2 0.757109 0.101074 0.060781 0.038086
2 0.636953 0.106152 0.060469 0.036523
2 0.696406 0.105371 0.060313 0.034961
0 0.576406 0.109277 0.059687 0.034961
2 0.517266 0.115527 0.059219 0.035742
2 0.457734 0.118164 0.062656 0.037109
2 0.397266 0.121191 0.058594 0.039258
2 0.933203 0.126953 0.058594 0.035156
2 0.873203 0.129785 0.059844 0.033008
0 0.814453 0.134277 0.061719 0.034180
2 0.757031 0.135937 0.060937 0.033594
0 0.696562 0.140527 0.060000 0.031055
0 0.637188 0.140527 0.060000 0.034961
0 0.577656 0.144043 0.060313 0.038086
2 0.517578 0.144336 0.061719 0.034766
2 0.459297 0.153711 0.059531 0.030078
0 0.398906 0.156641 0.058438 0.032031
2 0.032813 0.948047 0.059375 0.032813
2 0.217109 0.299023 0.062656 0.039453
