2 0.797500 0.157324 0.061250 0.036914
3 0.429453 0.200391 0.062969 0.036719
3 0.181406 0.112988 0.062187 0.035742
3 0.305312 0.153027 0.061250 0.033789
3 0.791250 0.230859 0.061250 0.038281
3 0.366875 0.158887 0.066250 0.037695
2 0.973125 0.175293 0.053750 0.043945
3 0.554453 0.134668 0.062969 0.039258
3 0.550781 0.211816 0.064062 0.041211
1 0.613516 0.015820 0.060469 0.030859
3 0.735703 0.189160 0.066094 0.035742
3 0.431953 0.160156 0.064219 0.038672
2 0.306719 0.115430 0.061563 0.038672
2 0.907891 0.241504 0.062344 0.036523
3 0.365156 0.193848 0.063437 0.034180
3 0.852812 0.198437 0.063125 0.040625
3 0.181484 0.181152 0.062031 0.036133
3 0.552891 0.173437 0.062969 0.039844
3 0.850000 0.238281 0.059375 0.042969
3 0.245000 0.113965 0.063437 0.037695
2 0.673047 0.021094 0.060156 0.032031
3 0.490625 0.169922 0.062500 0.038672
3 0.181641 0.145605 0.061719 0.033008
3 0.488516 0.207422 0.060469 0.038281
3 0.305156 0.189258 0.061563 0.035547
2 0.967578 0.245703 0.061719 0.039844
2 0.244688 0.150098 0.063750 0.035742
2 0.912734 0.206738 0.062031 0.035742
3 0.673672 0.184668 0.065156 0.036914
2 0.737266 0.150781 0.066094 0.038281
2 0.676797 0.146289 0.065156 0.039453
2 0.968906 0.045898 0.059062 0.037109
2 0.856406 0.161914 0.062187 0.039453
2 0.244453 0.185547 0.061094 0.035156
3 0.610234 0.217578 0.067031 0.045313
0 0.851719 0.034961 0.059062 0.035547
3 0.362969 0.332715 0.064688 0.041602
3 0.369297 0.120703 0.064531 0.039844
3 0.794063 0.193945 0.065000 0.041797
3 0.492969 0.131445 0.064062 0.041797
3 0.730938 0.227930 0.063125 0.044141
2 0.732734 0.024414 0.059531 0.033203
3 0.670469 0.221875 0.062188 0.040625
3 0.430625 0.126367 0.063750 0.040234
2 0.916406 0.169336 0.060937 0.040234
3 0.613203 0.176855 0.064219 0.036914
2 0.792969 0.030176 0.060937 0.033398
3 0.615859 0.139258 0.065156 0.041797
3 0.301641 0.324902 0.059219 0.037695
2 0.969844 0.211914 0.060313 0.033203
0 0.910781 0.040430 0.059688 0.036328
3 0.545781 0.381543 0.061562 0.041602
2 0.837266 0.644043 0.059844 0.036133
3 0.541484 0.554590 0.067031 0.043164
3 0.413672 0.581348 0.066406 0.040430
3 0.488203 0.340527 0.064219 0.037695
2 0.850391 0.405762 0.058594 0.036133
3 0.716484 0.636328 0.063906 0.035937
3 0.605781 0.419434 0.063438 0.040039
3 0.658047 0.629980 0.065156 0.040820
3 0.729688 0.429199 0.062500 0.040039
3 0.729922 0.394629 0.065156 0.042773
3 0.476484 0.587500 0.068906 0.035937
3 0.900703 0.614648 0.061094 0.040234
3 0.669219 0.387695 0.064687 0.041016
2 0.967734 0.414160 0.058281 0.038867
3 0.413672 0.615137 0.066406 0.043164
3 0.778594 0.638184 0.061562 0.032227
3 0.415000 0.552051 0.063750 0.040430
2 0.972422 0.379785 0.055156 0.037305
3 0.658672 0.596387 0.067031 0.041602
3 0.795312 0.365332 0.062500 0.034961
2 0.421875 0.405859 0.062500 0.032031
3 0.960938 0.617480 0.059375 0.034570
3 0.720000 0.603516 0.063125 0.035156
3 0.475000 0.619922 0.065625 0.037500
3 0.597422 0.594824 0.067656 0.040820
3 0.669453 0.354492 0.064219 0.041016
3 0.301172 0.363086 0.063281 0.039453
3 0.536484 0.622559 0.067656 0.043945
3 0.360938 0.399707 0.062500 0.032617
3 0.780859 0.608008 0.063281 0.033984
3 0.476875 0.557324 0.065000 0.041602
3 0.896328 0.647656 0.060469 0.036719
3 0.732109 0.358887 0.067031 0.043945
2 0.963984 0.449414 0.059531 0.038672
3 0.545078 0.418359 0.062969 0.038281
3 0.667891 0.424805 0.064219 0.041016
3 0.595625 0.628125 0.065000 0.036719
3 0.538047 0.589746 0.067656 0.043164
3 0.547813 0.344434 0.060625 0.037695
2 0.915469 0.373437 0.059688 0.038281
3 0.607578 0.349414 0.066094 0.039453
2 0.906250 0.581055 0.059375 0.037109
3 0.426016 0.338281 0.063906 0.038281
3 0.846641 0.576465 0.062969 0.038477
3 0.788438 0.435937 0.060625 0.038281
3 0.954297 0.650879 0.060156 0.038086
3 0.423906 0.373437 0.064688 0.034375
2 0.841797 0.610547 0.060156 0.036719
3 0.790859 0.400488 0.062031 0.034961
3 0.486406 0.377344 0.064687 0.038281
3 0.963906 0.583496 0.059688 0.036133
3 0.606953 0.384570 0.064219 0.039453
3 0.484844 0.409473 0.061562 0.036523
3 0.904687 0.443652 0.059375 0.038477
2 0.909688 0.409082 0.058750 0.036914
3 0.846172 0.440332 0.057656 0.037305
2 0.855078 0.367969 0.061719 0.037500
3 0.362266 0.366406 0.062969 0.040625
3 0.299141 0.397461 0.061094 0.033203
