2 0.313594 0.341211 0.060312 0.033984
2 0.251094 0.343066 0.060312 0.037695
2 0.191484 0.348340 0.060781 0.036523
2 0.129453 0.350781 0.059844 0.037500
2 0.070391 0.355859 0.059219 0.035938
2 0.947813 0.446387 0.051250 0.033398
2 0.891328 0.447656 0.051719 0.035938
2 0.832656 0.451367 0.059688 0.035547
2 0.773750 0.456250 0.058750 0.033594
1 0.716250 0.456836 0.058125 0.034766
2 0.656562 0.461719 0.058750 0.036719
2 0.597891 0.464941 0.057344 0.035352
2 0.537578 0.469629 0.059219 0.036914
0 0.477734 0.471289 0.060156 0.036328
2 0.373281 0.337891 0.059687 0.035156
2 0.953906 0.479199 0.051562 0.036523
2 0.357109 0.480273 0.060781 0.034766
2 0.296172 0.482129 0.060781 0.038477
2 0.894922 0.480859 0.057031 0.035938
2 0.836250 0.486035 0.058750 0.034570
2 0.236328 0.485547 0.058594 0.037500
2 0.778750 0.489453 0.058125 0.033594
2 0.176641 0.491113 0.059219 0.036914
2 0.718750 0.490137 0.056250 0.034961
2 0.117109 0.492480 0.059531 0.035742
2 0.658438 0.497949 0.061250 0.034961
2 0.057344 0.496875 0.060313 0.036719
0 0.599219 0.500293 0.057813 0.035742
2 0.538750 0.502734 0.060000 0.036719
2 0.478828 0.504980 0.061094 0.033398
2 0.958437 0.508887 0.051875 0.037305
2 0.417578 0.509375 0.061719 0.034375
2 0.899453 0.512500 0.054219 0.040625
2 0.357422 0.514258 0.060156 0.036328
2 0.296094 0.516504 0.060937 0.036914
2 0.839375 0.517188 0.058750 0.038281
2 0.235859 0.518848 0.059531 0.033789
2 0.782422 0.522363 0.057031 0.036914
2 0.176797 0.523535 0.058906 0.035352
2 0.721484 0.527148 0.060156 0.034766
2 0.115469 0.526563 0.059688 0.033594
2 0.055781 0.530469 0.060313 0.033594
2 0.662031 0.532617 0.060313 0.033984
2 0.601016 0.536328 0.060469 0.033594
2 0.541719 0.538379 0.060313 0.033789
2 0.480781 0.540820 0.060313 0.038672
2 0.418359 0.544043 0.060156 0.041211
2 0.809453 0.054980 0.052969 0.031836
2 0.357266 0.549707 0.060469 0.036914
2 0.296563 0.551953 0.060000 0.037500
2 0.236719 0.555762 0.060937 0.037305
2 0.174844 0.558008 0.059688 0.033984
2 0.115391 0.562207 0.059844 0.038477
2 0.053984 0.564355 0.060781 0.034961
2 0.752031 0.057617 0.055312 0.033203
2 0.694063 0.059961 0.055625 0.033984
2 0.635547 0.063184 0.057031 0.032617
2 0.921250 0.642285 0.057500 0.034570
2 0.575000 0.066113 0.056250 0.030664
2 0.865859 0.646875 0.055781 0.035937
2 0.808203 0.649414 0.055469 0.037109
2 0.749609 0.654297 0.057031 0.039062
2 0.691563 0.659570 0.060625 0.037891
2 0.630469 0.663574 0.057813 0.038086
1 0.187031 0.892578 0.060312 0.039062
2 0.727656 0.893750 0.060313 0.037500
2 0.126406 0.897461 0.059688 0.037109
2 0.755469 0.089063 0.057813 0.033594
2 0.695937 0.090820 0.055000 0.033203
2 0.067031 0.899805 0.059688 0.037891
2 0.667578 0.899805 0.055469 0.037891
2 0.608437 0.905078 0.061250 0.036719
2 0.548594 0.910352 0.059063 0.035547
2 0.488906 0.914062 0.059687 0.035156
2 0.907734 0.916406 0.056406 0.039844
0 0.427500 0.918359 0.060625 0.035937
2 0.101484 0.094043 0.059531 0.031836
2 0.367344 0.920508 0.059063 0.036328
2 0.416875 0.475391 0.060000 0.036719
2 0.307656 0.923730 0.059687 0.034961
2 0.246563 0.925684 0.060000 0.034961
2 0.789687 0.926172 0.058125 0.039844
2 0.185938 0.929297 0.059375 0.034375
2 0.729688 0.931836 0.062500 0.035547
2 0.126562 0.931543 0.059375 0.034961
2 0.067969 0.933887 0.060937 0.031836
2 0.670391 0.935547 0.056094 0.035156
2 0.637500 0.094434 0.056250 0.032617
2 0.610313 0.940625 0.060625 0.033594
2 0.549844 0.946094 0.059687 0.036719
2 0.489687 0.949609 0.061250 0.039844
2 0.428125 0.955078 0.059375 0.039062
2 0.369531 0.956836 0.060937 0.038672
2 0.577969 0.096973 0.056562 0.033789
1 0.042266 0.097266 0.059219 0.034375
2 0.307188 0.959375 0.060625 0.039844
2 0.246563 0.963672 0.060000 0.040625
2 0.187031 0.965039 0.060312 0.039453
2 0.126406 0.968164 0.059688 0.041797
2 0.065781 0.970703 0.062187 0.042969
4 0.518125 0.099219 0.057500 0.034375
2 0.457578 0.104199 0.056719 0.032617
2 0.398203 0.106738 0.059844 0.033789
2 0.337969 0.109961 0.058438 0.032422
2 0.279609 0.112109 0.059531 0.028906
2 0.218672 0.117578 0.059531 0.035938
2 0.818359 0.118945 0.053906 0.034766
2 0.759687 0.120703 0.058750 0.034375
2 0.159297 0.122656 0.059531 0.034375
2 0.698359 0.121777 0.056406 0.036523
2 0.850156 0.921875 0.062187 0.039062
2 0.640625 0.126367 0.056250 0.033984
2 0.040234 0.128223 0.060156 0.029883
1 0.579688 0.128711 0.056250 0.034766
2 0.519609 0.131543 0.057656 0.036523
0 0.460000 0.136035 0.058125 0.033789
0 0.398984 0.140625 0.058281 0.035156
2 0.339297 0.143848 0.058906 0.033789
2 0.279141 0.144922 0.060469 0.035938
2 0.218438 0.150195 0.060312 0.034766
2 0.159531 0.153613 0.059062 0.033789
0 0.100078 0.156543 0.059219 0.035742
2 0.040078 0.160840 0.060469 0.036523
2 0.099141 0.123242 0.057969 0.031641
2 0.904531 0.248145 0.053438 0.027539
2 0.847109 0.249414 0.055781 0.033984
2 0.789297 0.253613 0.055781 0.034570
2 0.730234 0.256738 0.055156 0.033008
2 0.672969 0.259570 0.057188 0.034766
2 0.611797 0.262988 0.054531 0.033789
2 0.552891 0.264746 0.056719 0.033398
0 0.491016 0.268066 0.058594 0.032227
0 0.433281 0.270605 0.058437 0.033398
2 0.371719 0.272559 0.059687 0.033398
0 0.312344 0.276758 0.059687 0.033984
2 0.910156 0.279492 0.054688 0.031641
2 0.852812 0.282227 0.053750 0.033203
2 0.252891 0.282324 0.059844 0.033398
2 0.793750 0.284473 0.053125 0.033789
2 0.735547 0.285449 0.053906 0.027930
2 0.192656 0.286523 0.058438 0.033984
0 0.132109 0.288770 0.060781 0.034570
2 0.674922 0.292773 0.056406 0.030859
2 0.073281 0.293262 0.059688 0.035742
2 0.615156 0.293164 0.054063 0.031641
0 0.554609 0.295508 0.056406 0.032422
2 0.494609 0.299805 0.054531 0.033203
2 0.433594 0.302734 0.057813 0.035156
2 0.373672 0.303418 0.058906 0.032617
2 0.312969 0.309277 0.058438 0.032617
2 0.914609 0.308887 0.052031 0.035742
2 0.252109 0.311523 0.058281 0.029297
2 0.857109 0.312402 0.054531 0.034961
2 0.797734 0.315430 0.054531 0.033203
2 0.737734 0.316504 0.055781 0.035352
2 0.191719 0.316113 0.060312 0.034570
2 0.132266 0.319727 0.060469 0.033984
2 0.677109 0.321973 0.055156 0.034570
2 0.071875 0.322559 0.059375 0.031836
2 0.616406 0.323535 0.054688 0.033789
2 0.556016 0.327539 0.056719 0.033984
2 0.495234 0.330371 0.056406 0.035742
2 0.434922 0.332715 0.058281 0.032617
2 0.570937 0.667480 0.058125 0.038086
2 0.511016 0.671289 0.059219 0.037891
2 0.451328 0.672266 0.059844 0.035937
2 0.926797 0.676367 0.055781 0.032422
2 0.390469 0.676562 0.059687 0.040625
2 0.869844 0.680176 0.054063 0.036133
2 0.330234 0.682227 0.061406 0.040234
2 0.515703 0.067480 0.059219 0.033398
2 0.811953 0.684180 0.054219 0.040234
1 0.270156 0.685059 0.059687 0.038086
2 0.210781 0.688379 0.059688 0.036914
2 0.752656 0.689941 0.057188 0.036133
2 0.694375 0.693066 0.058125 0.034570
2 0.151406 0.692285 0.059688 0.036914
2 0.092031 0.696289 0.059688 0.037109
2 0.633281 0.696191 0.058437 0.036914
1 0.031797 0.698633 0.058281 0.037891
2 0.573828 0.701660 0.058594 0.036133
0 0.457109 0.071289 0.057656 0.033203
2 0.512109 0.704492 0.060156 0.033984
2 0.453281 0.708691 0.059063 0.034570
2 0.933672 0.709277 0.054531 0.039648
2 0.391953 0.712891 0.059844 0.039062
2 0.874922 0.712207 0.053281 0.037695
2 0.332578 0.715723 0.059844 0.036914
2 0.814844 0.717578 0.054688 0.036719
2 0.270313 0.720117 0.059375 0.033984
2 0.755781 0.722363 0.057188 0.034570
2 0.210703 0.723047 0.059844 0.035937
2 0.150469 0.724512 0.058438 0.034961
2 0.694922 0.725781 0.060156 0.037500
2 0.091172 0.728125 0.061406 0.030469
2 0.635938 0.731348 0.059375 0.036914
2 0.031250 0.732715 0.059375 0.031836
2 0.575469 0.733887 0.058437 0.038086
2 0.514062 0.739746 0.059375 0.038086
2 0.397187 0.076270 0.058750 0.035352
2 0.454219 0.743652 0.060313 0.038086
2 0.393359 0.747852 0.060156 0.038672
2 0.332031 0.752344 0.060937 0.035937
2 0.270859 0.753418 0.061406 0.038086
2 0.211484 0.759961 0.061406 0.039453
2 0.149375 0.762500 0.060625 0.040625
2 0.089609 0.764258 0.061406 0.040234
2 0.029844 0.768164 0.059062 0.040234
2 0.337266 0.079004 0.059844 0.033008
0 0.278594 0.081641 0.058438 0.034375
2 0.218672 0.084863 0.059531 0.033008
2 0.898047 0.848828 0.053906 0.037500
2 0.841094 0.855078 0.058437 0.038281
2 0.783125 0.856055 0.055625 0.036328
2 0.813281 0.088184 0.054688 0.031836
2 0.725000 0.860254 0.059375 0.033008
2 0.665469 0.866602 0.056562 0.037891
2 0.605469 0.870313 0.060937 0.037500
2 0.546875 0.875000 0.059375 0.035156
2 0.486094 0.879102 0.059063 0.035547
2 0.159531 0.089453 0.059062 0.034375
2 0.901953 0.883398 0.055469 0.036328
2 0.426953 0.884570 0.058594 0.034766
2 0.366406 0.884570 0.060937 0.038672
2 0.845938 0.886230 0.058125 0.034180
2 0.787656 0.890039 0.059063 0.037891
2 0.306406 0.889648 0.059063 0.037109
2 0.246406 0.892578 0.060312 0.039062
