2 0.588047 0.965723 0.060469 0.029492
2 0.647344 0.961426 0.060313 0.030273
2 0.041563 0.621582 0.064375 0.038086
2 0.100469 0.620605 0.063437 0.036133
1 0.156875 0.615820 0.060625 0.033984
2 0.217109 0.613477 0.059219 0.034766
2 0.275547 0.609277 0.060469 0.035352
2 0.045703 0.959863 0.060156 0.037305
2 0.335313 0.604590 0.061250 0.036914
0 0.396094 0.602051 0.060937 0.034180
0 0.457344 0.597266 0.061562 0.035937
0 0.515703 0.593750 0.059531 0.035156
2 0.036094 0.591504 0.062813 0.031836
2 0.105547 0.958691 0.061094 0.035742
2 0.708594 0.957129 0.060937 0.031055
0 0.577891 0.589453 0.062031 0.035937
2 0.095391 0.585449 0.062656 0.036133
0 0.637969 0.585059 0.060313 0.036914
2 0.153750 0.581445 0.060625 0.036328
2 0.213672 0.581445 0.061719 0.032422
1 0.698750 0.580469 0.060000 0.038281
2 0.759687 0.577539 0.060000 0.036328
2 0.271875 0.573828 0.059375 0.035937
2 0.820781 0.572070 0.060313 0.039453
2 0.332500 0.570996 0.061875 0.033789
2 0.162656 0.956543 0.062813 0.036133
2 0.394062 0.569336 0.060000 0.033203
2 0.881719 0.568555 0.060313 0.038672
2 0.454766 0.565430 0.062656 0.033203
2 0.941406 0.564844 0.060937 0.038281
2 0.514375 0.558105 0.060000 0.036133
0 0.576719 0.555762 0.062812 0.029102
2 0.031953 0.555371 0.063906 0.037695
2 0.639062 0.551074 0.059375 0.034570
2 0.769297 0.953516 0.060469 0.030469
2 0.222031 0.953418 0.059687 0.038477
0 0.089297 0.549316 0.059844 0.038086
2 0.699062 0.545996 0.060625 0.033008
2 0.149219 0.545996 0.060937 0.036914
2 0.761016 0.544531 0.059531 0.035937
0 0.209297 0.544531 0.059219 0.039844
2 0.819922 0.538867 0.061719 0.035547
2 0.268594 0.539160 0.062188 0.038867
2 0.330781 0.537207 0.061563 0.038867
2 0.881875 0.537012 0.060625 0.035352
2 0.389922 0.531543 0.061094 0.042383
2 0.941953 0.529980 0.058906 0.033789
0 0.450938 0.529004 0.061250 0.039648
2 0.513047 0.523047 0.060469 0.039844
0 0.574375 0.521094 0.061250 0.039844
2 0.636797 0.517578 0.061094 0.039062
2 0.698906 0.513086 0.060313 0.044141
2 0.282734 0.950879 0.062344 0.039648
2 0.829922 0.949902 0.059844 0.029883
2 0.760859 0.510938 0.059219 0.044531
2 0.820937 0.505762 0.060625 0.043164
2 0.882031 0.500781 0.060937 0.037500
2 0.943125 0.495996 0.058125 0.035352
2 0.344375 0.946973 0.063750 0.035742
2 0.891328 0.944629 0.060781 0.028711
3 0.950391 0.943359 0.060156 0.027344
2 0.402578 0.943262 0.061406 0.035352
2 0.463281 0.942480 0.060937 0.036914
2 0.063125 0.419922 0.060625 0.035156
2 0.121406 0.416895 0.061563 0.037305
2 0.683828 0.167480 0.061406 0.036133
2 0.256484 0.164551 0.059844 0.034180
2 0.743516 0.163672 0.058906 0.035938
2 0.805625 0.161719 0.061250 0.035938
2 0.318906 0.160938 0.062812 0.033594
3 0.891172 0.914160 0.060469 0.034961
1 0.865938 0.157812 0.060000 0.035938
2 0.377812 0.156348 0.061875 0.034961
3 0.926797 0.154688 0.059844 0.038281
2 0.438750 0.151172 0.061875 0.033594
2 0.074687 0.146094 0.058750 0.035938
2 0.499453 0.144922 0.061406 0.038281
2 0.560859 0.140527 0.062344 0.035352
2 0.134844 0.139648 0.060312 0.037109
2 0.683984 0.133887 0.061719 0.033008
2 0.255000 0.130664 0.060000 0.039453
2 0.744453 0.129590 0.060781 0.033789
2 0.315703 0.125684 0.062656 0.037695
2 0.805391 0.124121 0.060781 0.033008
1 0.865938 0.123535 0.060000 0.034180
3 0.927812 0.118750 0.061875 0.035937
2 0.437109 0.116602 0.061719 0.040234
2 0.497891 0.109375 0.061406 0.039062
2 0.621563 0.101074 0.061875 0.036133
2 0.196250 0.135645 0.061250 0.037305
2 0.682500 0.097754 0.061875 0.038867
2 0.375703 0.119238 0.060781 0.038867
2 0.743203 0.092969 0.061406 0.036719
2 0.559453 0.104395 0.062656 0.037305
2 0.927578 0.083008 0.061406 0.037109
2 0.865859 0.086523 0.059844 0.037891
1 0.042578 0.020801 0.060156 0.040430
2 0.100781 0.017676 0.060937 0.034961
2 0.708437 0.985254 0.060625 0.029492
0 0.225391 0.983887 0.063281 0.028320
0 0.768906 0.981641 0.059687 0.028906
1 0.136094 0.817285 0.059688 0.033398
2 0.621250 0.136914 0.061250 0.034766
0 0.195938 0.815625 0.057500 0.032813
2 0.254219 0.811719 0.058438 0.032813
2 0.805703 0.089844 0.061406 0.039062
2 0.373594 0.805566 0.059687 0.033398
2 0.078281 0.821973 0.059688 0.031836
2 0.312422 0.807520 0.059219 0.033398
2 0.285234 0.979980 0.064219 0.028320
2 0.433125 0.802734 0.060000 0.031250
2 0.554063 0.794629 0.061250 0.035742
0 0.074687 0.791016 0.058750 0.031250
2 0.614453 0.789551 0.060156 0.038086
2 0.494062 0.796973 0.060000 0.034961
2 0.675781 0.786426 0.060937 0.036523
1 0.829531 0.978418 0.059062 0.031445
2 0.191484 0.783594 0.057969 0.030469
2 0.132344 0.787891 0.058438 0.029687
3 0.795703 0.780762 0.060156 0.036133
2 0.736094 0.784082 0.059687 0.037305
0 0.248984 0.779297 0.060469 0.031250
2 0.310391 0.774609 0.058281 0.032813
3 0.858516 0.773242 0.063906 0.039453
3 0.920000 0.766406 0.061875 0.041406
2 0.369453 0.771387 0.060781 0.031445
0 0.430469 0.769531 0.060937 0.031250
2 0.345859 0.977148 0.057344 0.030078
2 0.491328 0.764453 0.060781 0.033594
2 0.552344 0.760254 0.060937 0.034180
2 0.068672 0.758301 0.059219 0.038086
2 0.127656 0.756250 0.058438 0.038281
2 0.613203 0.756641 0.060781 0.033594
2 0.674141 0.753320 0.060781 0.032422
2 0.187031 0.750977 0.058438 0.037109
2 0.735156 0.749219 0.060937 0.032813
2 0.246953 0.746191 0.059531 0.034961
2 0.404687 0.974512 0.062500 0.031445
2 0.889531 0.974121 0.060313 0.032227
3 0.857969 0.740137 0.065938 0.043164
3 0.796328 0.745605 0.061406 0.036133
2 0.307969 0.741895 0.059687 0.035742
2 0.367891 0.738574 0.060781 0.034570
2 0.429063 0.735645 0.061250 0.036523
3 0.920625 0.734180 0.063125 0.039453
2 0.490078 0.731738 0.061406 0.036523
2 0.465234 0.972656 0.061719 0.031250
2 0.611953 0.721973 0.061406 0.036523
2 0.551016 0.726074 0.061406 0.036133
2 0.673047 0.719434 0.061719 0.037695
2 0.735156 0.715332 0.060937 0.038086
3 0.796328 0.710645 0.061406 0.035742
3 0.948828 0.970801 0.060156 0.031055
3 0.856641 0.704395 0.066406 0.040430
3 0.920156 0.700488 0.062187 0.036523
2 0.179688 0.412793 0.062500 0.037695
2 0.238750 0.407129 0.061875 0.037305
2 0.297969 0.402637 0.061563 0.038477
2 0.525469 0.968457 0.060313 0.031836
2 0.357969 0.396387 0.062812 0.039258
2 0.416563 0.392480 0.061250 0.039258
2 0.477109 0.388379 0.060469 0.035742
2 0.057969 0.387695 0.062813 0.033203
4 0.536797 0.384375 0.061094 0.035938
2 0.114844 0.383789 0.060937 0.033203
2 0.599531 0.379883 0.061562 0.037109
2 0.174844 0.377930 0.062188 0.033203
2 0.659922 0.375488 0.060469 0.038086
2 0.524219 0.935645 0.060937 0.034961
2 0.234063 0.373633 0.061875 0.033984
2 0.720703 0.372363 0.060156 0.036523
2 0.780156 0.369531 0.060313 0.034375
2 0.294219 0.368359 0.063437 0.032813
2 0.840781 0.365820 0.059688 0.033984
2 0.354063 0.363086 0.064375 0.035547
0 0.901641 0.363281 0.059531 0.035156
2 0.414062 0.359180 0.062500 0.035547
2 0.961250 0.356348 0.060000 0.041211
2 0.475078 0.354199 0.062656 0.033789
2 0.052812 0.353418 0.061875 0.043164
0 0.536953 0.349902 0.061406 0.034570
2 0.112031 0.348730 0.061563 0.040820
2 0.597422 0.344629 0.060469 0.037305
2 0.171250 0.343359 0.061250 0.035938
2 0.658359 0.340625 0.060469 0.037500
2 0.230781 0.337402 0.061563 0.040039
2 0.719531 0.337598 0.060937 0.035742
2 0.586719 0.932617 0.060937 0.037109
0 0.780312 0.334961 0.060625 0.033203
0 0.841016 0.333887 0.060156 0.031055
2 0.291406 0.333301 0.060937 0.040430
2 0.350469 0.329199 0.063437 0.036914
0 0.901797 0.327539 0.059844 0.032422
2 0.412500 0.324219 0.062500 0.035156
3 0.961328 0.323340 0.060156 0.036914
2 0.472734 0.318750 0.061094 0.038281
2 0.533438 0.316602 0.060625 0.038672
2 0.647422 0.929980 0.060469 0.038477
2 0.596641 0.308105 0.062031 0.040039
2 0.657031 0.304883 0.060937 0.038672
2 0.718281 0.299414 0.061562 0.041797
2 0.780234 0.296973 0.060469 0.042773
2 0.841250 0.293555 0.060625 0.041797
2 0.902187 0.290430 0.060625 0.044141
3 0.963828 0.285742 0.062031 0.042187
2 0.708594 0.924609 0.060937 0.037500
2 0.769297 0.921680 0.060469 0.035547
2 0.085391 0.212988 0.058281 0.034961
2 0.143359 0.206348 0.058594 0.036523
2 0.202344 0.203613 0.060937 0.034180
2 0.830156 0.919434 0.060313 0.040039
2 0.261016 0.198047 0.059531 0.033594
2 0.321250 0.194043 0.061250 0.033789
2 0.380625 0.190137 0.061250 0.033789
1 0.441328 0.187012 0.060781 0.036133
2 0.502266 0.181152 0.060781 0.036133
2 0.080156 0.179688 0.060312 0.035156
2 0.561953 0.177246 0.061406 0.036133
2 0.139766 0.175391 0.060781 0.035938
2 0.622578 0.173633 0.060781 0.035547
2 0.199687 0.171777 0.061875 0.035352
