2 0.822656 0.516602 0.039062 0.119141
2 0.977344 0.528320 0.039062 0.119141
4 0.902344 0.521484 0.039062 0.117188
4 0.750000 0.508789 0.037500 0.119141
2 0.668750 0.504883 0.040625 0.115234
2 0.590625 0.496094 0.040625 0.117188
2 0.500781 0.492188 0.045312 0.121094
2 0.346094 0.483398 0.045312 0.119141
2 0.422656 0.488281 0.045312 0.117188
2 0.264844 0.476562 0.045312 0.117188
2 0.185938 0.471680 0.040625 0.119141
4 0.107031 0.466797 0.042188 0.117188
4 0.033594 0.460938 0.042188 0.117188
2 0.982812 0.408203 0.034375 0.117188
2 0.907031 0.405273 0.039062 0.119141
2 0.596094 0.376953 0.039062 0.121094
4 0.753906 0.390625 0.039062 0.121094
2 0.675781 0.387695 0.039062 0.119141
2 0.507812 0.374023 0.046875 0.115234
2 0.430469 0.369141 0.045312 0.121094
2 0.351562 0.362305 0.046875 0.123047
2 0.271094 0.356445 0.042188 0.123047
0 0.115625 0.347656 0.043750 0.117188
2 0.191406 0.352539 0.042188 0.119141
4 0.039062 0.343750 0.043750 0.117188
2 0.984375 0.291016 0.031250 0.121094
2 0.910156 0.284180 0.039062 0.119141
2 0.832031 0.276367 0.039062 0.119141
4 0.760156 0.268555 0.035937 0.123047
2 0.682031 0.263672 0.035937 0.121094
2 0.438281 0.249023 0.039062 0.119141
2 0.357812 0.244141 0.043750 0.117188
2 0.197656 0.235352 0.042188 0.119141
2 0.277344 0.240234 0.042188 0.113281
2 0.120313 0.230469 0.043750 0.117188
2 0.046875 0.224609 0.046875 0.117188
2 0.515625 0.252930 0.043750 0.123047
2 0.837500 0.160156 0.037500 0.117188
4 0.764844 0.152344 0.035937 0.117188
2 0.685937 0.142578 0.034375 0.125000
2 0.828906 0.396484 0.039062 0.121094
4 0.607812 0.139648 0.037500 0.119141
2 0.600000 0.256836 0.037500 0.123047
4 0.914062 0.166016 0.037500 0.121094
