2 0.812500 0.659180 0.100000 0.052734
2 0.717969 0.454102 0.098437 0.052734
2 0.716406 0.554688 0.101562 0.050781
2 0.714063 0.656250 0.096875 0.054688
2 0.673438 0.027344 0.096875 0.054688
2 0.617969 0.658203 0.098437 0.054688
2 0.618750 0.553711 0.100000 0.052734
2 0.577344 0.026367 0.101562 0.052734
2 0.555469 0.127930 0.095312 0.060547
2 0.520312 0.553711 0.103125 0.052734
2 0.519531 0.657227 0.101562 0.056641
2 0.504687 0.223633 0.100000 0.060547
2 0.456250 0.124023 0.100000 0.056641
2 0.420312 0.655273 0.100000 0.056641
2 0.407031 0.220703 0.101562 0.062500
2 0.358594 0.121094 0.098437 0.054688
2 0.320312 0.652344 0.103125 0.058594
0 0.310156 0.345703 0.098437 0.054688
2 0.307812 0.219727 0.103125 0.064453
4 0.260156 0.122070 0.098437 0.052734
2 0.222656 0.651367 0.095312 0.052734
2 0.211719 0.347656 0.101562 0.054688
2 0.211719 0.217773 0.098437 0.056641
4 0.162500 0.122070 0.100000 0.052734
1 0.138281 0.652344 0.076563 0.054688
2 0.132812 0.347656 0.065625 0.054688
2 0.130469 0.215820 0.060937 0.056641
2 0.816406 0.354492 0.098437 0.048828
2 0.815625 0.456055 0.100000 0.052734
2 0.813281 0.557617 0.101562 0.048828
