2 0.312500 0.473633 0.046875 0.119141
2 0.870313 0.513672 0.034375 0.121094
0 0.388281 0.598633 0.048438 0.119141
2 0.227344 0.586914 0.048438 0.119141
2 0.550000 0.514648 0.043750 0.123047
2 0.467187 0.603516 0.043750 0.121094
2 0.471094 0.484375 0.042188 0.121094
2 0.875781 0.398438 0.035937 0.117188
4 0.633594 0.416016 0.042188 0.117188
2 0.317969 0.351562 0.042188 0.121094
2 0.308594 0.595703 0.045312 0.121094
2 0.233594 0.467773 0.045312 0.123047
2 0.942187 0.583008 0.040625 0.119141
2 0.546094 0.635742 0.042188 0.119141
2 0.864844 0.634766 0.032813 0.121094
4 0.713281 0.418945 0.039062 0.119141
2 0.947656 0.464844 0.039062 0.113281
4 0.553906 0.392578 0.042188 0.121094
0 0.391406 0.477539 0.045312 0.119141
2 0.476562 0.362305 0.043750 0.123047
4 0.396094 0.359375 0.042188 0.121094
2 0.935156 0.700195 0.039062 0.115234
2 0.794531 0.366211 0.039062 0.119141
4 0.857031 0.752930 0.039062 0.111328
2 0.321875 0.235352 0.043750 0.119141
2 0.564063 0.157227 0.040625 0.119141
4 0.639062 0.295898 0.040625 0.119141
2 0.929688 0.813477 0.040625 0.115234
2 0.799219 0.249023 0.039062 0.115234
4 0.851562 0.871094 0.040625 0.117188
2 0.481250 0.242188 0.043750 0.121094
2 0.242969 0.227539 0.045312 0.119141
2 0.560156 0.275391 0.039062 0.121094
0 0.716406 0.299805 0.039062 0.123047
4 0.485156 0.122070 0.042188 0.119141
4 0.645312 0.916016 0.040625 0.113281
2 0.247656 0.111328 0.042188 0.121094
2 0.325781 0.116211 0.042188 0.119141
2 0.721875 0.182617 0.037500 0.111328
4 0.400781 0.236328 0.042188 0.121094
2 0.644531 0.178711 0.039062 0.119141
2 0.922656 0.932617 0.042188 0.115234
2 0.236719 0.350586 0.045312 0.119141
4 0.406250 0.122070 0.043750 0.119141
