2 0.165625 0.544434 0.059375 0.034180
2 0.527656 0.563086 0.060313 0.036328
2 0.431797 0.325000 0.061406 0.032813
2 0.552656 0.320898 0.057188 0.032422
2 0.285859 0.539648 0.059531 0.032422
2 0.045000 0.548828 0.060000 0.035156
0 0.555000 0.353320 0.058750 0.030859
2 0.107500 0.513672 0.060000 0.035156
2 0.131250 0.368359 0.059375 0.033594
2 0.468203 0.563672 0.060469 0.033594
2 0.501563 0.730762 0.059375 0.035742
2 0.494766 0.355469 0.060469 0.031250
2 0.104141 0.581250 0.060469 0.033594
2 0.071172 0.374023 0.060781 0.033203
2 0.527031 0.528809 0.058437 0.034180
2 0.560469 0.693359 0.057188 0.035156
2 0.224688 0.574805 0.060312 0.032422
2 0.380703 0.701953 0.060469 0.036719
2 0.407266 0.566016 0.060469 0.034375
2 0.441563 0.699805 0.060625 0.036328
2 0.492891 0.323437 0.061094 0.033594
2 0.252578 0.363867 0.060469 0.032422
2 0.046797 0.515527 0.059531 0.034961
2 0.252734 0.300879 0.060156 0.035352
2 0.432422 0.294629 0.060156 0.034570
2 0.192344 0.335352 0.059062 0.033984
2 0.405703 0.501563 0.060469 0.034375
2 0.166016 0.509766 0.058594 0.035156
2 0.345234 0.504297 0.059531 0.035937
2 0.225937 0.540625 0.060625 0.034375
2 0.226250 0.509375 0.060312 0.034375
2 0.466953 0.530762 0.059844 0.034180
2 0.133359 0.305859 0.061406 0.033594
2 0.491797 0.291113 0.060156 0.035352
2 0.285156 0.572266 0.060937 0.035156
2 0.133359 0.337109 0.061406 0.033594
2 0.346016 0.536914 0.061094 0.034766
2 0.106406 0.546484 0.059062 0.034375
1 0.321719 0.703613 0.059687 0.036133
2 0.311953 0.362305 0.060469 0.033203
2 0.312031 0.329492 0.060312 0.033984
2 0.551250 0.289648 0.056875 0.032422
2 0.192344 0.303711 0.059062 0.033203
2 0.140703 0.711230 0.059219 0.035742
2 0.192031 0.367773 0.059688 0.032422
2 0.201250 0.709570 0.060000 0.036328
2 0.407969 0.533203 0.059063 0.035156
0 0.261172 0.708105 0.058906 0.037305
2 0.252422 0.331934 0.060781 0.034961
2 0.044375 0.583398 0.061250 0.037891
2 0.373047 0.360352 0.060156 0.033203
2 0.433828 0.357812 0.060469 0.032031
2 0.524062 0.496191 0.058125 0.035352
2 0.346328 0.570508 0.060469 0.035547
2 0.501016 0.695898 0.060469 0.036328
2 0.072031 0.340430 0.059062 0.032422
2 0.165547 0.577148 0.059531 0.033203
2 0.081484 0.713184 0.058906 0.035742
2 0.074297 0.309570 0.060781 0.033203
2 0.311797 0.297461 0.060781 0.032422
2 0.465391 0.497363 0.059844 0.033789
2 0.563125 0.728223 0.058125 0.034570
2 0.371875 0.329102 0.059375 0.033203
2 0.371875 0.295508 0.059375 0.032422
2 0.285859 0.506055 0.059531 0.035547
2 0.056250 0.985352 0.059375 0.029297
2 0.081250 0.749805 0.059375 0.034766
2 0.140078 0.746582 0.060469 0.036133
1 0.341328 0.097754 0.061094 0.031445
0 0.199844 0.779297 0.060000 0.035156
2 0.504687 0.766113 0.059375 0.036133
2 0.563750 0.764453 0.060000 0.036719
2 0.260547 0.777539 0.060156 0.035547
2 0.443750 0.767578 0.059375 0.035156
2 0.319766 0.775879 0.060469 0.036133
2 0.381641 0.770801 0.061719 0.037695
2 0.400859 0.097949 0.060781 0.035742
2 0.579063 0.091797 0.057500 0.035156
2 0.079687 0.783496 0.059375 0.035742
2 0.140391 0.781055 0.059844 0.034766
2 0.056875 0.951855 0.058125 0.036523
2 0.057031 0.913184 0.057813 0.037305
2 0.460625 0.095703 0.060000 0.035156
2 0.520937 0.094238 0.061250 0.036133
2 0.043047 0.145117 0.060781 0.036328
2 0.580000 0.124902 0.058750 0.031055
2 0.283359 0.101953 0.058281 0.032031
2 0.044375 0.114160 0.061250 0.033008
2 0.222891 0.104980 0.060469 0.034180
0 0.103359 0.111426 0.058906 0.031445
2 0.163125 0.107129 0.061250 0.034570
2 0.102188 0.142187 0.058125 0.030469
2 0.400859 0.129590 0.060781 0.032617
2 0.461719 0.125684 0.057813 0.032617
2 0.521406 0.125391 0.060313 0.032031
2 0.161797 0.138184 0.060781 0.034180
2 0.342344 0.131445 0.059063 0.036328
0 0.222734 0.133203 0.060781 0.032031
2 0.282734 0.131250 0.059531 0.032031
2 0.221172 0.166309 0.060781 0.035742
2 0.522109 0.155762 0.062031 0.034180
2 0.582500 0.154004 0.060000 0.034570
2 0.280313 0.163379 0.061250 0.037695
2 0.462656 0.156836 0.059063 0.036328
2 0.342187 0.162109 0.062500 0.035156
2 0.401250 0.158496 0.060000 0.035742
2 0.040859 0.177246 0.062031 0.034180
2 0.101484 0.171387 0.059219 0.034180
2 0.160625 0.169531 0.060000 0.038281
2 0.201172 0.745313 0.060156 0.033594
2 0.382031 0.736914 0.060937 0.036328
2 0.441875 0.734863 0.060000 0.036133
2 0.259844 0.743164 0.058750 0.037109
0 0.320000 0.737305 0.060000 0.037109
