2 0.943750 0.014648 0.059375 0.029297
2 0.508203 0.708887 0.060156 0.035352
2 0.567578 0.705371 0.060156 0.034570
2 0.628125 0.704492 0.059375 0.032422
2 0.448750 0.710352 0.056875 0.032422
2 0.942969 0.086816 0.057813 0.037305
2 0.420937 0.908203 0.057500 0.035156
0 0.800234 0.220703 0.059844 0.035156
2 0.798828 0.254688 0.060156 0.033594
2 0.739453 0.222461 0.060156 0.035547
2 0.436250 0.235547 0.060000 0.036719
2 0.918750 0.250195 0.059375 0.034766
2 0.859922 0.253418 0.060469 0.036133
2 0.680234 0.224121 0.060469 0.036133
2 0.495312 0.233887 0.059375 0.036133
2 0.618359 0.229199 0.061719 0.037695
2 0.556250 0.232422 0.059375 0.035156
2 0.920312 0.216504 0.059375 0.035742
2 0.859609 0.218945 0.059844 0.034766
2 0.479063 0.905762 0.061250 0.036133
2 0.599141 0.902051 0.060781 0.035742
2 0.943125 0.048145 0.058125 0.036523
2 0.539375 0.904297 0.060000 0.035156
1 0.658672 0.902246 0.061094 0.031445
2 0.778828 0.833691 0.060781 0.035742
2 0.719688 0.836523 0.061250 0.037891
2 0.657813 0.837891 0.062500 0.035156
2 0.598750 0.841504 0.060000 0.035742
0 0.896641 0.888574 0.058906 0.031445
2 0.836875 0.892871 0.061250 0.034570
2 0.777109 0.895020 0.060469 0.034180
2 0.716641 0.898047 0.058281 0.032031
2 0.537344 0.843262 0.059063 0.036133
2 0.838203 0.861816 0.060781 0.034180
0 0.777266 0.866797 0.060781 0.032031
2 0.420000 0.875098 0.058750 0.031055
2 0.955625 0.885840 0.061250 0.033008
2 0.717266 0.868750 0.059531 0.032031
2 0.538281 0.874316 0.057813 0.032617
2 0.478594 0.874609 0.060313 0.032031
2 0.657656 0.868652 0.059063 0.036133
2 0.599141 0.870410 0.060781 0.032617
2 0.477891 0.844238 0.062031 0.034180
2 0.897813 0.857812 0.058125 0.030469
2 0.417500 0.845996 0.060000 0.034570
2 0.956953 0.854980 0.060781 0.036133
2 0.959141 0.822754 0.062031 0.034180
2 0.898438 0.828613 0.059375 0.034180
2 0.839375 0.830469 0.060000 0.038281
2 0.628125 0.670898 0.059375 0.033203
2 0.447344 0.679102 0.057188 0.032422
2 0.568203 0.675000 0.061406 0.032813
2 0.507109 0.676562 0.061094 0.033594
2 0.439531 0.306641 0.057188 0.035156
2 0.533047 0.469238 0.059844 0.034180
2 0.687969 0.670410 0.060313 0.034180
2 0.472969 0.471191 0.058437 0.034180
2 0.866641 0.662891 0.061406 0.033594
2 0.807656 0.664551 0.059062 0.034180
2 0.747578 0.668066 0.060781 0.034961
2 0.953203 0.484473 0.059531 0.034961
2 0.773828 0.490625 0.060156 0.034375
2 0.892500 0.486328 0.060000 0.035156
2 0.833984 0.490234 0.058594 0.035156
2 0.955625 0.416602 0.061250 0.037891
2 0.955000 0.451270 0.060000 0.035352
2 0.653984 0.463086 0.061094 0.034766
2 0.592031 0.466895 0.059063 0.035352
2 0.893594 0.453516 0.059062 0.034375
2 0.714141 0.460352 0.059531 0.032422
2 0.834375 0.455566 0.059375 0.034180
2 0.774062 0.459375 0.060625 0.034375
2 0.895859 0.418750 0.060469 0.033594
2 0.592734 0.433984 0.060469 0.034375
2 0.531797 0.436328 0.060469 0.033594
2 0.472344 0.436914 0.060313 0.036328
2 0.834453 0.422852 0.059531 0.033203
2 0.653672 0.429492 0.060469 0.035547
2 0.775391 0.425195 0.060156 0.032422
2 0.714844 0.427832 0.060937 0.035352
2 0.740234 0.256836 0.058594 0.037109
0 0.738828 0.291895 0.058906 0.037305
1 0.678281 0.296387 0.059687 0.036133
2 0.498984 0.304102 0.060469 0.036328
2 0.619297 0.298047 0.060469 0.036719
2 0.558437 0.300195 0.060625 0.036328
0 0.680000 0.262695 0.060000 0.037109
2 0.918516 0.286816 0.058906 0.035742
2 0.859297 0.288770 0.059219 0.035742
2 0.798750 0.290430 0.060000 0.036328
2 0.617969 0.263086 0.060937 0.036328
2 0.436875 0.271777 0.058125 0.034570
2 0.558125 0.265137 0.060000 0.036133
2 0.498437 0.269238 0.059375 0.035742
2 0.688203 0.702539 0.060781 0.032422
2 0.747266 0.699121 0.060156 0.035352
2 0.807656 0.696289 0.059062 0.033203
2 0.866641 0.694141 0.061406 0.033594
2 0.925703 0.690430 0.060781 0.033203
2 0.714141 0.493945 0.059531 0.035547
2 0.654766 0.495703 0.059531 0.035938
2 0.594297 0.498437 0.060469 0.034375
2 0.534609 0.502637 0.059844 0.033789
2 0.475938 0.503906 0.058125 0.035156
2 0.928828 0.625977 0.060781 0.033203
2 0.868750 0.631641 0.059375 0.033594
2 0.807969 0.632227 0.059688 0.032422
2 0.747422 0.636133 0.060469 0.032422
2 0.505234 0.644531 0.060469 0.031250
0 0.445000 0.646680 0.058750 0.030859
2 0.927969 0.659570 0.059062 0.032422
2 0.688047 0.637695 0.060469 0.033203
2 0.626953 0.639648 0.060156 0.033203
2 0.566172 0.642188 0.060469 0.032031
