2 0.400859 0.870410 0.060781 0.032617
2 0.140078 0.253418 0.060469 0.036133
2 0.551250 0.710352 0.056875 0.032422
2 0.461719 0.874316 0.057813 0.032617
2 0.140391 0.218945 0.059844 0.034766
2 0.201172 0.254688 0.060156 0.033594
2 0.491797 0.708887 0.060156 0.035352
2 0.371875 0.704492 0.059375 0.032422
2 0.432422 0.705371 0.060156 0.034570
0 0.199844 0.220703 0.060000 0.035156
2 0.504687 0.233887 0.059375 0.036133
2 0.563750 0.235547 0.060000 0.036719
2 0.081250 0.250195 0.059375 0.034766
2 0.260547 0.222461 0.060156 0.035547
2 0.443750 0.232422 0.059375 0.035156
2 0.319766 0.224121 0.060469 0.036133
2 0.381641 0.229199 0.061719 0.037695
2 0.521406 0.874609 0.060313 0.032031
2 0.579063 0.908203 0.057500 0.035156
2 0.400859 0.902051 0.060781 0.035742
2 0.079687 0.216504 0.059375 0.035742
2 0.056875 0.048145 0.058125 0.036523
2 0.057031 0.086816 0.057813 0.037305
2 0.460625 0.904297 0.060000 0.035156
2 0.520937 0.905762 0.061250 0.036133
2 0.580000 0.875098 0.058750 0.031055
2 0.283359 0.898047 0.058281 0.032031
2 0.056250 0.014648 0.059375 0.029297
1 0.341328 0.902246 0.061094 0.031445
2 0.044375 0.885840 0.061250 0.033008
2 0.222891 0.895020 0.060469 0.034180
0 0.103359 0.888574 0.058906 0.031445
2 0.163125 0.892871 0.061250 0.034570
2 0.102188 0.857812 0.058125 0.030469
2 0.160625 0.830469 0.060000 0.038281
2 0.161797 0.861816 0.060781 0.034180
2 0.342344 0.868652 0.059063 0.036133
0 0.222734 0.866797 0.060781 0.032031
2 0.282734 0.868750 0.059531 0.032031
2 0.221172 0.833691 0.060781 0.035742
2 0.522109 0.844238 0.062031 0.034180
2 0.582500 0.845996 0.060000 0.034570
2 0.043047 0.854980 0.060781 0.036133
2 0.280313 0.836523 0.061250 0.037891
2 0.462656 0.843262 0.059063 0.036133
2 0.342187 0.837891 0.062500 0.035156
2 0.401250 0.841504 0.060000 0.035742
2 0.040859 0.822754 0.062031 0.034180
2 0.101484 0.828613 0.059219 0.034180
0 0.320000 0.262695 0.060000 0.037109
2 0.107500 0.486328 0.060000 0.035156
2 0.166016 0.490234 0.058594 0.035156
2 0.226250 0.490625 0.060312 0.034375
2 0.382031 0.263086 0.060937 0.036328
2 0.285156 0.427832 0.060937 0.035352
2 0.285859 0.460352 0.059531 0.032422
2 0.046797 0.484473 0.059531 0.034961
2 0.346016 0.463086 0.061094 0.034766
2 0.527031 0.471191 0.058437 0.034180
2 0.407969 0.466895 0.059063 0.035352
2 0.466953 0.469238 0.059844 0.034180
2 0.346328 0.429492 0.060469 0.035547
2 0.106406 0.453516 0.059062 0.034375
2 0.165625 0.455566 0.059375 0.034180
2 0.225937 0.459375 0.060625 0.034375
2 0.407266 0.433984 0.060469 0.034375
2 0.045000 0.451270 0.060000 0.035352
2 0.468203 0.436328 0.060469 0.033594
2 0.527656 0.436914 0.060313 0.036328
2 0.441875 0.265137 0.060000 0.036133
2 0.441563 0.300195 0.060625 0.036328
2 0.165547 0.422852 0.059531 0.033203
2 0.224688 0.425195 0.060312 0.032422
2 0.501016 0.304102 0.060469 0.036328
2 0.104141 0.418750 0.060469 0.033594
2 0.560469 0.306641 0.057188 0.035156
2 0.044375 0.416602 0.061250 0.037891
2 0.501563 0.269238 0.059375 0.035742
0 0.261172 0.291895 0.058906 0.037305
1 0.321719 0.296387 0.059687 0.036133
2 0.380703 0.298047 0.060469 0.036719
2 0.563125 0.271777 0.058125 0.034570
2 0.201250 0.290430 0.060000 0.036328
2 0.081484 0.286816 0.058906 0.035742
2 0.140703 0.288770 0.059219 0.035742
2 0.259844 0.256836 0.058750 0.037109
2 0.465391 0.502637 0.059844 0.033789
2 0.524062 0.503906 0.058125 0.035156
2 0.071172 0.625977 0.060781 0.033203
2 0.131250 0.631641 0.059375 0.033594
2 0.312031 0.670410 0.060312 0.034180
2 0.311797 0.702539 0.060781 0.032422
2 0.371875 0.670898 0.059375 0.033203
2 0.133359 0.694141 0.061406 0.033594
2 0.192344 0.696289 0.059062 0.033203
2 0.252734 0.699121 0.060156 0.035352
2 0.431797 0.675000 0.061406 0.032813
2 0.074297 0.690430 0.060781 0.033203
2 0.492891 0.676562 0.061094 0.033594
2 0.552656 0.679102 0.057188 0.032422
2 0.192031 0.632227 0.059688 0.032422
2 0.494766 0.644531 0.060469 0.031250
2 0.252422 0.668066 0.060781 0.034961
0 0.555000 0.646680 0.058750 0.030859
2 0.192344 0.664551 0.059062 0.034180
2 0.072031 0.659570 0.059062 0.032422
2 0.133359 0.662891 0.061406 0.033594
2 0.252578 0.636133 0.060469 0.032422
2 0.373047 0.639648 0.060156 0.033203
2 0.433828 0.642188 0.060469 0.032031
2 0.311953 0.637695 0.060469 0.033203
2 0.285859 0.493945 0.059531 0.035547
2 0.345234 0.495703 0.059531 0.035938
2 0.405703 0.498437 0.060469 0.034375
