2 0.310469 0.300586 0.057187 0.030859
2 0.252578 0.302051 0.060469 0.029883
2 0.192031 0.302930 0.059688 0.027734
0 0.133047 0.304785 0.058906 0.027539
2 0.073594 0.314063 0.059062 0.030469
2 0.311406 0.330664 0.058438 0.036328
2 0.192188 0.334082 0.062500 0.031445
1 0.251875 0.333887 0.061875 0.034961
2 0.130781 0.336816 0.060312 0.036914
2 0.072734 0.344922 0.060781 0.033594
2 0.310781 0.364355 0.059687 0.033398
2 0.251641 0.366992 0.062344 0.034766
2 0.191328 0.369238 0.061094 0.035352
2 0.132187 0.371484 0.060625 0.032031
2 0.071250 0.379102 0.060625 0.035547
2 0.102344 0.113574 0.057813 0.031836
2 0.043828 0.116992 0.059219 0.030859
2 0.102578 0.143555 0.057344 0.025391
2 0.042109 0.145215 0.062656 0.028711
2 0.100078 0.172070 0.056094 0.031641
0 0.040234 0.177441 0.063281 0.034570
