2 0.273438 0.981445 0.096875 0.037109
4 0.275781 0.895508 0.098437 0.056641
2 0.278125 0.798828 0.093750 0.062500
2 0.279687 0.399414 0.096875 0.052734
2 0.302344 0.706055 0.095312 0.064453
4 0.317969 0.604492 0.095312 0.056641
0 0.320312 0.503906 0.096875 0.050781
2 0.366406 0.984375 0.095312 0.031250
2 0.372656 0.804688 0.095312 0.054688
4 0.370312 0.900391 0.096875 0.062500
2 0.374219 0.408203 0.101562 0.050781
2 0.397656 0.302734 0.095312 0.054688
4 0.395313 0.708008 0.096875 0.060547
4 0.412500 0.608398 0.096875 0.052734
4 0.416406 0.508789 0.098437 0.056641
2 0.447656 0.209961 0.095312 0.056641
2 0.461719 0.987305 0.095312 0.025391
0 0.465625 0.904297 0.093750 0.058594
0 0.467187 0.808594 0.096875 0.054688
2 0.491406 0.305664 0.098437 0.052734
2 0.492188 0.712891 0.096875 0.058594
2 0.543750 0.211914 0.096875 0.044922
2 0.557813 0.991211 0.093750 0.017578
0 0.560937 0.916016 0.096875 0.058594
2 0.562500 0.813477 0.096875 0.056641
2 0.589063 0.718750 0.096875 0.062500
2 0.589063 0.314453 0.096875 0.050781
2 0.637500 0.218750 0.096875 0.046875
0 0.640625 0.099609 0.093750 0.050781
2 0.156250 0.078125 0.100000 0.046875
0 0.685937 0.320312 0.093750 0.050781
2 0.733594 0.226562 0.098437 0.054688
2 0.735938 0.104492 0.093750 0.052734
4 0.779687 0.325195 0.093750 0.048828
2 0.814063 0.591797 0.090625 0.054688
2 0.829688 0.108398 0.093750 0.048828
2 0.829688 0.235352 0.090625 0.056641
2 0.864062 0.329102 0.071875 0.044922
2 0.181250 0.977539 0.093750 0.044922
4 0.183594 0.889648 0.098437 0.060547
4 0.183594 0.790039 0.095312 0.064453
2 0.209375 0.695312 0.096875 0.058594
2 0.224219 0.598633 0.098437 0.056641
2 0.226562 0.497070 0.093750 0.052734
2 0.252344 0.004883 0.098437 0.009766
