2 0.456250 0.788086 0.096875 0.044922
2 0.507812 0.287109 0.096875 0.058594
0 0.439063 0.083984 0.096875 0.058594
2 0.442188 0.008789 0.093750 0.017578
2 0.437500 0.186523 0.096875 0.056641
2 0.410938 0.281250 0.096875 0.062500
2 0.362500 0.781250 0.096875 0.046875
2 0.410938 0.685547 0.096875 0.050781
0 0.359375 0.900391 0.093750 0.050781
2 0.843750 0.921875 0.100000 0.046875
0 0.314063 0.679688 0.093750 0.050781
2 0.266406 0.773438 0.098437 0.054688
2 0.264062 0.895508 0.093750 0.052734
4 0.220312 0.674805 0.093750 0.048828
2 0.170313 0.891602 0.093750 0.048828
2 0.185938 0.408203 0.090625 0.054688
2 0.170313 0.764648 0.090625 0.056641
2 0.135937 0.670898 0.071875 0.044922
2 0.818750 0.022461 0.093750 0.044922
4 0.816406 0.110352 0.098437 0.060547
4 0.816406 0.209961 0.095312 0.064453
2 0.790625 0.304688 0.096875 0.058594
2 0.773438 0.502930 0.093750 0.052734
2 0.775781 0.401367 0.098437 0.056641
2 0.747656 0.995117 0.098437 0.009766
2 0.726562 0.018555 0.096875 0.037109
4 0.724219 0.104492 0.098437 0.056641
2 0.721875 0.201172 0.093750 0.062500
2 0.720313 0.600586 0.096875 0.052734
2 0.697656 0.293945 0.095312 0.064453
4 0.682031 0.395508 0.095312 0.056641
0 0.679688 0.496094 0.096875 0.050781
2 0.633594 0.015625 0.095312 0.031250
4 0.629687 0.099609 0.096875 0.062500
2 0.627344 0.195312 0.095312 0.054688
2 0.625781 0.591797 0.101562 0.050781
4 0.604688 0.291992 0.096875 0.060547
2 0.602344 0.697266 0.095312 0.054688
4 0.587500 0.391602 0.096875 0.052734
4 0.583594 0.491211 0.098437 0.056641
2 0.552344 0.790039 0.095312 0.056641
2 0.538281 0.012695 0.095312 0.025391
0 0.534375 0.095703 0.093750 0.058594
0 0.532813 0.191406 0.096875 0.054688
2 0.508594 0.694336 0.098437 0.052734
