2 0.438281 0.179688 0.098437 0.058594
2 0.428906 0.380859 0.095312 0.054688
2 0.335938 0.277344 0.096875 0.054688
2 0.433594 0.280273 0.095312 0.056641
2 0.333594 0.376953 0.098437 0.058594
2 0.623437 0.394531 0.096875 0.054688
2 0.824219 0.203125 0.098437 0.054688
2 0.631250 0.190430 0.096875 0.052734
2 0.724219 0.296875 0.095312 0.054688
2 0.721875 0.399414 0.093750 0.056641
2 0.817187 0.403320 0.096875 0.056641
2 0.526563 0.387695 0.100000 0.056641
2 0.732812 0.013672 0.093750 0.027344
2 0.236719 0.372070 0.098437 0.060547
0 0.728906 0.095703 0.095312 0.058594
2 0.626563 0.291992 0.093750 0.056641
2 0.144531 0.366211 0.089063 0.060547
2 0.535156 0.184570 0.098437 0.052734
2 0.825781 0.103516 0.095312 0.054688
2 0.536719 0.087891 0.095312 0.054688
2 0.828906 0.016602 0.092188 0.033203
2 0.636719 0.011719 0.098437 0.023438
2 0.241406 0.269531 0.095312 0.054688
2 0.821094 0.302734 0.095312 0.054688
2 0.528906 0.286133 0.098437 0.056641
2 0.728906 0.197266 0.092188 0.054688
2 0.633594 0.089844 0.095312 0.058594
