0 0.621875 0.023438 0.093750 0.046875
2 0.672656 0.994141 0.095312 0.011719
2 0.617969 0.114258 0.095312 0.052734
2 0.678906 0.915039 0.095312 0.048828
2 0.694531 0.625000 0.098437 0.046875
4 0.685156 0.825195 0.098437 0.044922
2 0.689063 0.727539 0.096875 0.044922
2 0.697656 0.519531 0.098437 0.054688
2 0.700781 0.422852 0.095312 0.048828
2 0.704688 0.322266 0.093750 0.054688
2 0.707812 0.221680 0.090625 0.052734
2 0.715625 0.026367 0.093750 0.052734
2 0.711719 0.122070 0.095312 0.052734
2 0.771875 0.921875 0.093750 0.046875
4 0.778125 0.831055 0.093750 0.044922
2 0.785937 0.732422 0.100000 0.042969
4 0.788281 0.634766 0.095312 0.046875
4 0.482812 0.989258 0.093750 0.021484
2 0.486719 0.903320 0.095312 0.048828
4 0.492969 0.812500 0.095312 0.046875
2 0.496094 0.710938 0.092188 0.050781
2 0.509375 0.403320 0.093750 0.056641
2 0.513281 0.307617 0.095312 0.056641
2 0.518750 0.206055 0.093750 0.056641
2 0.522656 0.107422 0.095312 0.050781
4 0.526563 0.017578 0.093750 0.035156
2 0.575781 0.992188 0.095312 0.015625
2 0.582812 0.911133 0.096875 0.048828
4 0.587500 0.817383 0.096875 0.048828
2 0.589844 0.719727 0.095312 0.048828
2 0.598437 0.620117 0.096875 0.048828
2 0.600781 0.509766 0.092188 0.058594
2 0.604688 0.413086 0.096875 0.056641
2 0.610156 0.314453 0.098437 0.058594
2 0.614844 0.213867 0.098437 0.052734
2 0.503125 0.613281 0.093750 0.050781
2 0.506250 0.500977 0.096875 0.056641
