2 0.030156 0.604980 0.052187 0.032227
2 0.050000 0.836035 0.059375 0.031055
2 0.109062 0.838770 0.060000 0.033398
2 0.203281 0.582031 0.059062 0.035156
2 0.075156 0.982422 0.055937 0.035156
2 0.085391 0.611035 0.057344 0.031836
2 0.143906 0.612793 0.059062 0.032227
2 0.203047 0.615625 0.059531 0.030469
2 0.030937 0.637695 0.050625 0.033203
2 0.084922 0.639844 0.058281 0.032813
2 0.166563 0.782227 0.057500 0.029297
2 0.144297 0.644727 0.058281 0.030859
2 0.107344 0.777637 0.060313 0.030664
2 0.202266 0.647363 0.057969 0.033398
2 0.045781 0.775781 0.061562 0.030469
2 0.169219 0.844434 0.058438 0.033789
2 0.133047 0.984668 0.058906 0.030664
0 0.192500 0.985938 0.058750 0.028125
2 0.028672 0.573828 0.052031 0.032031
2 0.082656 0.577344 0.059688 0.032813
2 0.143125 0.579980 0.060625 0.031445
2 0.022656 0.982422 0.045312 0.035156
2 0.167266 0.812305 0.056094 0.031641
2 0.108984 0.807617 0.060156 0.029297
2 0.049297 0.805176 0.060781 0.030273
