4 0.649219 0.746094 0.098437 0.050781
2 0.553906 0.643555 0.098437 0.052734
4 0.551562 0.746094 0.096875 0.050781
2 0.551562 0.844727 0.096875 0.052734
2 0.456250 0.536133 0.096875 0.056641
2 0.454688 0.642578 0.100000 0.050781
4 0.454688 0.747070 0.100000 0.052734
2 0.452344 0.845703 0.098437 0.050781
2 0.452344 0.941406 0.098437 0.050781
2 0.358594 0.536133 0.098437 0.056641
2 0.357812 0.640625 0.096875 0.050781
2 0.357031 0.744141 0.098437 0.050781
2 0.357031 0.843750 0.095312 0.046875
2 0.355469 0.943359 0.095312 0.046875
2 0.261719 0.430664 0.092188 0.060547
2 0.260937 0.744141 0.096875 0.046875
2 0.260937 0.640625 0.096875 0.046875
2 0.259375 0.841797 0.096875 0.042969
2 0.258594 0.536133 0.098437 0.056641
4 0.258594 0.940430 0.095312 0.044922
2 0.166406 0.430664 0.095312 0.060547
4 0.164062 0.634766 0.096875 0.050781
2 0.162500 0.535156 0.093750 0.054688
4 0.162500 0.738281 0.100000 0.046875
2 0.161719 0.838867 0.095312 0.048828
4 0.162500 0.936523 0.096875 0.048828
