2 0.865625 0.703125 0.046875 0.121094
4 0.939844 0.703125 0.045312 0.121094
2 0.782813 0.702148 0.043750 0.119141
2 0.702344 0.701172 0.042188 0.121094
2 0.619531 0.702148 0.042188 0.123047
4 0.536719 0.700195 0.042188 0.123047
2 0.456250 0.698242 0.040625 0.119141
2 0.214844 0.694336 0.035937 0.126953
4 0.293750 0.693359 0.040625 0.121094
2 0.135156 0.691406 0.035937 0.121094
4 0.057031 0.687500 0.035937 0.121094
4 0.942187 0.584961 0.043750 0.123047
2 0.869531 0.583008 0.045312 0.123047
4 0.783594 0.582031 0.045312 0.121094
4 0.372656 0.695312 0.042188 0.121094
2 0.702344 0.579102 0.042188 0.123047
2 0.620313 0.580078 0.043750 0.121094
4 0.538281 0.578125 0.042188 0.121094
2 0.457031 0.576172 0.042188 0.121094
0 0.375781 0.575195 0.039062 0.123047
4 0.296094 0.573242 0.042188 0.119141
2 0.214844 0.574219 0.035937 0.121094
2 0.137500 0.570312 0.037500 0.121094
2 0.057813 0.568359 0.037500 0.121094
4 0.945312 0.462891 0.043750 0.121094
2 0.870313 0.461914 0.046875 0.119141
4 0.784375 0.460938 0.043750 0.121094
2 0.621875 0.458984 0.043750 0.121094
2 0.705469 0.457031 0.045312 0.121094
2 0.539844 0.456055 0.042188 0.123047
2 0.457813 0.455078 0.043750 0.121094
4 0.377344 0.454102 0.042188 0.119141
2 0.217188 0.453125 0.037500 0.121094
2 0.297656 0.453125 0.039062 0.121094
2 0.138281 0.452148 0.039062 0.119141
2 0.060156 0.449219 0.035937 0.117188
2 0.778906 0.941406 0.045312 0.117188
2 0.696875 0.940430 0.043750 0.119141
2 0.615625 0.940430 0.043750 0.119141
4 0.931250 0.940430 0.043750 0.119141
2 0.533594 0.939453 0.042188 0.121094
2 0.454688 0.939453 0.040625 0.121094
2 0.857812 0.939453 0.046875 0.121094
4 0.371094 0.935547 0.039062 0.125000
4 0.293750 0.934570 0.040625 0.123047
2 0.215625 0.932617 0.037500 0.123047
2 0.135937 0.929688 0.037500 0.125000
4 0.060156 0.926758 0.035937 0.126953
2 0.616406 0.823242 0.042188 0.119141
2 0.780469 0.822266 0.045312 0.121094
2 0.700000 0.821289 0.043750 0.119141
4 0.935156 0.822266 0.042188 0.121094
2 0.862500 0.821289 0.046875 0.119141
2 0.535156 0.821289 0.042188 0.123047
2 0.454688 0.818359 0.040625 0.121094
2 0.372656 0.817383 0.039062 0.123047
4 0.293750 0.817383 0.040625 0.123047
2 0.215625 0.813477 0.037500 0.123047
4 0.058594 0.806641 0.039062 0.125000
2 0.135156 0.810547 0.035937 0.121094
