4 0.871875 0.413086 0.037500 0.123047
2 0.712500 0.411133 0.040625 0.123047
2 0.632031 0.409180 0.042188 0.123047
4 0.474219 0.408203 0.042188 0.121094
2 0.791406 0.413086 0.039062 0.123047
2 0.943750 0.413086 0.037500 0.119141
4 0.552344 0.407227 0.042188 0.119141
2 0.393750 0.402344 0.043750 0.117188
2 0.313281 0.399414 0.045312 0.123047
2 0.234375 0.398438 0.043750 0.121094
4 0.078125 0.399414 0.046875 0.119141
2 0.156250 0.396484 0.043750 0.121094
2 0.945312 0.295898 0.037500 0.119141
4 0.871875 0.295898 0.037500 0.123047
2 0.794531 0.294922 0.039062 0.121094
2 0.717187 0.291016 0.040625 0.121094
2 0.635938 0.291992 0.043750 0.123047
0 0.557813 0.290039 0.040625 0.123047
1 0.477344 0.286133 0.042188 0.123047
2 0.396094 0.284180 0.042188 0.126953
1 0.317188 0.282227 0.043750 0.126953
2 0.080469 0.280273 0.045312 0.119141
2 0.235156 0.279297 0.045312 0.121094
2 0.156250 0.278320 0.046875 0.119141
2 0.947656 0.180664 0.035937 0.119141
4 0.875000 0.178711 0.034375 0.119141
2 0.796094 0.176758 0.039062 0.115234
2 0.717969 0.171875 0.039062 0.117188
2 0.559375 0.170898 0.037500 0.126953
2 0.638281 0.170898 0.042188 0.119141
2 0.480469 0.166992 0.042188 0.119141
2 0.398438 0.164062 0.040625 0.125000
2 0.159375 0.163086 0.046875 0.119141
2 0.238281 0.161133 0.042188 0.119141
2 0.082812 0.161133 0.046875 0.123047
4 0.321094 0.159180 0.045312 0.119141
2 0.164062 0.050781 0.043750 0.101562
2 0.085156 0.050781 0.045312 0.101562
2 0.240625 0.049805 0.043750 0.099609
