2 0.268750 0.184570 0.100000 0.052734
2 0.584375 0.916016 0.090625 0.046875
4 0.632812 0.198242 0.096875 0.048828
2 0.764844 0.508789 0.095312 0.056641
2 0.172656 0.183594 0.098437 0.050781
2 0.633594 0.099609 0.098437 0.042969
4 0.392969 0.908203 0.095312 0.054688
2 0.485156 0.717773 0.101562 0.056641
2 0.436719 0.612305 0.098437 0.056641
2 0.532813 0.616211 0.100000 0.056641
2 0.202344 0.898438 0.092188 0.054688
2 0.628125 0.619141 0.100000 0.054688
2 0.582031 0.719727 0.095312 0.056641
4 0.636719 0.011719 0.095312 0.023438
2 0.482031 0.813477 0.101562 0.056641
4 0.489844 0.910156 0.095312 0.054688
4 0.227344 0.281250 0.095312 0.050781
2 0.225781 0.990234 0.095312 0.019531
2 0.387500 0.715820 0.096875 0.056641
2 0.767188 0.400391 0.096875 0.050781
4 0.139844 0.280273 0.079687 0.048828
2 0.321094 0.992188 0.095312 0.015625
4 0.575781 0.817383 0.095312 0.052734
2 0.364844 0.187500 0.095312 0.050781
2 0.385937 0.815430 0.093750 0.056641
2 0.632812 0.297852 0.096875 0.048828
2 0.670312 0.505859 0.096875 0.054688
4 0.577344 0.397461 0.095312 0.052734
0 0.297656 0.903320 0.098437 0.056641
2 0.574219 0.503906 0.101562 0.054688
2 0.724219 0.200195 0.098437 0.052734
2 0.725781 0.620117 0.095312 0.056641
4 0.675781 0.399414 0.098437 0.052734
2 0.728906 0.100586 0.095312 0.044922
2 0.728906 0.013672 0.098437 0.027344
4 0.725781 0.299805 0.095312 0.052734
