2 0.748437 0.278320 0.040625 0.123047
4 0.667969 0.277344 0.042188 0.125000
2 0.917969 0.268555 0.039062 0.123047
2 0.031250 0.257812 0.046875 0.125000
2 0.190625 0.256836 0.046875 0.123047
1 0.109375 0.254883 0.046875 0.123047
2 0.829688 0.216797 0.040625 0.125000
4 0.590625 0.162109 0.040625 0.121094
2 0.747656 0.157227 0.039062 0.126953
2 0.667969 0.157227 0.042188 0.123047
2 0.032031 0.135742 0.045312 0.123047
2 0.110937 0.133789 0.046875 0.123047
2 0.827344 0.099609 0.039062 0.125000
2 0.496094 0.074219 0.042188 0.125000
4 0.589844 0.051758 0.039062 0.099609
4 0.757031 0.874023 0.039062 0.123047
4 0.682031 0.873047 0.039062 0.132812
4 0.598437 0.874023 0.043750 0.130859
2 0.516406 0.873047 0.045312 0.132812
2 0.434375 0.873047 0.043750 0.125000
4 0.353125 0.868164 0.043750 0.126953
2 0.191406 0.868164 0.048438 0.123047
2 0.271094 0.867188 0.042188 0.125000
2 0.112500 0.862305 0.043750 0.119141
4 0.034375 0.860352 0.043750 0.123047
2 0.599219 0.751953 0.042188 0.128906
2 0.516406 0.752930 0.042188 0.134766
1 0.681250 0.756836 0.040625 0.126953
2 0.434375 0.748047 0.046875 0.128906
1 0.353125 0.749023 0.043750 0.123047
2 0.271094 0.749023 0.042188 0.126953
2 0.189062 0.745117 0.046875 0.123047
4 0.110937 0.745117 0.043750 0.126953
2 0.033594 0.741211 0.045312 0.123047
2 0.433594 0.625977 0.045312 0.130859
2 0.271094 0.625000 0.045312 0.125000
2 0.189062 0.625977 0.046875 0.123047
1 0.351562 0.624023 0.043750 0.126953
2 0.031250 0.624023 0.046875 0.126953
2 0.110937 0.622070 0.043750 0.123047
2 0.920312 0.510742 0.037500 0.119141
4 0.352344 0.502930 0.045312 0.123047
2 0.434375 0.501953 0.040625 0.125000
2 0.187500 0.501953 0.046875 0.121094
4 0.109375 0.502930 0.043750 0.126953
2 0.271094 0.500977 0.045312 0.126953
2 0.031250 0.500977 0.046875 0.123047
2 0.830469 0.461914 0.039062 0.119141
2 0.919531 0.387695 0.039062 0.123047
2 0.031250 0.380859 0.043750 0.128906
2 0.271094 0.377930 0.045312 0.119141
2 0.189062 0.377930 0.046875 0.123047
4 0.108594 0.377930 0.045312 0.123047
2 0.829688 0.339844 0.037500 0.125000
4 0.592187 0.286133 0.040625 0.123047
2 0.761719 0.752930 0.039062 0.126953
