2 0.757812 0.854492 0.096875 0.044922
2 0.169531 0.272461 0.095312 0.052734
2 0.800781 0.943359 0.098437 0.046875
4 0.175000 0.659180 0.100000 0.052734
2 0.851562 0.854492 0.093750 0.044922
2 0.203125 0.571289 0.100000 0.048828
2 0.203906 0.477539 0.098437 0.056641
2 0.230469 0.759766 0.098437 0.054688
2 0.257031 0.378906 0.095312 0.054688
4 0.268750 0.663086 0.106250 0.052734
2 0.297656 0.573242 0.101562 0.048828
0 0.301563 0.479492 0.103125 0.052734
2 0.261719 0.274414 0.098437 0.056641
2 0.323437 0.764648 0.096875 0.048828
2 0.352344 0.379883 0.098437 0.060547
2 0.358594 0.277344 0.095312 0.058594
2 0.393750 0.579102 0.103125 0.048828
4 0.362500 0.666016 0.096875 0.054688
2 0.396094 0.481445 0.098437 0.052734
2 0.450781 0.381836 0.098437 0.056641
2 0.491406 0.585938 0.101562 0.054688
4 0.493750 0.485352 0.100000 0.056641
4 0.141406 0.757812 0.082812 0.054688
2 0.514844 0.938477 0.095312 0.052734
0 0.582812 0.107422 0.093750 0.058594
2 0.546094 0.383789 0.095312 0.060547
2 0.566406 0.851562 0.098437 0.046875
2 0.588281 0.588867 0.098437 0.056641
4 0.588281 0.488281 0.095312 0.054688
2 0.609375 0.942383 0.100000 0.052734
2 0.152344 0.040039 0.095312 0.060547
4 0.660156 0.854492 0.098437 0.044922
2 0.683594 0.590820 0.095312 0.056641
2 0.678906 0.111328 0.095312 0.062500
4 0.685156 0.489258 0.098437 0.056641
2 0.705469 0.943359 0.098437 0.050781
2 0.161719 0.375000 0.098437 0.054688
