2 0.537500 0.598633 0.043750 0.123047
2 0.454688 0.599609 0.043750 0.121094
2 0.371875 0.598633 0.040625 0.123047
2 0.291406 0.598633 0.039062 0.123047
2 0.617969 0.594727 0.045312 0.123047
2 0.778906 0.594727 0.045312 0.126953
2 0.699219 0.593750 0.048438 0.121094
4 0.858594 0.592773 0.045312 0.119141
2 0.938281 0.588867 0.048438 0.119141
2 0.457031 0.952148 0.042188 0.095703
2 0.374219 0.952148 0.042188 0.095703
4 0.537500 0.951172 0.043750 0.097656
2 0.211719 0.951172 0.035937 0.097656
2 0.618750 0.950195 0.043750 0.099609
2 0.292187 0.950195 0.040625 0.099609
2 0.699219 0.949219 0.045312 0.101562
2 0.137500 0.949219 0.037500 0.101562
2 0.058594 0.949219 0.035937 0.101562
4 0.778906 0.948242 0.045312 0.103516
2 0.935156 0.946289 0.045312 0.107422
2 0.859375 0.945312 0.046875 0.109375
4 0.535156 0.843750 0.045312 0.121094
2 0.455469 0.842773 0.045312 0.126953
2 0.135156 0.842773 0.039062 0.123047
2 0.617969 0.841797 0.042188 0.121094
2 0.372656 0.840820 0.042188 0.123047
4 0.211719 0.840820 0.035937 0.126953
2 0.292187 0.840820 0.040625 0.123047
2 0.699219 0.838867 0.045312 0.123047
2 0.057031 0.838867 0.039062 0.123047
4 0.781250 0.835938 0.046875 0.121094
4 0.857812 0.832031 0.046875 0.121094
2 0.935937 0.831055 0.043750 0.119141
2 0.132812 0.721680 0.040625 0.123047
2 0.055469 0.721680 0.042188 0.123047
2 0.290625 0.720703 0.037500 0.125000
4 0.210156 0.721680 0.035937 0.126953
2 0.535937 0.720703 0.043750 0.128906
2 0.456250 0.720703 0.043750 0.128906
2 0.372656 0.719727 0.042188 0.126953
2 0.617969 0.718750 0.045312 0.125000
2 0.698438 0.715820 0.046875 0.123047
4 0.781250 0.713867 0.043750 0.123047
2 0.937500 0.711914 0.046875 0.119141
0 0.859375 0.710938 0.046875 0.125000
2 0.131250 0.602539 0.037500 0.123047
4 0.052344 0.602539 0.039062 0.123047
2 0.210156 0.600586 0.039062 0.123047
