2 0.363281 0.220703 0.039062 0.128906
2 0.044531 0.220703 0.039062 0.121094
2 0.125000 0.221680 0.037500 0.126953
4 0.202344 0.221680 0.039062 0.123047
2 0.281250 0.222656 0.040625 0.121094
2 0.440625 0.225586 0.043750 0.123047
4 0.524219 0.227539 0.042188 0.123047
2 0.603906 0.227539 0.045312 0.126953
2 0.685156 0.230469 0.042188 0.125000
2 0.769531 0.233398 0.042188 0.126953
2 0.846875 0.237305 0.046875 0.123047
2 0.928125 0.243164 0.046875 0.123047
2 0.041406 0.336914 0.035937 0.123047
2 0.121094 0.341797 0.039062 0.125000
4 0.199219 0.341797 0.039062 0.121094
2 0.279687 0.342773 0.040625 0.123047
2 0.359375 0.344727 0.043750 0.123047
2 0.520312 0.347656 0.046875 0.125000
0 0.441406 0.348633 0.045312 0.123047
2 0.601562 0.349609 0.043750 0.125000
2 0.684375 0.352539 0.040625 0.126953
2 0.767969 0.356445 0.045312 0.126953
2 0.846875 0.356445 0.046875 0.123047
2 0.928906 0.364258 0.045312 0.126953
2 0.116406 0.462891 0.039062 0.121094
4 0.197656 0.464844 0.039062 0.125000
2 0.360156 0.465820 0.045312 0.123047
2 0.275781 0.467773 0.045312 0.123047
2 0.439063 0.469727 0.043750 0.123047
2 0.520312 0.471680 0.043750 0.126953
2 0.601562 0.474609 0.043750 0.125000
2 0.682031 0.476562 0.045312 0.125000
2 0.766406 0.479492 0.048438 0.123047
2 0.846875 0.480469 0.043750 0.125000
2 0.928125 0.483398 0.046875 0.119141
2 0.116406 0.583008 0.039062 0.123047
4 0.193750 0.584961 0.037500 0.119141
2 0.273438 0.584961 0.040625 0.126953
2 0.357031 0.590820 0.045312 0.126953
2 0.519531 0.591797 0.042188 0.121094
4 0.437500 0.592773 0.043750 0.126953
2 0.682031 0.596680 0.045312 0.126953
2 0.600781 0.597656 0.045312 0.125000
2 0.764844 0.601562 0.048438 0.125000
2 0.845313 0.600586 0.046875 0.123047
2 0.927344 0.602539 0.045312 0.123047
2 0.274219 0.711914 0.042188 0.123047
2 0.355469 0.713867 0.042188 0.123047
4 0.435937 0.716797 0.040625 0.121094
2 0.516406 0.716797 0.042188 0.125000
2 0.599219 0.719727 0.045312 0.123047
2 0.682031 0.720703 0.045312 0.125000
2 0.763281 0.719727 0.045312 0.126953
2 0.842187 0.724609 0.050000 0.121094
2 0.355469 0.833984 0.039062 0.121094
1 0.434375 0.837891 0.043750 0.121094
2 0.515625 0.837891 0.040625 0.125000
2 0.597656 0.840820 0.042188 0.123047
2 0.840625 0.842773 0.046875 0.119141
2 0.678906 0.842773 0.045312 0.123047
2 0.760938 0.844727 0.046875 0.119141
2 0.127344 0.099609 0.042188 0.125000
4 0.285156 0.102539 0.039062 0.123047
2 0.049219 0.103516 0.039062 0.125000
4 0.205469 0.104492 0.039062 0.123047
2 0.365625 0.104492 0.043750 0.126953
4 0.525781 0.106445 0.045312 0.119141
4 0.444531 0.108398 0.042188 0.123047
2 0.605469 0.108398 0.048438 0.123047
2 0.687500 0.115234 0.043750 0.125000
2 0.848437 0.120117 0.046875 0.126953
2 0.769531 0.120117 0.045312 0.126953
2 0.928125 0.122070 0.043750 0.119141
