2 0.144531 0.807617 0.089063 0.052734
4 0.246094 0.509766 0.095312 0.054688
2 0.153906 0.412109 0.098437 0.050781
2 0.831250 0.160156 0.096875 0.050781
2 0.337500 0.620117 0.100000 0.056641
2 0.255469 0.221680 0.098437 0.052734
4 0.803906 0.847656 0.095312 0.058594
2 0.342187 0.422852 0.096875 0.052734
2 0.827344 0.254883 0.095312 0.052734
4 0.145313 0.707031 0.090625 0.054688
2 0.175000 0.024414 0.093750 0.044922
2 0.813281 0.650391 0.098437 0.058594
2 0.255469 0.317383 0.098437 0.052734
4 0.799219 0.945312 0.098437 0.058594
4 0.328906 0.915039 0.092188 0.056641
2 0.163281 0.215820 0.098437 0.052734
2 0.266406 0.027344 0.095312 0.046875
2 0.810156 0.750977 0.095312 0.056641
2 0.241406 0.614258 0.095312 0.056641
4 0.817187 0.549805 0.096875 0.052734
2 0.832812 0.062500 0.096875 0.054688
2 0.820312 0.452148 0.096875 0.056641
2 0.247656 0.416992 0.098437 0.052734
2 0.147656 0.608398 0.095312 0.056641
2 0.233594 0.813477 0.095312 0.052734
0 0.332813 0.718750 0.096875 0.054688
4 0.150781 0.503906 0.092188 0.054688
2 0.328125 0.819336 0.100000 0.056641
2 0.262500 0.125977 0.096875 0.048828
4 0.349219 0.325195 0.101562 0.056641
2 0.167969 0.122070 0.098437 0.048828
4 0.238281 0.713867 0.095312 0.056641
2 0.821094 0.353516 0.095312 0.050781
4 0.159375 0.314453 0.093750 0.054688
4 0.339062 0.515625 0.096875 0.054688
2 0.423438 0.823242 0.096875 0.052734
2 0.357812 0.127930 0.096875 0.052734
2 0.546094 0.235352 0.095312 0.052734
4 0.710156 0.842773 0.095312 0.056641
2 0.528906 0.631836 0.098437 0.060547
1 0.532813 0.532227 0.096875 0.056641
2 0.732031 0.348633 0.098437 0.052734
2 0.352344 0.222656 0.095312 0.046875
2 0.631250 0.442383 0.100000 0.056641
2 0.361719 0.031250 0.095312 0.046875
2 0.639844 0.243164 0.095312 0.052734
4 0.636719 0.341797 0.104688 0.054688
4 0.542188 0.333984 0.096875 0.054688
4 0.739844 0.057617 0.098437 0.052734
4 0.435937 0.524414 0.096875 0.056641
4 0.722656 0.543945 0.098437 0.056641
2 0.538281 0.432617 0.098437 0.060547
2 0.738281 0.155273 0.098437 0.052734
4 0.421875 0.923828 0.096875 0.054688
2 0.720313 0.647461 0.100000 0.056641
4 0.445312 0.329102 0.096875 0.052734
2 0.733594 0.250000 0.095312 0.054688
2 0.547656 0.141602 0.098437 0.052734
2 0.453906 0.133789 0.098437 0.048828
2 0.714844 0.743164 0.098437 0.056641
2 0.439844 0.426758 0.098437 0.056641
2 0.644531 0.049805 0.098437 0.052734
2 0.518750 0.832031 0.093750 0.054688
2 0.431250 0.627930 0.100000 0.056641
2 0.619531 0.738281 0.098437 0.054688
2 0.553125 0.041992 0.093750 0.048828
2 0.524219 0.732422 0.098437 0.058594
2 0.446094 0.229492 0.098437 0.048828
2 0.643750 0.145508 0.100000 0.052734
4 0.516406 0.929688 0.098437 0.062500
4 0.611719 0.936523 0.095312 0.056641
4 0.613281 0.838867 0.095312 0.060547
2 0.725781 0.446289 0.098437 0.056641
2 0.624219 0.638672 0.098437 0.058594
2 0.427344 0.725586 0.095312 0.056641
1 0.706250 0.939453 0.096875 0.058594
2 0.627344 0.539062 0.101562 0.054688
2 0.458594 0.036133 0.101562 0.048828
