4 0.141406 0.387695 0.079687 0.048828
4 0.799219 0.178711 0.098437 0.048828
4 0.798438 0.272461 0.106250 0.048828
4 0.799219 0.376953 0.104688 0.054688
2 0.798438 0.479492 0.106250 0.056641
2 0.798438 0.582031 0.100000 0.054688
4 0.794531 0.683594 0.101562 0.054688
2 0.794531 0.885742 0.098437 0.060547
2 0.793750 0.786133 0.100000 0.052734
2 0.789844 0.978516 0.095312 0.042969
1 0.705469 0.273438 0.101562 0.050781
2 0.702344 0.172852 0.101562 0.048828
2 0.701562 0.375977 0.103125 0.052734
2 0.702344 0.479492 0.107813 0.052734
2 0.698438 0.582031 0.103125 0.058594
1 0.699219 0.683594 0.098437 0.054688
2 0.699219 0.786133 0.101562 0.052734
2 0.696094 0.888672 0.098437 0.058594
4 0.696094 0.979492 0.101562 0.041016
2 0.600781 0.583008 0.104688 0.056641
2 0.600000 0.786133 0.100000 0.056641
2 0.600781 0.888672 0.098437 0.058594
1 0.599219 0.685547 0.101562 0.054688
2 0.597656 0.979492 0.098437 0.041016
4 0.502344 0.684570 0.098437 0.056641
2 0.501563 0.582031 0.100000 0.050781
2 0.501563 0.890625 0.096875 0.058594
4 0.502344 0.980469 0.101562 0.039062
2 0.500781 0.786133 0.101562 0.056641
2 0.469531 0.086914 0.095312 0.048828
2 0.402344 0.786133 0.095312 0.056641
2 0.402344 0.888672 0.098437 0.058594
4 0.402344 0.980469 0.098437 0.039062
2 0.371875 0.087891 0.100000 0.046875
4 0.328906 0.384766 0.098437 0.050781
2 0.322656 0.189453 0.098437 0.050781
4 0.321875 0.290039 0.100000 0.052734
2 0.305469 0.886719 0.098437 0.058594
1 0.303906 0.979492 0.098437 0.041016
2 0.273438 0.087891 0.100000 0.050781
4 0.229687 0.386719 0.096875 0.050781
2 0.225781 0.190430 0.101562 0.048828
2 0.225781 0.290039 0.098437 0.052734
2 0.207031 0.978516 0.098437 0.042969
2 0.179688 0.090820 0.100000 0.048828
2 0.159375 0.504883 0.100000 0.052734
