2 0.839844 0.813477 0.039062 0.126953
2 0.908594 0.841797 0.035937 0.128906
2 0.760938 0.524414 0.040625 0.126953
4 0.911719 0.725586 0.039062 0.126953
2 0.757031 0.767578 0.042188 0.136719
2 0.844531 0.570312 0.039062 0.128906
2 0.842969 0.688477 0.039062 0.130859
4 0.914844 0.603516 0.039062 0.128906
2 0.757031 0.643555 0.042188 0.134766
4 0.754687 0.883789 0.043750 0.130859
2 0.848437 0.450195 0.040625 0.130859
2 0.917969 0.481445 0.035937 0.123047
4 0.905469 0.948242 0.035937 0.103516
2 0.980469 0.913086 0.039062 0.119141
2 0.920312 0.362305 0.034375 0.123047
2 0.834375 0.928711 0.037500 0.126953
2 0.847656 0.327148 0.032813 0.119141
