4 0.797656 0.885742 0.095312 0.048828
4 0.146094 0.981445 0.089063 0.037109
2 0.798438 0.980469 0.093750 0.039062
2 0.143750 0.887695 0.087500 0.044922
2 0.184375 0.594727 0.093750 0.052734
2 0.185938 0.692383 0.093750 0.044922
4 0.518750 0.982422 0.096875 0.035156
2 0.566406 0.781250 0.095312 0.054688
2 0.613281 0.982422 0.098437 0.035156
2 0.613281 0.888672 0.098437 0.050781
2 0.708594 0.981445 0.098437 0.037109
2 0.658594 0.780273 0.095312 0.052734
4 0.705469 0.886719 0.095312 0.050781
2 0.186719 0.787109 0.089063 0.046875
2 0.233594 0.886719 0.092188 0.042969
2 0.375781 0.785156 0.098437 0.046875
2 0.517188 0.890625 0.093750 0.050781
2 0.423438 0.890625 0.093750 0.046875
4 0.469531 0.691406 0.095312 0.054688
4 0.423438 0.982422 0.093750 0.035156
2 0.469531 0.784180 0.095312 0.052734
4 0.237500 0.982422 0.093750 0.035156
4 0.329688 0.889648 0.093750 0.044922
4 0.329688 0.981445 0.093750 0.037109
4 0.374219 0.691406 0.095312 0.050781
4 0.279687 0.692383 0.093750 0.052734
4 0.279687 0.594727 0.093750 0.052734
2 0.280469 0.787109 0.095312 0.046875
2 0.146094 0.489258 0.092188 0.056641
