2 0.742969 0.118164 0.098437 0.056641
1 0.742969 0.716797 0.095312 0.050781
0 0.743750 0.815430 0.093750 0.044922
2 0.740625 0.909180 0.096875 0.044922
2 0.742969 0.025391 0.095312 0.050781
2 0.738281 0.994141 0.095312 0.011719
2 0.653906 0.118164 0.092188 0.056641
4 0.653906 0.217773 0.095312 0.056641
2 0.653906 0.615234 0.095312 0.050781
2 0.653125 0.317383 0.093750 0.052734
2 0.652344 0.517578 0.095312 0.050781
4 0.651563 0.715820 0.096875 0.048828
2 0.652344 0.416992 0.095312 0.052734
2 0.650000 0.024414 0.090625 0.048828
4 0.649219 0.813477 0.092188 0.044922
2 0.644531 0.993164 0.092188 0.013672
2 0.647656 0.909180 0.089063 0.044922
2 0.841406 0.321289 0.095312 0.052734
2 0.842187 0.418945 0.096875 0.052734
4 0.840625 0.521484 0.093750 0.050781
2 0.839063 0.222656 0.093750 0.054688
2 0.837500 0.122070 0.096875 0.056641
2 0.836719 0.620117 0.095312 0.048828
2 0.836719 0.718750 0.095312 0.046875
0 0.835938 0.028320 0.093750 0.056641
2 0.835156 0.814453 0.092188 0.046875
2 0.832812 0.911133 0.090625 0.044922
2 0.748437 0.318359 0.096875 0.054688
2 0.747656 0.418945 0.098437 0.056641
2 0.746094 0.219727 0.095312 0.060547
2 0.828906 0.993164 0.092188 0.013672
1 0.746094 0.518555 0.098437 0.052734
2 0.746094 0.617188 0.098437 0.046875
