2 0.183594 0.667969 0.101562 0.054688
4 0.183594 0.868164 0.098437 0.048828
4 0.182031 0.768555 0.098437 0.048828
2 0.580469 0.068359 0.098437 0.058594
2 0.566406 0.977539 0.098437 0.044922
2 0.581250 0.168945 0.100000 0.060547
2 0.572656 0.678711 0.101562 0.056641
2 0.567969 0.783203 0.101562 0.050781
4 0.567969 0.882812 0.095312 0.046875
2 0.578125 0.374023 0.100000 0.056641
2 0.573438 0.475586 0.096875 0.052734
2 0.577344 0.272461 0.101562 0.056641
4 0.574219 0.578125 0.101562 0.054688
2 0.179688 0.965820 0.100000 0.052734
2 0.675781 0.170898 0.101562 0.056641
2 0.671094 0.680664 0.098437 0.052734
2 0.669531 0.782227 0.098437 0.052734
2 0.676562 0.272461 0.100000 0.056641
4 0.673438 0.580078 0.096875 0.050781
2 0.675781 0.375977 0.098437 0.056641
2 0.673438 0.479492 0.100000 0.052734
2 0.775781 0.173828 0.095312 0.058594
1 0.770312 0.582031 0.096875 0.054688
2 0.767188 0.680664 0.096875 0.048828
2 0.679688 0.072266 0.096875 0.062500
2 0.774219 0.276367 0.098437 0.056641
2 0.770312 0.480469 0.100000 0.050781
2 0.774219 0.074219 0.095312 0.058594
2 0.772656 0.377930 0.098437 0.052734
2 0.192188 0.265625 0.100000 0.054688
2 0.186719 0.368164 0.098437 0.060547
4 0.186719 0.569336 0.098437 0.052734
4 0.185156 0.467773 0.095312 0.056641
2 0.196094 0.064453 0.101562 0.058594
2 0.196094 0.163086 0.101562 0.056641
2 0.477344 0.474609 0.101562 0.054688
2 0.475781 0.576172 0.098437 0.054688
2 0.284375 0.268555 0.100000 0.052734
2 0.282031 0.370117 0.101562 0.056641
4 0.282031 0.469727 0.098437 0.052734
4 0.277344 0.872070 0.098437 0.048828
2 0.280469 0.574219 0.098437 0.054688
2 0.278125 0.773438 0.096875 0.050781
2 0.474219 0.780273 0.098437 0.056641
2 0.378125 0.474609 0.100000 0.058594
2 0.289844 0.066406 0.098437 0.058594
2 0.286719 0.163086 0.101562 0.052734
2 0.375781 0.675781 0.098437 0.054688
2 0.373437 0.973633 0.100000 0.048828
2 0.374219 0.775391 0.098437 0.050781
4 0.373437 0.875977 0.096875 0.048828
2 0.472656 0.674805 0.098437 0.056641
2 0.382031 0.269531 0.101562 0.050781
2 0.379688 0.373047 0.100000 0.054688
0 0.378906 0.573242 0.098437 0.056641
4 0.471875 0.877930 0.100000 0.048828
2 0.385156 0.165039 0.101562 0.056641
2 0.470313 0.977539 0.096875 0.044922
2 0.385156 0.066406 0.098437 0.058594
2 0.484375 0.066406 0.100000 0.054688
2 0.479687 0.373047 0.100000 0.054688
2 0.483594 0.166992 0.098437 0.060547
2 0.481250 0.272461 0.100000 0.056641
2 0.276562 0.670898 0.103125 0.048828
2 0.277344 0.968750 0.101562 0.046875
