2 0.257031 0.881836 0.098437 0.056641
2 0.257031 0.974609 0.095312 0.050781
0 0.256250 0.184570 0.093750 0.044922
1 0.257031 0.283203 0.095312 0.050781
2 0.259375 0.090820 0.096875 0.044922
2 0.346094 0.881836 0.092188 0.056641
2 0.261719 0.005859 0.095312 0.011719
4 0.346094 0.782227 0.095312 0.056641
2 0.346094 0.384766 0.095312 0.050781
2 0.346875 0.682617 0.093750 0.052734
2 0.347656 0.482422 0.095312 0.050781
2 0.347656 0.583008 0.095312 0.052734
4 0.348438 0.284180 0.096875 0.048828
2 0.352344 0.090820 0.089063 0.044922
4 0.350781 0.186523 0.092188 0.044922
2 0.355469 0.006836 0.092188 0.013672
2 0.158594 0.678711 0.095312 0.052734
2 0.157812 0.581055 0.096875 0.052734
4 0.159375 0.478516 0.093750 0.050781
2 0.160938 0.777344 0.093750 0.054688
2 0.162500 0.877930 0.096875 0.056641
2 0.163281 0.379883 0.095312 0.048828
2 0.350000 0.975586 0.090625 0.048828
2 0.163281 0.281250 0.095312 0.046875
0 0.164062 0.971680 0.093750 0.056641
2 0.164844 0.185547 0.092188 0.046875
2 0.167187 0.088867 0.090625 0.044922
2 0.171094 0.006836 0.092188 0.013672
2 0.251563 0.681641 0.096875 0.054688
2 0.253906 0.382812 0.098437 0.046875
1 0.253906 0.481445 0.098437 0.052734
2 0.252344 0.581055 0.098437 0.056641
2 0.253906 0.780273 0.095312 0.060547
