2 0.654687 0.286133 0.103125 0.052734
2 0.653125 0.389648 0.103125 0.052734
2 0.650781 0.492188 0.098437 0.054688
2 0.650000 0.599609 0.100000 0.058594
0 0.646875 0.694336 0.096875 0.052734
2 0.559375 0.083984 0.100000 0.050781
2 0.557813 0.181641 0.100000 0.054688
2 0.557813 0.284180 0.100000 0.052734
2 0.554688 0.388672 0.103125 0.054688
2 0.554688 0.492188 0.096875 0.054688
2 0.551562 0.595703 0.100000 0.058594
2 0.550000 0.691406 0.100000 0.054688
2 0.463281 0.079102 0.098437 0.052734
2 0.461719 0.178711 0.101562 0.052734
2 0.457813 0.282227 0.096875 0.056641
2 0.456250 0.385742 0.096875 0.052734
2 0.454688 0.489258 0.100000 0.056641
2 0.453906 0.591797 0.098437 0.054688
2 0.848437 0.095703 0.096875 0.050781
0 0.846094 0.011719 0.098437 0.023438
4 0.845313 0.193359 0.096875 0.050781
2 0.364844 0.078125 0.098437 0.050781
2 0.364844 0.176758 0.098437 0.048828
2 0.360156 0.279297 0.098437 0.054688
2 0.357812 0.382812 0.100000 0.054688
2 0.356250 0.488281 0.100000 0.054688
2 0.356250 0.589844 0.093750 0.054688
4 0.845313 0.294922 0.096875 0.054688
2 0.844531 0.397461 0.101562 0.056641
4 0.842969 0.498047 0.098437 0.054688
2 0.264062 0.174805 0.100000 0.048828
2 0.260937 0.279297 0.103125 0.050781
2 0.260937 0.380859 0.096875 0.054688
2 0.260937 0.485352 0.096875 0.056641
2 0.172656 0.076172 0.098437 0.046875
2 0.167969 0.173828 0.098437 0.046875
2 0.165625 0.277344 0.096875 0.046875
2 0.164062 0.379883 0.096875 0.048828
2 0.163281 0.484375 0.095312 0.054688
4 0.754687 0.007812 0.096875 0.015625
2 0.753125 0.089844 0.100000 0.050781
4 0.751563 0.187500 0.100000 0.050781
4 0.749219 0.289062 0.098437 0.054688
2 0.842187 0.604492 0.100000 0.052734
2 0.745313 0.602539 0.100000 0.056641
4 0.745313 0.697266 0.096875 0.054688
4 0.839063 0.701172 0.096875 0.054688
2 0.748437 0.494141 0.100000 0.054688
2 0.268750 0.076172 0.096875 0.046875
2 0.750000 0.394531 0.103125 0.054688
2 0.656250 0.182617 0.100000 0.056641
2 0.657813 0.085938 0.100000 0.050781
2 0.657031 0.005859 0.104688 0.011719
