2 0.742969 0.621094 0.095312 0.054688
2 0.738281 0.725586 0.098437 0.056641
4 0.731250 0.336914 0.106250 0.052734
2 0.702344 0.426758 0.101562 0.048828
0 0.698438 0.520508 0.103125 0.052734
2 0.676562 0.235352 0.096875 0.048828
2 0.647656 0.620117 0.098437 0.060547
2 0.641406 0.722656 0.095312 0.058594
4 0.637500 0.333984 0.096875 0.054688
2 0.606250 0.420898 0.103125 0.048828
2 0.603906 0.518555 0.098437 0.052734
2 0.549219 0.618164 0.098437 0.056641
2 0.508594 0.414062 0.101562 0.054688
4 0.506250 0.514648 0.100000 0.056641
4 0.858594 0.242188 0.082812 0.054688
2 0.485156 0.061523 0.095312 0.052734
2 0.453906 0.616211 0.095312 0.060547
2 0.433594 0.148438 0.098437 0.046875
0 0.417187 0.892578 0.093750 0.058594
2 0.411719 0.411133 0.098437 0.056641
4 0.411719 0.511719 0.095312 0.054688
2 0.390625 0.057617 0.100000 0.052734
2 0.847656 0.959961 0.095312 0.060547
4 0.339844 0.145508 0.098437 0.044922
2 0.321094 0.888672 0.095312 0.062500
2 0.316406 0.409180 0.095312 0.056641
4 0.314844 0.510742 0.098437 0.056641
2 0.294531 0.056641 0.098437 0.050781
2 0.838281 0.625000 0.098437 0.054688
2 0.242188 0.145508 0.096875 0.044922
2 0.830469 0.727539 0.095312 0.052734
2 0.199219 0.056641 0.098437 0.046875
4 0.825000 0.340820 0.100000 0.052734
2 0.148438 0.145508 0.093750 0.044922
2 0.796875 0.428711 0.100000 0.048828
2 0.796094 0.522461 0.098437 0.056641
2 0.769531 0.240234 0.098437 0.054688
