4 0.693750 0.604492 0.096875 0.056641
2 0.707812 0.975586 0.093750 0.048828
2 0.160938 0.336914 0.093750 0.052734
2 0.709375 0.879883 0.093750 0.056641
2 0.729688 0.502930 0.100000 0.052734
2 0.761719 0.781250 0.095312 0.050781
2 0.761719 0.690430 0.095312 0.044922
4 0.789062 0.603516 0.093750 0.054688
2 0.798438 0.974609 0.093750 0.050781
2 0.803125 0.876953 0.093750 0.050781
2 0.825781 0.501953 0.095312 0.054688
2 0.853906 0.688477 0.092188 0.048828
2 0.208594 0.425781 0.098437 0.042969
2 0.227344 0.024414 0.098437 0.044922
2 0.254688 0.333008 0.096875 0.044922
2 0.284375 0.684570 0.093750 0.052734
4 0.287500 0.781250 0.093750 0.054688
2 0.302344 0.425781 0.095312 0.042969
2 0.321875 0.022461 0.100000 0.041016
4 0.378125 0.784180 0.096875 0.052734
2 0.348438 0.333008 0.106250 0.048828
2 0.378125 0.683594 0.103125 0.054688
2 0.399219 0.425781 0.092188 0.046875
2 0.415625 0.022461 0.100000 0.044922
2 0.425000 0.882812 0.096875 0.054688
2 0.445312 0.333984 0.100000 0.046875
2 0.473438 0.685547 0.100000 0.050781
2 0.521094 0.880859 0.095312 0.054688
4 0.476562 0.783203 0.093750 0.050781
2 0.144531 0.025391 0.089063 0.042969
2 0.570312 0.690430 0.096875 0.048828
2 0.570312 0.785156 0.093750 0.054688
4 0.599219 0.603516 0.092188 0.054688
2 0.613281 0.977539 0.095312 0.044922
2 0.616406 0.881836 0.095312 0.052734
2 0.636719 0.501953 0.092188 0.054688
0 0.666406 0.783203 0.092188 0.054688
2 0.667969 0.690430 0.095312 0.048828
