2 0.403125 0.803711 0.043750 0.119141
2 0.319531 0.797852 0.045312 0.123047
4 0.630469 0.789062 0.042188 0.132812
2 0.558594 0.752930 0.039062 0.126953
0 0.483594 0.748047 0.042188 0.128906
2 0.055469 0.746094 0.045312 0.117188
2 0.711719 0.720703 0.039062 0.121094
2 0.403906 0.684570 0.048438 0.123047
2 0.321875 0.676758 0.046875 0.119141
4 0.632812 0.671875 0.043750 0.121094
2 0.563281 0.632812 0.039062 0.128906
2 0.485156 0.629883 0.042188 0.123047
2 0.405469 0.561523 0.045312 0.123047
2 0.568750 0.510742 0.043750 0.126953
4 0.488281 0.507812 0.045312 0.125000
4 0.706250 0.948242 0.043750 0.103516
2 0.850781 0.481445 0.042188 0.119141
2 0.407031 0.442383 0.048438 0.119141
2 0.781250 0.416992 0.037500 0.123047
0 0.185938 0.396484 0.046875 0.117188
2 0.571094 0.389648 0.045312 0.123047
4 0.490625 0.389648 0.043750 0.119141
2 0.853906 0.363281 0.042188 0.125000
2 0.132031 0.934570 0.048438 0.119141
4 0.783594 0.299805 0.035937 0.123047
2 0.189062 0.276367 0.050000 0.119141
2 0.572656 0.270508 0.045312 0.119141
4 0.491406 0.268555 0.045312 0.123047
2 0.854688 0.243164 0.040625 0.123047
2 0.400000 0.922852 0.043750 0.123047
2 0.783594 0.177734 0.035937 0.121094
2 0.317969 0.913086 0.042188 0.119141
2 0.854688 0.124023 0.037500 0.123047
4 0.627344 0.906250 0.042188 0.125000
2 0.783594 0.060547 0.035937 0.117188
2 0.557031 0.871094 0.039062 0.125000
2 0.482031 0.870117 0.045312 0.123047
2 0.055469 0.859375 0.045312 0.125000
2 0.707812 0.836914 0.043750 0.123047
