2 0.322656 0.041016 0.098437 0.050781
2 0.323437 0.238281 0.100000 0.046875
4 0.322656 0.137695 0.101562 0.044922
2 0.323437 0.544922 0.103125 0.054688
2 0.323437 0.445312 0.103125 0.054688
2 0.324219 0.340820 0.101562 0.052734
2 0.325000 0.647461 0.100000 0.056641
2 0.327344 0.748047 0.098437 0.058594
4 0.328906 0.851562 0.098437 0.054688
0 0.331250 0.949219 0.100000 0.058594
2 0.417969 0.039062 0.098437 0.046875
2 0.419531 0.137695 0.098437 0.048828
2 0.421094 0.546875 0.098437 0.054688
2 0.420312 0.443359 0.096875 0.054688
2 0.421094 0.339844 0.098437 0.050781
2 0.421094 0.239258 0.098437 0.048828
2 0.424219 0.647461 0.098437 0.056641
2 0.424219 0.848633 0.101562 0.056641
2 0.425000 0.749023 0.096875 0.060547
4 0.425781 0.948242 0.095312 0.056641
2 0.138281 0.446289 0.076563 0.052734
2 0.138281 0.342773 0.076563 0.052734
4 0.139063 0.546875 0.078125 0.054688
2 0.139063 0.139648 0.078125 0.044922
2 0.139844 0.648438 0.079687 0.054688
2 0.139844 0.240234 0.079687 0.050781
2 0.140625 0.749023 0.081250 0.056641
2 0.140625 0.046875 0.081250 0.046875
4 0.141406 0.848633 0.082812 0.056641
2 0.143750 0.949219 0.087500 0.058594
4 0.225000 0.543945 0.096875 0.056641
2 0.225781 0.444336 0.101562 0.056641
2 0.225781 0.043945 0.098437 0.048828
2 0.226562 0.647461 0.096875 0.052734
2 0.227344 0.340820 0.098437 0.052734
4 0.227344 0.139648 0.101562 0.044922
2 0.227344 0.240234 0.098437 0.050781
2 0.228906 0.749023 0.098437 0.056641
4 0.231250 0.851562 0.096875 0.058594
4 0.234375 0.947266 0.096875 0.058594
