4 0.757031 0.968750 0.095312 0.042969
2 0.580469 0.266602 0.098437 0.056641
4 0.569531 0.964844 0.098437 0.046875
4 0.663281 0.964844 0.098437 0.046875
2 0.569531 0.864258 0.098437 0.048828
2 0.578125 0.367188 0.093750 0.054688
2 0.769531 0.074219 0.095312 0.058594
2 0.581250 0.167969 0.096875 0.054688
2 0.676562 0.168945 0.096875 0.056641
2 0.763281 0.574219 0.101562 0.046875
2 0.572656 0.665039 0.098437 0.052734
2 0.666406 0.669922 0.098437 0.054688
2 0.664062 0.868164 0.096875 0.048828
4 0.574219 0.565430 0.095312 0.052734
2 0.766406 0.475586 0.095312 0.052734
2 0.758594 0.870117 0.092188 0.048828
2 0.771094 0.172852 0.095312 0.052734
2 0.672656 0.370117 0.101562 0.052734
1 0.671094 0.471680 0.098437 0.052734
1 0.674219 0.271484 0.101562 0.054688
2 0.768750 0.373047 0.100000 0.050781
2 0.582812 0.070312 0.096875 0.054688
2 0.762500 0.772461 0.093750 0.048828
4 0.772656 0.276367 0.095312 0.056641
2 0.859375 0.080078 0.081250 0.054688
0 0.667969 0.572266 0.098437 0.050781
2 0.763281 0.672852 0.095312 0.052734
4 0.573438 0.467773 0.096875 0.052734
2 0.571094 0.765625 0.098437 0.050781
2 0.677344 0.070312 0.095312 0.058594
2 0.860156 0.175781 0.079687 0.054688
2 0.667188 0.771484 0.096875 0.050781
