1 0.109375 0.198242 0.062500 0.033203
2 0.169531 0.199219 0.060937 0.031250
2 0.227344 0.208984 0.057813 0.035156
2 0.286719 0.211914 0.060937 0.033203
3 0.503125 0.021484 0.059375 0.031250
2 0.346094 0.214844 0.060937 0.035156
2 0.407813 0.218750 0.062500 0.031250
2 0.140625 0.604492 0.062500 0.037109
2 0.623437 0.060547 0.062500 0.031250
0 0.200000 0.609375 0.062500 0.031250
2 0.260156 0.613281 0.060937 0.035156
2 0.319531 0.622070 0.060937 0.033203
2 0.378906 0.622070 0.060937 0.037109
2 0.197656 0.063477 0.060937 0.033203
2 0.258594 0.064453 0.057813 0.035156
3 0.439063 0.629883 0.059375 0.037109
3 0.500000 0.633789 0.062500 0.033203
2 0.076563 0.635742 0.062500 0.033203
2 0.136719 0.639648 0.064062 0.033203
3 0.561719 0.639648 0.060937 0.033203
0 0.197656 0.642578 0.064062 0.035156
2 0.257812 0.647461 0.059375 0.033203
2 0.317188 0.654297 0.068750 0.035156
2 0.376563 0.658203 0.065625 0.035156
3 0.684375 0.065430 0.062500 0.029297
3 0.436719 0.665039 0.060937 0.033203
3 0.498437 0.668945 0.062500 0.037109
2 0.072656 0.670898 0.064062 0.037109
3 0.561719 0.672852 0.064062 0.033203
2 0.251563 0.683594 0.065625 0.035156
2 0.314063 0.690430 0.065625 0.037109
3 0.374219 0.695312 0.064062 0.035156
2 0.435937 0.700195 0.062500 0.037109
3 0.746094 0.069336 0.060937 0.029297
2 0.317188 0.071289 0.062500 0.033203
3 0.497656 0.704102 0.060937 0.033203
3 0.560156 0.707031 0.064062 0.035156
2 0.378125 0.074219 0.062500 0.031250
2 0.500781 0.081055 0.057813 0.033203
2 0.438281 0.080078 0.060937 0.031250
2 0.064062 0.801758 0.056250 0.037109
2 0.121875 0.804688 0.059375 0.039062
2 0.180469 0.811523 0.057813 0.037109
4 0.239844 0.816406 0.060937 0.039062
2 0.300781 0.825195 0.057813 0.037109
2 0.360156 0.830078 0.060937 0.039062
2 0.060156 0.833984 0.057813 0.035156
3 0.421094 0.833984 0.060937 0.039062
2 0.117969 0.840820 0.060937 0.033203
3 0.481250 0.840820 0.065625 0.037109
3 0.544531 0.845703 0.060937 0.035156
2 0.177344 0.845703 0.057813 0.031250
3 0.602344 0.846680 0.060937 0.037109
2 0.236719 0.852539 0.060937 0.037109
2 0.296875 0.858398 0.059375 0.037109
2 0.560937 0.086914 0.062500 0.029297
2 0.356250 0.866211 0.059375 0.033203
2 0.053906 0.867188 0.057813 0.046875
2 0.417187 0.870117 0.062500 0.037109
2 0.114062 0.873047 0.059375 0.042969
3 0.480469 0.878906 0.064062 0.035156
3 0.540625 0.880859 0.059375 0.035156
3 0.600781 0.883789 0.064062 0.037109
2 0.172656 0.883789 0.057813 0.041016
2 0.232031 0.889648 0.060937 0.037109
2 0.294531 0.898438 0.060937 0.042969
2 0.353906 0.903320 0.060937 0.037109
2 0.416406 0.910156 0.060937 0.039062
2 0.478125 0.915039 0.062500 0.037109
2 0.537500 0.916992 0.059375 0.037109
2 0.190625 0.678711 0.065625 0.037109
2 0.132812 0.675781 0.065625 0.035156
2 0.467969 0.223633 0.060937 0.033203
0 0.046875 0.226562 0.062500 0.031250
2 0.106250 0.228516 0.062500 0.031250
1 0.527344 0.227539 0.060937 0.037109
0 0.165625 0.231445 0.062500 0.037109
2 0.026562 0.024414 0.053125 0.029297
3 0.563281 0.025391 0.060937 0.031250
2 0.223438 0.241211 0.062500 0.033203
2 0.282813 0.244141 0.062500 0.031250
2 0.083594 0.025391 0.060937 0.027344
2 0.403125 0.250977 0.062500 0.033203
2 0.341406 0.248047 0.060937 0.035156
3 0.464844 0.255859 0.060937 0.035156
1 0.525781 0.257812 0.060937 0.031250
2 0.042188 0.258789 0.062500 0.037109
2 0.101562 0.261719 0.062500 0.035156
2 0.160156 0.267578 0.060937 0.035156
2 0.220312 0.272461 0.062500 0.029297
2 0.142969 0.028320 0.057813 0.029297
2 0.279687 0.274414 0.062500 0.033203
2 0.339062 0.280273 0.062500 0.033203
2 0.401562 0.287109 0.065625 0.035156
3 0.462500 0.290039 0.062500 0.033203
3 0.525000 0.290039 0.062500 0.037109
2 0.624219 0.030273 0.060937 0.033203
2 0.199219 0.033203 0.057813 0.027344
2 0.260937 0.034180 0.062500 0.025391
2 0.684375 0.034180 0.059375 0.037109
3 0.744531 0.040039 0.060937 0.033203
2 0.320312 0.041016 0.059375 0.031250
2 0.045312 0.397461 0.059375 0.037109
2 0.103125 0.396484 0.062500 0.027344
2 0.161719 0.401367 0.060937 0.033203
2 0.221094 0.404297 0.060937 0.035156
3 0.380469 0.041992 0.060937 0.033203
2 0.281250 0.412109 0.059375 0.031250
2 0.341406 0.415039 0.064062 0.033203
2 0.401562 0.421875 0.065625 0.031250
2 0.158594 0.431641 0.064062 0.031250
2 0.099219 0.428711 0.064062 0.033203
2 0.040625 0.432617 0.062500 0.033203
2 0.217969 0.436523 0.064062 0.029297
2 0.276562 0.442383 0.062500 0.029297
2 0.464062 0.425781 0.062500 0.031250
3 0.523438 0.426758 0.059375 0.029297
2 0.338281 0.447266 0.064062 0.031250
2 0.400000 0.453125 0.062500 0.031250
3 0.460156 0.457031 0.064062 0.031250
3 0.521875 0.458984 0.059375 0.031250
2 0.095312 0.463867 0.062500 0.037109
2 0.033594 0.464844 0.064062 0.031250
2 0.153125 0.465820 0.062500 0.037109
3 0.440625 0.046875 0.062500 0.031250
2 0.213281 0.469727 0.064062 0.037109
2 0.275000 0.473633 0.062500 0.033203
2 0.333594 0.480469 0.064062 0.035156
2 0.398438 0.487305 0.062500 0.033203
3 0.460156 0.491211 0.064062 0.033203
3 0.521875 0.495117 0.059375 0.037109
3 0.500781 0.051758 0.060937 0.033203
2 0.025781 0.053711 0.051562 0.029297
2 0.561719 0.055664 0.060937 0.033203
2 0.080469 0.055664 0.057813 0.033203
2 0.138281 0.057617 0.057813 0.033203
2 0.082031 0.599609 0.060937 0.035156
3 0.620313 0.093750 0.062500 0.031250
3 0.600000 0.920898 0.062500 0.041016
3 0.684375 0.096680 0.062500 0.029297
3 0.745313 0.100586 0.059375 0.033203
0 0.382031 0.014648 0.060937 0.029297
1 0.051562 0.194336 0.065625 0.033203
3 0.442969 0.015625 0.060937 0.031250
