1 0.768750 0.285156 0.025000 0.078125
2 0.771875 0.211914 0.025000 0.076172
0 0.772656 0.134766 0.026562 0.074219
2 0.775000 0.061523 0.025000 0.076172
2 0.775781 0.011719 0.023438 0.023438
3 0.776563 0.820312 0.021875 0.070312
3 0.779687 0.746094 0.028125 0.078125
3 0.785156 0.663086 0.023438 0.083984
3 0.786719 0.585938 0.020313 0.070312
2 0.789062 0.515625 0.025000 0.070312
2 0.789062 0.440430 0.025000 0.076172
2 0.791406 0.362305 0.026562 0.076172
2 0.794531 0.288086 0.023438 0.076172
2 0.795312 0.215820 0.025000 0.072266
2 0.798438 0.141602 0.025000 0.076172
2 0.799219 0.066406 0.026562 0.074219
2 0.800000 0.013672 0.025000 0.027344
2 0.760938 0.512695 0.028125 0.072266
2 0.741406 0.360352 0.026562 0.076172
3 0.760938 0.587891 0.028125 0.070312
2 0.742188 0.284180 0.028125 0.076172
3 0.758594 0.664062 0.026562 0.085938
2 0.753125 0.009766 0.028125 0.019531
3 0.750000 0.819336 0.028125 0.072266
2 0.748437 0.129883 0.025000 0.080078
2 0.745313 0.206055 0.028125 0.076172
3 0.751563 0.745117 0.028125 0.080078
2 0.750781 0.054688 0.026562 0.078125
3 0.723437 0.821289 0.028125 0.072266
3 0.723437 0.744141 0.028125 0.082031
3 0.730469 0.661133 0.029687 0.083984
2 0.733594 0.513672 0.029687 0.074219
3 0.733594 0.512695 0.029687 0.076172
3 0.734375 0.583984 0.028125 0.070312
2 0.737500 0.436523 0.028125 0.076172
2 0.763281 0.438477 0.029687 0.076172
0 0.766406 0.363281 0.026562 0.074219
