2 0.729688 0.191406 0.031250 0.070312
2 0.757812 0.267578 0.031250 0.074219
2 0.640625 0.257812 0.034375 0.074219
2 0.728125 0.264648 0.031250 0.076172
2 0.698438 0.263672 0.034375 0.074219
2 0.670312 0.259766 0.031250 0.074219
2 0.550781 0.924805 0.029687 0.072266
2 0.878125 0.199219 0.028125 0.066406
4 0.903125 0.202148 0.028125 0.064453
2 0.492188 0.920898 0.031250 0.072266
2 0.521094 0.923828 0.032813 0.074219
2 0.490625 0.250000 0.028125 0.078125
2 0.520312 0.250977 0.031250 0.076172
2 0.550781 0.254883 0.032813 0.072266
2 0.579688 0.254883 0.031250 0.072266
2 0.610938 0.255859 0.031250 0.074219
2 0.818750 0.196289 0.031250 0.072266
2 0.848437 0.198242 0.031250 0.068359
2 0.760156 0.193359 0.032813 0.074219
2 0.789062 0.195312 0.031250 0.074219
2 0.612500 0.181641 0.031250 0.074219
2 0.582812 0.181641 0.031250 0.074219
2 0.642969 0.184570 0.032813 0.068359
2 0.699219 0.189453 0.035937 0.074219
2 0.672656 0.187500 0.032813 0.074219
2 0.848437 0.864258 0.031250 0.072266
4 0.874219 0.864258 0.029687 0.072266
2 0.674219 0.858398 0.032813 0.072266
2 0.704688 0.860352 0.031250 0.072266
2 0.732031 0.861328 0.029687 0.074219
1 0.760938 0.862305 0.034375 0.068359
2 0.819531 0.864258 0.029687 0.068359
2 0.528906 0.035156 0.029687 0.058594
2 0.586719 0.040039 0.029687 0.060547
2 0.616406 0.041992 0.029687 0.060547
2 0.526563 0.101562 0.034375 0.074219
2 0.555469 0.103516 0.032813 0.074219
2 0.585938 0.107422 0.034375 0.074219
2 0.615625 0.108398 0.034375 0.072266
2 0.646094 0.043945 0.029687 0.060547
1 0.794531 0.053711 0.029687 0.068359
2 0.822656 0.057617 0.029687 0.072266
2 0.497656 0.099609 0.032813 0.074219
2 0.675781 0.044922 0.029687 0.058594
1 0.766406 0.050781 0.032813 0.070312
2 0.705469 0.045898 0.029687 0.064453
1 0.734375 0.048828 0.028125 0.066406
2 0.557813 0.037109 0.031250 0.058594
2 0.790625 0.866211 0.031250 0.068359
0 0.498437 0.032227 0.028125 0.060547
2 0.642969 0.856445 0.029687 0.072266
2 0.646094 0.110352 0.032813 0.072266
2 0.675000 0.113281 0.031250 0.074219
2 0.703906 0.116211 0.029687 0.072266
2 0.733594 0.118164 0.029687 0.072266
2 0.763281 0.121094 0.029687 0.070312
2 0.791406 0.124023 0.029687 0.072266
2 0.821875 0.127930 0.031250 0.068359
2 0.850781 0.131836 0.029687 0.068359
2 0.524219 0.175781 0.032813 0.070312
2 0.552344 0.177734 0.032813 0.074219
1 0.464844 0.916992 0.029687 0.076172
2 0.878125 0.133789 0.028125 0.068359
4 0.905469 0.132812 0.026562 0.070312
2 0.496094 0.174805 0.029687 0.072266
2 0.469531 0.775391 0.029687 0.070312
2 0.527344 0.777344 0.032813 0.074219
2 0.557031 0.777344 0.029687 0.074219
2 0.585938 0.780273 0.031250 0.072266
2 0.616406 0.783203 0.029687 0.074219
2 0.645312 0.785156 0.031250 0.074219
2 0.676562 0.785156 0.031250 0.074219
4 0.878125 0.791016 0.028125 0.074219
2 0.765625 0.791992 0.031250 0.076172
2 0.824219 0.792969 0.029687 0.078125
2 0.706250 0.788086 0.031250 0.072266
2 0.853125 0.791016 0.028125 0.074219
2 0.734375 0.790039 0.028125 0.072266
2 0.794531 0.791016 0.032813 0.074219
2 0.498437 0.774414 0.031250 0.072266
2 0.507031 0.552734 0.032813 0.078125
2 0.537500 0.553711 0.031250 0.076172
2 0.620313 0.707031 0.031250 0.078125
2 0.649219 0.709961 0.029687 0.076172
2 0.678906 0.710938 0.029687 0.074219
2 0.825781 0.717773 0.029687 0.072266
2 0.854688 0.718750 0.031250 0.070312
1 0.882812 0.718750 0.028125 0.074219
2 0.707812 0.712891 0.031250 0.074219
2 0.796094 0.717773 0.029687 0.076172
2 0.738281 0.715820 0.029687 0.076172
2 0.766406 0.714844 0.029687 0.074219
2 0.565625 0.554688 0.028125 0.074219
2 0.623437 0.631836 0.028125 0.072266
2 0.828906 0.645508 0.029687 0.076172
2 0.589063 0.706055 0.031250 0.076172
2 0.471875 0.701172 0.031250 0.074219
2 0.560156 0.705078 0.029687 0.074219
2 0.501563 0.702148 0.031250 0.076172
2 0.532031 0.703125 0.029687 0.074219
2 0.652344 0.633789 0.032813 0.076172
2 0.802344 0.642578 0.029687 0.074219
2 0.859375 0.645508 0.031250 0.076172
4 0.885938 0.646484 0.025000 0.074219
2 0.684375 0.637695 0.031250 0.072266
2 0.773438 0.641602 0.031250 0.072266
2 0.714063 0.638672 0.031250 0.074219
2 0.742969 0.640625 0.029687 0.074219
2 0.596875 0.556641 0.031250 0.074219
2 0.862500 0.572266 0.031250 0.074219
2 0.564844 0.629883 0.029687 0.076172
2 0.594531 0.629883 0.029687 0.076172
1 0.889844 0.571289 0.026562 0.072266
2 0.534375 0.629883 0.031250 0.072266
2 0.475000 0.626953 0.028125 0.074219
2 0.505469 0.628906 0.029687 0.074219
2 0.625781 0.557617 0.029687 0.076172
2 0.775000 0.568359 0.031250 0.074219
2 0.803906 0.568359 0.029687 0.074219
2 0.833594 0.568359 0.029687 0.074219
2 0.656250 0.559570 0.031250 0.072266
2 0.745313 0.565430 0.028125 0.072266
2 0.686719 0.562500 0.029687 0.074219
2 0.717969 0.563477 0.032813 0.076172
2 0.614844 0.854492 0.032813 0.072266
2 0.542969 0.403320 0.032813 0.072266
2 0.571875 0.480469 0.031250 0.078125
2 0.837500 0.495117 0.031250 0.076172
1 0.866406 0.498047 0.029687 0.074219
1 0.892969 0.498047 0.026562 0.074219
2 0.479687 0.551758 0.031250 0.076172
2 0.600781 0.482422 0.032813 0.078125
2 0.750000 0.490234 0.028125 0.078125
2 0.778125 0.492188 0.031250 0.078125
2 0.808594 0.494141 0.032813 0.074219
2 0.630469 0.482422 0.029687 0.074219
2 0.720313 0.489258 0.031250 0.076172
2 0.660937 0.485352 0.031250 0.076172
2 0.689063 0.486328 0.031250 0.078125
2 0.574219 0.405273 0.032813 0.072266
2 0.841406 0.421875 0.029687 0.074219
2 0.510938 0.474609 0.031250 0.078125
2 0.541406 0.476562 0.032813 0.078125
2 0.869531 0.422852 0.029687 0.076172
2 0.482812 0.475586 0.028125 0.076172
2 0.811719 0.421875 0.029687 0.074219
4 0.896875 0.422852 0.028125 0.076172
2 0.605469 0.407227 0.032813 0.072266
2 0.843750 0.939453 0.028125 0.074219
2 0.752344 0.416016 0.029687 0.074219
2 0.782813 0.418945 0.031250 0.076172
2 0.635156 0.407227 0.032813 0.076172
2 0.725000 0.413086 0.031250 0.076172
2 0.664062 0.410156 0.031250 0.074219
2 0.694531 0.411133 0.032813 0.076172
2 0.787500 0.269531 0.031250 0.074219
2 0.696094 0.337891 0.029687 0.074219
2 0.757031 0.936523 0.029687 0.072266
2 0.514844 0.401367 0.032813 0.072266
4 0.871094 0.937500 0.026562 0.074219
2 0.485938 0.399414 0.031250 0.076172
2 0.785156 0.938477 0.029687 0.072266
2 0.814844 0.937500 0.029687 0.074219
2 0.726562 0.337891 0.031250 0.074219
2 0.899219 0.350586 0.026562 0.072266
2 0.843750 0.349609 0.031250 0.074219
1 0.727344 0.933594 0.029687 0.074219
2 0.755469 0.340820 0.029687 0.076172
2 0.872656 0.350586 0.029687 0.072266
2 0.785156 0.343750 0.029687 0.074219
2 0.812500 0.346680 0.031250 0.076172
2 0.816406 0.271484 0.029687 0.074219
2 0.576562 0.330078 0.031250 0.078125
2 0.669531 0.932617 0.032813 0.076172
2 0.698438 0.932617 0.028125 0.072266
2 0.606250 0.332031 0.031250 0.078125
2 0.640625 0.933594 0.028125 0.078125
2 0.635938 0.333008 0.031250 0.076172
2 0.667188 0.335938 0.031250 0.074219
2 0.846094 0.273438 0.032813 0.078125
2 0.488281 0.325195 0.029687 0.072266
2 0.517188 0.326172 0.031250 0.074219
2 0.547656 0.327148 0.029687 0.076172
1 0.874219 0.272461 0.029687 0.080078
2 0.610938 0.929688 0.031250 0.078125
4 0.902344 0.273438 0.026562 0.082031
2 0.581250 0.926758 0.031250 0.072266
2 0.467969 0.845703 0.029687 0.070312
2 0.495312 0.847656 0.031250 0.070312
2 0.584375 0.855469 0.031250 0.074219
2 0.525781 0.849609 0.032813 0.070312
2 0.554688 0.853516 0.031250 0.074219
