2 0.127344 0.269531 0.029687 0.074219
3 0.132031 0.194336 0.026562 0.076172
2 0.132812 0.724609 0.025000 0.074219
2 0.417187 0.978516 0.021875 0.042969
2 0.421094 0.922852 0.026562 0.076172
2 0.423438 0.848633 0.028125 0.076172
3 0.133594 0.649414 0.026562 0.076172
2 0.429688 0.773438 0.025000 0.074219
2 0.432031 0.698242 0.026562 0.080078
2 0.437500 0.623047 0.025000 0.082031
2 0.440625 0.544922 0.025000 0.078125
3 0.441406 0.470703 0.023438 0.074219
2 0.442969 0.980469 0.026562 0.039062
2 0.445312 0.926758 0.025000 0.080078
2 0.449219 0.852539 0.023438 0.080078
2 0.453906 0.779297 0.023438 0.078125
2 0.457813 0.702148 0.025000 0.080078
2 0.462500 0.625000 0.025000 0.078125
3 0.465625 0.549805 0.025000 0.080078
3 0.467187 0.472656 0.025000 0.074219
2 0.471094 0.983398 0.029687 0.033203
2 0.472656 0.933594 0.029687 0.078125
3 0.137500 0.574219 0.025000 0.078125
2 0.475781 0.858398 0.029687 0.080078
2 0.478906 0.781250 0.026562 0.078125
2 0.484375 0.708008 0.028125 0.080078
2 0.489844 0.626953 0.026562 0.078125
3 0.492969 0.549805 0.026562 0.080078
3 0.496094 0.472656 0.029687 0.074219
3 0.141406 0.499023 0.026562 0.076172
2 0.144531 0.422852 0.026562 0.076172
2 0.146094 0.952148 0.026562 0.072266
2 0.579688 0.992188 0.028125 0.015625
2 0.583594 0.949219 0.029687 0.078125
2 0.148438 0.345703 0.025000 0.078125
0 0.587500 0.875000 0.025000 0.078125
2 0.590625 0.799805 0.028125 0.076172
2 0.597656 0.725586 0.026562 0.076172
2 0.597656 0.651367 0.029687 0.076172
2 0.150781 0.877930 0.026562 0.076172
2 0.151562 0.801758 0.028125 0.072266
3 0.603906 0.576172 0.029687 0.074219
3 0.607031 0.500000 0.026562 0.078125
2 0.611719 0.954102 0.026562 0.080078
3 0.611719 0.422852 0.026562 0.076172
0 0.614062 0.877930 0.028125 0.080078
2 0.617969 0.802734 0.026562 0.074219
2 0.623437 0.728516 0.028125 0.085938
2 0.626563 0.654297 0.028125 0.082031
3 0.152344 0.269531 0.023438 0.078125
3 0.632031 0.579102 0.026562 0.076172
3 0.635156 0.501953 0.029687 0.078125
3 0.638281 0.422852 0.026562 0.080078
2 0.640625 0.958984 0.028125 0.082031
2 0.642969 0.886719 0.029687 0.082031
2 0.646875 0.810547 0.028125 0.082031
2 0.652344 0.732422 0.029687 0.082031
3 0.656250 0.657227 0.028125 0.080078
2 0.660156 0.580078 0.029687 0.078125
3 0.155469 0.192383 0.023438 0.076172
2 0.157031 0.728516 0.026562 0.078125
3 0.663281 0.502930 0.026562 0.076172
3 0.665625 0.424805 0.028125 0.080078
2 0.159375 0.652344 0.025000 0.078125
2 0.164844 0.499023 0.026562 0.072266
1 0.258594 0.974609 0.026562 0.050781
2 0.259375 0.913086 0.025000 0.076172
2 0.267188 0.840820 0.028125 0.072266
2 0.269531 0.766602 0.026562 0.076172
3 0.117188 0.496094 0.025000 0.074219
2 0.271875 0.692383 0.028125 0.076172
2 0.275000 0.615234 0.025000 0.078125
2 0.278906 0.540039 0.026562 0.076172
1 0.282031 0.465820 0.029687 0.076172
2 0.282813 0.976562 0.025000 0.046875
0 0.285156 0.917969 0.029687 0.078125
2 0.120313 0.991211 0.021875 0.017578
3 0.120313 0.420898 0.025000 0.076172
2 0.292969 0.845703 0.026562 0.078125
2 0.295312 0.771484 0.025000 0.078125
2 0.298438 0.698242 0.028125 0.076172
2 0.300781 0.621094 0.026562 0.078125
3 0.304688 0.543945 0.028125 0.076172
1 0.306250 0.467773 0.025000 0.076172
2 0.309375 0.979492 0.028125 0.041016
2 0.314063 0.924805 0.028125 0.076172
2 0.317969 0.849609 0.023438 0.078125
2 0.122656 0.946289 0.023438 0.072266
2 0.319531 0.775391 0.026562 0.078125
2 0.324219 0.701172 0.026562 0.078125
2 0.329688 0.623047 0.028125 0.082031
3 0.332031 0.546875 0.026562 0.078125
3 0.332031 0.468750 0.029687 0.078125
2 0.124219 0.344727 0.026562 0.076172
2 0.126562 0.875977 0.021875 0.072266
2 0.127344 0.798828 0.020313 0.078125
2 0.164062 0.577148 0.025000 0.076172
2 0.743750 0.967773 0.031250 0.064453
2 0.749219 0.899414 0.029687 0.072266
4 0.753125 0.825195 0.031250 0.076172
2 0.760156 0.749023 0.029687 0.072266
2 0.764062 0.674805 0.031250 0.076172
3 0.767188 0.598633 0.031250 0.076172
2 0.772656 0.969727 0.026562 0.060547
3 0.772656 0.523438 0.029687 0.082031
3 0.776563 0.444336 0.028125 0.076172
2 0.776563 0.903320 0.025000 0.072266
3 0.777344 0.372070 0.029687 0.076172
2 0.782031 0.829102 0.029687 0.076172
2 0.786719 0.753906 0.029687 0.074219
2 0.169531 0.423828 0.023438 0.078125
2 0.792969 0.679688 0.026562 0.074219
2 0.796094 0.603516 0.029687 0.078125
2 0.798438 0.972656 0.034375 0.054688
3 0.803125 0.524414 0.028125 0.080078
3 0.804688 0.449219 0.028125 0.074219
3 0.807031 0.374023 0.029687 0.080078
2 0.807031 0.909180 0.032813 0.072266
2 0.811719 0.834961 0.029687 0.076172
2 0.818750 0.756836 0.034375 0.076172
2 0.822656 0.682617 0.029687 0.076172
2 0.828125 0.604492 0.031250 0.076172
2 0.832031 0.527344 0.029687 0.078125
2 0.833594 0.453125 0.029687 0.074219
3 0.175000 0.349609 0.025000 0.078125
3 0.836719 0.375000 0.032813 0.078125
3 0.177344 0.269531 0.023438 0.078125
3 0.180469 0.193359 0.026562 0.074219
0 0.111719 0.647461 0.023438 0.076172
3 0.112500 0.571289 0.025000 0.076172
