2 0.030469 0.788086 0.060937 0.033203
3 0.632812 0.840820 0.065625 0.037109
3 0.392969 0.615234 0.064062 0.039062
3 0.569531 0.874023 0.064062 0.041016
3 0.394531 0.580078 0.064062 0.039062
3 0.523438 0.412109 0.068750 0.035156
3 0.449219 0.788086 0.064062 0.041016
3 0.039062 0.382812 0.059375 0.035156
3 0.389844 0.782227 0.067187 0.044922
2 0.032031 0.585938 0.057813 0.039062
3 0.452344 0.655273 0.060937 0.037109
3 0.208594 0.769531 0.060937 0.039062
3 0.567969 0.839844 0.064062 0.039062
3 0.694531 0.810547 0.060937 0.035156
3 0.270313 0.570312 0.062500 0.039062
3 0.463281 0.377930 0.067187 0.044922
2 0.162500 0.355469 0.059375 0.035156
2 0.032813 0.753906 0.062500 0.039062
3 0.454688 0.582031 0.062500 0.039062
2 0.150000 0.593750 0.059375 0.035156
3 0.035937 0.416016 0.059375 0.035156
3 0.341406 0.403320 0.067187 0.041016
3 0.635156 0.806641 0.064062 0.035156
2 0.323437 0.853516 0.065625 0.039062
2 0.262500 0.849609 0.065625 0.039062
3 0.700781 0.602539 0.060937 0.033203
3 0.221094 0.361328 0.060937 0.031250
3 0.204687 0.634766 0.062500 0.035156
2 0.144531 0.631836 0.060937 0.037109
3 0.698438 0.674805 0.059375 0.037109
3 0.637500 0.633789 0.062500 0.041016
3 0.153906 0.559570 0.057813 0.037109
3 0.103906 0.352539 0.060937 0.037109
3 0.326562 0.815430 0.065625 0.037109
3 0.099219 0.385742 0.060937 0.041016
3 0.453906 0.618164 0.060937 0.041016
3 0.699219 0.636719 0.064062 0.039062
2 0.158594 0.389648 0.060937 0.037109
3 0.585156 0.448242 0.064062 0.041016
3 0.392188 0.650391 0.065625 0.039062
0 0.148438 0.964844 0.059375 0.035156
3 0.585938 0.418945 0.065625 0.041016
2 0.692969 0.884766 0.060937 0.039062
3 0.636719 0.666992 0.064062 0.041016
2 0.093750 0.418945 0.059375 0.037109
1 0.386719 0.984375 0.060937 0.031250
3 0.458594 0.445312 0.067187 0.042969
3 0.445312 0.865234 0.062500 0.039062
3 0.384375 0.860352 0.065625 0.041016
0 0.089063 0.959961 0.059375 0.037109
3 0.630469 0.878906 0.064062 0.039062
3 0.639062 0.600586 0.062500 0.033203
3 0.209375 0.599609 0.062500 0.035156
3 0.511719 0.659180 0.064062 0.037109
3 0.153125 0.423828 0.062500 0.039062
3 0.404687 0.372070 0.065625 0.037109
3 0.329688 0.778320 0.062500 0.041016
3 0.509375 0.830078 0.062500 0.039062
2 0.084375 0.626953 0.059375 0.039062
3 0.268750 0.772461 0.062500 0.044922
2 0.327344 0.978516 0.060937 0.031250
3 0.264062 0.810547 0.065625 0.035156
3 0.146875 0.801758 0.062500 0.041016
2 0.755469 0.814453 0.060937 0.035156
3 0.525000 0.379883 0.065625 0.037109
2 0.267188 0.975586 0.059375 0.033203
3 0.523438 0.442383 0.065625 0.041016
3 0.513281 0.623047 0.064062 0.039062
3 0.507031 0.868164 0.064062 0.041016
3 0.575781 0.626953 0.064062 0.035156
3 0.818750 0.818359 0.062500 0.035156
2 0.092188 0.758789 0.062500 0.037109
3 0.211719 0.564453 0.060937 0.039062
3 0.386719 0.823242 0.064062 0.037109
3 0.818750 0.854492 0.062500 0.033203
3 0.330469 0.612305 0.064062 0.041016
3 0.279687 0.396484 0.062500 0.035156
2 0.202344 0.842773 0.060937 0.037109
3 0.150000 0.761719 0.059375 0.042969
2 0.087500 0.792969 0.062500 0.035156
3 0.694531 0.846680 0.060937 0.033203
3 0.755469 0.885742 0.064062 0.037109
2 0.026562 0.825195 0.053125 0.044922
3 0.046094 0.349609 0.060937 0.039062
3 0.574219 0.662109 0.064062 0.039062
3 0.585938 0.384766 0.065625 0.042969
3 0.402344 0.405273 0.067187 0.041016
2 0.755469 0.849609 0.064062 0.035156
3 0.330469 0.645508 0.064062 0.041016
2 0.143750 0.837891 0.062500 0.039062
3 0.283594 0.363281 0.064062 0.035156
2 0.035937 0.550781 0.059375 0.039062
2 0.027344 0.620117 0.054688 0.037109
3 0.095312 0.556641 0.059375 0.039062
2 0.083594 0.831055 0.060937 0.041016
3 0.514844 0.590820 0.060937 0.037109
3 0.446875 0.826172 0.062500 0.039062
2 0.578125 0.593750 0.062500 0.031250
3 0.270313 0.605469 0.065625 0.042969
3 0.342187 0.370117 0.065625 0.041016
2 0.031250 0.954102 0.059375 0.037109
3 0.267969 0.640625 0.067187 0.042969
3 0.206250 0.805664 0.065625 0.041016
3 0.218750 0.391602 0.062500 0.033203
3 0.461719 0.410156 0.067187 0.042969
3 0.818750 0.886719 0.062500 0.035156
3 0.332031 0.575195 0.064062 0.041016
3 0.570312 0.799805 0.062500 0.037109
2 0.207031 0.969727 0.060937 0.033203
2 0.090625 0.590820 0.059375 0.037109
3 0.511719 0.792969 0.060937 0.039062
