3 0.757031 0.752930 0.032813 0.076172
3 0.660937 0.483398 0.028125 0.076172
3 0.612500 0.936523 0.028125 0.076172
3 0.428125 0.738281 0.028125 0.078125
3 0.602344 0.478516 0.026562 0.078125
2 0.599219 0.556641 0.032813 0.078125
2 0.781250 0.908203 0.031250 0.078125
1 0.268750 0.542969 0.028125 0.078125
3 0.630469 0.480469 0.032813 0.078125
3 0.122656 0.991211 0.023438 0.017578
2 0.150000 0.875977 0.028125 0.076172
2 0.451562 0.894531 0.031250 0.078125
2 0.128125 0.717773 0.025000 0.076172
2 0.318750 0.622070 0.028125 0.076172
2 0.653906 0.711914 0.029687 0.080078
3 0.825000 0.529297 0.031250 0.078125
2 0.148438 0.949219 0.021875 0.074219
2 0.282031 0.981445 0.026562 0.037109
2 0.794531 0.603516 0.029687 0.078125
2 0.765625 0.525391 0.031250 0.078125
3 0.585938 0.931641 0.028125 0.078125
3 0.617188 0.863281 0.028125 0.078125
2 0.423438 0.892578 0.031250 0.074219
3 0.425781 0.816406 0.029687 0.078125
2 0.153906 0.721680 0.026562 0.076172
3 0.288281 0.773438 0.029687 0.078125
2 0.477344 0.967773 0.026562 0.064453
3 0.460938 0.587891 0.028125 0.078125
2 0.270313 0.619141 0.028125 0.074219
3 0.485938 0.666016 0.028125 0.078125
3 0.322656 0.544922 0.029687 0.078125
2 0.128906 0.641602 0.023438 0.076172
1 0.750781 0.903320 0.032813 0.076172
2 0.784375 0.832031 0.031250 0.074219
3 0.434375 0.510742 0.028125 0.072266
2 0.642969 0.943359 0.032813 0.078125
3 0.457813 0.742188 0.031250 0.078125
3 0.590625 0.783203 0.028125 0.078125
3 0.594531 0.707031 0.029687 0.078125
3 0.153125 0.645508 0.028125 0.076172
2 0.291406 0.697266 0.029687 0.074219
3 0.313281 0.853516 0.029687 0.078125
3 0.430469 0.662109 0.026562 0.074219
2 0.808594 0.915039 0.026562 0.076172
2 0.786719 0.756836 0.029687 0.076172
3 0.766406 0.448242 0.029687 0.076172
3 0.589063 0.861328 0.028125 0.078125
2 0.282813 0.927734 0.028125 0.074219
2 0.314844 0.777344 0.029687 0.078125
2 0.307812 0.983398 0.028125 0.033203
2 0.626563 0.556641 0.028125 0.078125
1 0.421094 0.963867 0.029687 0.072266
2 0.753906 0.829102 0.029687 0.072266
3 0.263281 0.769531 0.026562 0.082031
3 0.583594 0.985352 0.029687 0.029297
3 0.656250 0.557617 0.031250 0.076172
2 0.778906 0.973633 0.032813 0.052734
2 0.817187 0.759766 0.028125 0.074219
2 0.624219 0.710938 0.029687 0.078125
3 0.125781 0.947266 0.023438 0.070312
2 0.293750 0.622070 0.025000 0.076172
2 0.807031 0.975586 0.026562 0.048828
2 0.792188 0.681641 0.031250 0.078125
3 0.155469 0.569336 0.029687 0.076172
3 0.463281 0.512695 0.029687 0.076172
3 0.485938 0.746094 0.025000 0.078125
3 0.492188 0.513672 0.031250 0.078125
3 0.482812 0.824219 0.028125 0.078125
2 0.259375 0.918945 0.028125 0.072266
2 0.626563 0.631836 0.028125 0.076172
2 0.449219 0.965820 0.029687 0.068359
2 0.646875 0.866211 0.031250 0.076172
3 0.796094 0.450195 0.029687 0.076172
3 0.489844 0.589844 0.026562 0.078125
2 0.820312 0.683594 0.021875 0.078125
3 0.457813 0.666016 0.025000 0.082031
2 0.316406 0.700195 0.029687 0.076172
0 0.294531 0.543945 0.026562 0.076172
3 0.129688 0.566406 0.025000 0.074219
0 0.257031 0.977539 0.026562 0.044922
3 0.124219 0.872070 0.023438 0.080078
2 0.310156 0.929688 0.029687 0.074219
3 0.821875 0.607422 0.028125 0.078125
3 0.285156 0.848633 0.026562 0.080078
3 0.759375 0.676758 0.031250 0.072266
2 0.795312 0.527344 0.028125 0.078125
2 0.648438 0.789062 0.028125 0.078125
2 0.127344 0.796875 0.023438 0.078125
2 0.596875 0.630859 0.031250 0.074219
2 0.764844 0.601562 0.029687 0.074219
3 0.654687 0.633789 0.031250 0.076172
2 0.747656 0.970703 0.032813 0.058594
2 0.152344 0.797852 0.026562 0.080078
3 0.260937 0.845703 0.025000 0.074219
3 0.267188 0.693359 0.025000 0.078125
3 0.619531 0.785156 0.029687 0.078125
3 0.454688 0.820312 0.028125 0.082031
2 0.639062 0.990234 0.031250 0.019531
2 0.812500 0.838867 0.031250 0.076172
3 0.825781 0.452148 0.032813 0.076172
3 0.478125 0.900391 0.025000 0.074219
3 0.434375 0.585938 0.028125 0.078125
2 0.610938 0.988281 0.028125 0.023438
