2 0.942187 0.195312 0.059375 0.039062
3 0.486719 0.298828 0.060937 0.035156
3 0.546094 0.304688 0.060937 0.039062
3 0.607031 0.306641 0.060937 0.039062
2 0.669531 0.307617 0.064062 0.037109
2 0.731250 0.314453 0.062500 0.035156
2 0.792969 0.316406 0.060937 0.039062
2 0.854688 0.321289 0.062500 0.041016
2 0.914844 0.326172 0.060937 0.039062
2 0.972656 0.330078 0.054688 0.042969
2 0.957812 0.805664 0.059375 0.033203
3 0.461719 0.092773 0.060937 0.041016
3 0.523438 0.093750 0.062500 0.039062
3 0.555469 0.930664 0.060937 0.037109
2 0.677344 0.932617 0.060937 0.033203
3 0.616406 0.933594 0.060937 0.035156
2 0.738281 0.934570 0.064062 0.033203
2 0.800781 0.937500 0.060937 0.035156
2 0.859375 0.939453 0.059375 0.027344
2 0.917969 0.941406 0.057813 0.031250
2 0.973437 0.943359 0.053125 0.031250
3 0.585938 0.097656 0.062500 0.035156
3 0.553125 0.962891 0.059375 0.031250
2 0.613281 0.963867 0.060937 0.029297
2 0.674219 0.964844 0.060937 0.031250
2 0.737500 0.965820 0.062500 0.029297
3 0.857812 0.967773 0.056250 0.029297
3 0.797656 0.969727 0.064062 0.029297
3 0.915625 0.971680 0.059375 0.029297
2 0.646875 0.099609 0.062500 0.027344
2 0.707812 0.103516 0.059375 0.035156
2 0.771094 0.109375 0.060937 0.039062
2 0.832031 0.114258 0.060937 0.033203
2 0.891406 0.116211 0.060937 0.033203
2 0.950781 0.124023 0.060937 0.037109
3 0.460156 0.129883 0.060937 0.037109
2 0.521875 0.130859 0.062500 0.035156
2 0.582812 0.131836 0.062500 0.037109
2 0.645312 0.134766 0.062500 0.039062
2 0.705469 0.141602 0.060937 0.037109
2 0.765625 0.144531 0.059375 0.039062
2 0.826562 0.148438 0.062500 0.039062
2 0.886719 0.151367 0.057813 0.041016
2 0.946875 0.158203 0.059375 0.039062
3 0.458594 0.166992 0.060937 0.037109
2 0.520312 0.167969 0.062500 0.039062
2 0.581250 0.168945 0.059375 0.037109
3 0.641406 0.175781 0.057813 0.039062
3 0.702344 0.178711 0.060937 0.041016
2 0.763281 0.182617 0.057813 0.037109
1 0.822656 0.186523 0.060937 0.041016
2 0.882031 0.190430 0.057813 0.041016
3 0.484375 0.336914 0.062500 0.041016
2 0.545312 0.341797 0.062500 0.035156
2 0.605469 0.341797 0.060937 0.035156
2 0.668750 0.344727 0.062500 0.037109
3 0.728125 0.350586 0.062500 0.037109
3 0.790625 0.353516 0.062500 0.035156
3 0.849219 0.359375 0.060937 0.035156
2 0.911719 0.361328 0.060937 0.035156
2 0.969531 0.364258 0.057813 0.033203
3 0.482812 0.372070 0.062500 0.033203
2 0.545312 0.375977 0.062500 0.041016
2 0.604688 0.378906 0.059375 0.039062
3 0.665625 0.381836 0.062500 0.037109
3 0.726562 0.386719 0.062500 0.035156
3 0.789062 0.388672 0.062500 0.035156
3 0.845313 0.392578 0.062500 0.035156
3 0.907031 0.395508 0.060937 0.037109
3 0.571875 0.512695 0.062500 0.033203
3 0.632812 0.517578 0.062500 0.035156
3 0.696875 0.517578 0.062500 0.031250
3 0.759375 0.521484 0.062500 0.035156
3 0.820312 0.527344 0.059375 0.031250
2 0.878906 0.528320 0.060937 0.033203
3 0.510156 0.545898 0.060937 0.037109
3 0.570312 0.548828 0.062500 0.035156
3 0.632812 0.552734 0.065625 0.031250
3 0.756250 0.556641 0.065625 0.035156
2 0.967969 0.397461 0.060937 0.033203
3 0.510938 0.509766 0.062500 0.039062
2 0.815625 0.560547 0.062500 0.039062
2 0.875781 0.563477 0.060937 0.037109
2 0.939844 0.534180 0.060937 0.037109
3 0.693750 0.552734 0.062500 0.039062
3 0.568750 0.582031 0.062500 0.035156
2 0.937500 0.568359 0.062500 0.039062
3 0.508594 0.582031 0.057813 0.035156
3 0.629687 0.586914 0.059375 0.033203
3 0.690625 0.589844 0.062500 0.035156
3 0.753125 0.592773 0.062500 0.037109
2 0.814063 0.595703 0.059375 0.039062
1 0.871875 0.598633 0.059375 0.037109
2 0.932813 0.600586 0.062500 0.033203
3 0.535937 0.721680 0.062500 0.037109
2 0.597656 0.726562 0.060937 0.035156
2 0.660156 0.729492 0.060937 0.037109
3 0.782813 0.733398 0.062500 0.037109
2 0.721875 0.731445 0.062500 0.037109
2 0.843750 0.737305 0.059375 0.037109
2 0.903906 0.740234 0.060937 0.035156
2 0.657813 0.760742 0.059375 0.037109
2 0.597656 0.757812 0.060937 0.031250
2 0.964063 0.743164 0.062500 0.037109
0 0.535156 0.756836 0.060937 0.033203
3 0.718750 0.764648 0.062500 0.037109
3 0.778906 0.768555 0.064062 0.033203
2 0.842187 0.771484 0.059375 0.035156
2 0.900781 0.772461 0.060937 0.033203
2 0.595313 0.787109 0.059375 0.035156
2 0.960156 0.775391 0.057813 0.035156
1 0.534375 0.789062 0.062500 0.035156
3 0.654687 0.791016 0.062500 0.031250
3 0.715625 0.795898 0.065625 0.033203
3 0.776563 0.798828 0.059375 0.031250
2 0.835156 0.800781 0.057813 0.035156
0 0.895312 0.803711 0.062500 0.033203
