2 0.403125 0.369141 0.031250 0.074219
3 0.410938 0.138672 0.028125 0.078125
3 0.416406 0.014648 0.029687 0.029297
3 0.233594 0.551758 0.029687 0.076172
3 0.380469 0.214844 0.029687 0.078125
3 0.877344 0.008789 0.023438 0.017578
3 0.510156 0.410156 0.026562 0.078125
3 0.545312 0.179688 0.028125 0.082031
2 0.740625 0.081055 0.028125 0.072266
2 0.373437 0.443359 0.028125 0.078125
2 0.252344 0.029297 0.032813 0.058594
2 0.846094 0.278320 0.026562 0.076172
2 0.689844 0.070312 0.029687 0.074219
3 0.574219 0.183594 0.029687 0.078125
2 0.373437 0.368164 0.028125 0.076172
2 0.717969 0.018555 0.026562 0.037109
2 0.357031 0.056641 0.032813 0.078125
2 0.351562 0.210938 0.028125 0.078125
3 0.514062 0.253906 0.025000 0.078125
3 0.339062 0.516602 0.028125 0.076172
2 0.205469 0.396484 0.029687 0.078125
3 0.242969 0.247070 0.032813 0.076172
3 0.517188 0.175781 0.028125 0.078125
2 0.360938 0.009766 0.031250 0.019531
2 0.548438 0.105469 0.031250 0.078125
2 0.685156 0.222656 0.029687 0.078125
2 0.717187 0.072266 0.028125 0.074219
3 0.397656 0.521484 0.026562 0.078125
3 0.569531 0.337891 0.026562 0.074219
3 0.369531 0.519531 0.032813 0.078125
3 0.240625 0.323242 0.031250 0.072266
3 0.874219 0.052734 0.023438 0.070312
2 0.187500 0.161133 0.031250 0.076172
2 0.179688 0.316406 0.021875 0.078125
2 0.213281 0.243164 0.029687 0.076172
3 0.521875 0.099609 0.025000 0.074219
3 0.409375 0.216797 0.028125 0.078125
0 0.742969 0.022461 0.026562 0.044922
2 0.218750 0.091797 0.031250 0.078125
2 0.346094 0.288086 0.029687 0.080078
3 0.736719 0.230469 0.026562 0.082031
3 0.539062 0.412109 0.028125 0.078125
2 0.246094 0.170898 0.029687 0.072266
3 0.542188 0.333984 0.025000 0.082031
2 0.375781 0.289062 0.029687 0.078125
2 0.576562 0.107422 0.031250 0.074219
3 0.565625 0.414062 0.028125 0.078125
2 0.850000 0.124023 0.028125 0.076172
3 0.846875 0.354492 0.028125 0.076172
3 0.514062 0.333984 0.028125 0.078125
3 0.571875 0.261719 0.028125 0.078125
2 0.871094 0.358398 0.023438 0.076172
3 0.542188 0.257812 0.031250 0.078125
3 0.844531 0.430664 0.029687 0.076172
3 0.382812 0.136719 0.028125 0.078125
3 0.565625 0.489258 0.028125 0.072266
2 0.389062 0.011719 0.028125 0.023438
2 0.221094 0.026367 0.032813 0.052734
2 0.708594 0.302734 0.029687 0.074219
2 0.235156 0.398438 0.029687 0.074219
3 0.875781 0.127930 0.023438 0.080078
2 0.182812 0.240234 0.028125 0.074219
3 0.387500 0.063477 0.028125 0.076172
2 0.681250 0.377930 0.028125 0.076172
2 0.550781 0.034180 0.029687 0.068359
2 0.192969 0.024414 0.026562 0.048828
3 0.405469 0.292969 0.029687 0.078125
1 0.249219 0.096680 0.032813 0.076172
3 0.507812 0.486328 0.031250 0.078125
2 0.400781 0.443359 0.032813 0.078125
1 0.578906 0.036133 0.029687 0.072266
3 0.732812 0.306641 0.025000 0.078125
3 0.739062 0.154297 0.025000 0.074219
3 0.711719 0.226562 0.029687 0.078125
2 0.207813 0.318359 0.031250 0.078125
3 0.174219 0.547852 0.032813 0.076172
2 0.234375 0.474609 0.031250 0.078125
2 0.353125 0.133789 0.031250 0.076172
0 0.705469 0.456055 0.026562 0.076172
3 0.414062 0.068359 0.028125 0.078125
2 0.729688 0.380859 0.028125 0.074219
3 0.870313 0.433594 0.025000 0.074219
2 0.847656 0.202148 0.026562 0.080078
2 0.706250 0.377930 0.025000 0.076172
2 0.692187 0.016602 0.028125 0.033203
3 0.343750 0.442383 0.031250 0.076172
2 0.215625 0.167969 0.031250 0.074219
1 0.731250 0.457031 0.028125 0.078125
3 0.536719 0.487305 0.029687 0.076172
2 0.872656 0.203125 0.023438 0.078125
3 0.677344 0.455078 0.029687 0.078125
2 0.204687 0.472656 0.028125 0.078125
3 0.175000 0.470703 0.031250 0.078125
3 0.203906 0.549805 0.029687 0.076172
3 0.345313 0.366211 0.031250 0.076172
3 0.686719 0.146484 0.029687 0.078125
3 0.178125 0.392578 0.028125 0.078125
2 0.851562 0.051758 0.021875 0.074219
2 0.191406 0.084961 0.026562 0.076172
2 0.683594 0.299805 0.029687 0.076172
3 0.714844 0.151367 0.026562 0.080078
2 0.522656 0.032227 0.026562 0.064453
2 0.871875 0.282227 0.025000 0.076172
