2 0.155469 0.196289 0.020313 0.052734
2 0.191406 0.197266 0.020313 0.054688
2 0.228125 0.198242 0.018750 0.052734
2 0.264844 0.200195 0.020313 0.056641
2 0.011719 0.240234 0.020313 0.054688
2 0.045312 0.245117 0.021875 0.056641
2 0.080469 0.245117 0.020313 0.052734
2 0.116406 0.246094 0.020313 0.054688
2 0.152344 0.248047 0.020313 0.054688
2 0.187500 0.251953 0.018750 0.054688
2 0.225781 0.252930 0.017188 0.056641
2 0.262500 0.255859 0.018750 0.054688
2 0.026562 0.030273 0.021875 0.052734
2 0.060156 0.031250 0.023438 0.054688
2 0.095312 0.031250 0.021875 0.050781
2 0.077344 0.300781 0.020313 0.054688
2 0.114844 0.301758 0.020313 0.056641
2 0.148438 0.304688 0.021875 0.054688
2 0.185938 0.306641 0.018750 0.054688
2 0.221875 0.309570 0.018750 0.056641
2 0.260156 0.309570 0.020313 0.056641
2 0.165625 0.033203 0.021875 0.054688
2 0.129688 0.033203 0.021875 0.054688
2 0.200781 0.035156 0.020313 0.050781
2 0.238281 0.037109 0.020313 0.050781
2 0.075781 0.355469 0.020313 0.054688
2 0.110156 0.357422 0.020313 0.054688
2 0.146875 0.359375 0.018750 0.054688
2 0.182031 0.362305 0.020313 0.052734
2 0.218750 0.364258 0.018750 0.052734
2 0.256250 0.366211 0.018750 0.056641
2 0.043750 0.296875 0.021875 0.054688
2 0.009375 0.296875 0.018750 0.054688
2 0.275781 0.039062 0.020313 0.054688
2 0.072656 0.408203 0.020313 0.050781
2 0.178906 0.415039 0.020313 0.056641
2 0.107031 0.412109 0.020313 0.054688
2 0.142969 0.414062 0.020313 0.054688
2 0.216406 0.418945 0.020313 0.056641
2 0.253906 0.420898 0.020313 0.056641
2 0.141406 0.467773 0.020313 0.052734
2 0.176563 0.470703 0.021875 0.054688
2 0.251563 0.478516 0.021875 0.054688
2 0.213281 0.473633 0.017188 0.056641
2 0.175781 0.525391 0.020313 0.054688
2 0.210938 0.529297 0.018750 0.050781
2 0.248438 0.532227 0.021875 0.056641
2 0.023438 0.538086 0.021875 0.052734
2 0.208594 0.584961 0.017188 0.056641
2 0.246875 0.587891 0.018750 0.054688
2 0.206250 0.639648 0.018750 0.052734
2 0.021094 0.591797 0.020313 0.054688
2 0.055469 0.610352 0.017188 0.052734
2 0.090625 0.640625 0.021875 0.054688
2 0.242969 0.643555 0.020313 0.056641
2 0.053906 0.664062 0.017188 0.054688
2 0.089844 0.695312 0.020313 0.054688
2 0.241406 0.697266 0.020313 0.054688
2 0.086719 0.748047 0.020313 0.054688
2 0.051562 0.718750 0.018750 0.054688
0 0.131250 0.750000 0.021875 0.054688
2 0.239063 0.751953 0.021875 0.054688
2 0.050000 0.771484 0.018750 0.054688
2 0.083594 0.802734 0.020313 0.054688
2 0.237500 0.806641 0.018750 0.054688
2 0.128906 0.806641 0.020313 0.054688
2 0.090625 0.083984 0.021875 0.054688
2 0.048438 0.826172 0.018750 0.054688
2 0.127344 0.085938 0.020313 0.054688
2 0.082031 0.857422 0.020313 0.054688
2 0.162500 0.086914 0.021875 0.056641
2 0.127344 0.859375 0.020313 0.054688
2 0.057031 0.082031 0.020313 0.054688
1 0.235156 0.860352 0.020313 0.056641
2 0.197656 0.087891 0.020313 0.058594
2 0.021875 0.083008 0.021875 0.052734
2 0.233594 0.088867 0.020313 0.052734
2 0.047656 0.879883 0.017188 0.052734
2 0.080469 0.911133 0.020313 0.052734
0 0.125781 0.913086 0.020313 0.052734
2 0.233594 0.916016 0.020313 0.054688
2 0.271875 0.092773 0.018750 0.052734
4 0.125000 0.966797 0.021875 0.054688
2 0.046094 0.932617 0.017188 0.052734
2 0.078125 0.963867 0.021875 0.052734
2 0.230469 0.967773 0.020313 0.052734
2 0.017969 0.135742 0.020313 0.052734
2 0.088281 0.135742 0.020313 0.056641
2 0.053125 0.137695 0.021875 0.056641
2 0.122656 0.138672 0.020313 0.054688
2 0.194531 0.142578 0.020313 0.054688
2 0.230469 0.143555 0.020313 0.056641
2 0.268750 0.146484 0.018750 0.054688
2 0.048438 0.190430 0.021875 0.056641
2 0.159375 0.141602 0.021875 0.052734
2 0.014063 0.187500 0.021875 0.054688
2 0.119531 0.193359 0.020313 0.054688
2 0.083594 0.191406 0.020313 0.054688
