3 0.742188 0.196289 0.025000 0.076172
3 0.742188 0.341797 0.025000 0.074219
3 0.719531 0.041016 0.023438 0.070312
3 0.718750 0.114258 0.025000 0.076172
3 0.718750 0.189453 0.025000 0.078125
3 0.717187 0.264648 0.028125 0.072266
2 0.715625 0.338867 0.025000 0.076172
3 0.609375 0.022461 0.025000 0.044922
3 0.607812 0.082031 0.028125 0.074219
2 0.606250 0.156250 0.028125 0.074219
2 0.605469 0.231445 0.026562 0.076172
3 0.604688 0.306641 0.025000 0.074219
3 0.583594 0.019531 0.026562 0.039062
2 0.582031 0.077148 0.026562 0.076172
2 0.578125 0.228516 0.028125 0.078125
3 0.577344 0.304688 0.026562 0.074219
2 0.578125 0.152344 0.028125 0.074219
2 0.555469 0.073242 0.026562 0.076172
2 0.556250 0.016602 0.025000 0.033203
2 0.553125 0.147461 0.028125 0.076172
3 0.550000 0.223633 0.028125 0.076172
3 0.743750 0.270508 0.021875 0.072266
3 0.448437 0.034180 0.028125 0.068359
3 0.742188 0.045898 0.028125 0.072266
3 0.548438 0.298828 0.028125 0.074219
3 0.743750 0.121094 0.025000 0.078125
3 0.446094 0.104492 0.029687 0.076172
2 0.443750 0.180664 0.028125 0.076172
2 0.442188 0.254883 0.028125 0.076172
0 0.439063 0.329102 0.028125 0.076172
3 0.417969 0.032227 0.029687 0.064453
2 0.415625 0.100586 0.031250 0.076172
2 0.391406 0.029297 0.026562 0.058594
2 0.416406 0.175781 0.026562 0.078125
2 0.414844 0.250000 0.026562 0.074219
0 0.413281 0.326172 0.026562 0.074219
2 0.388281 0.097656 0.029687 0.078125
2 0.388281 0.173828 0.029687 0.074219
2 0.388281 0.248047 0.029687 0.078125
3 0.385156 0.326172 0.029687 0.078125
3 0.280469 0.062500 0.032813 0.074219
2 0.285938 0.012695 0.028125 0.025391
3 0.281250 0.134766 0.031250 0.070312
3 0.280469 0.210938 0.029687 0.082031
3 0.277344 0.290039 0.029687 0.076172
3 0.274219 0.366211 0.029687 0.076172
2 0.258594 0.011719 0.029687 0.023438
3 0.250781 0.060547 0.029687 0.074219
3 0.247656 0.287109 0.032813 0.074219
3 0.250000 0.210938 0.031250 0.082031
3 0.249219 0.133789 0.029687 0.072266
3 0.245312 0.362305 0.031250 0.076172
3 0.229687 0.009766 0.031250 0.019531
3 0.224219 0.058594 0.029687 0.078125
3 0.221094 0.132812 0.026562 0.074219
3 0.218750 0.209961 0.031250 0.080078
3 0.215625 0.361328 0.031250 0.074219
3 0.217969 0.286133 0.029687 0.076172
3 0.122656 0.032227 0.032813 0.064453
3 0.118750 0.103516 0.031250 0.074219
3 0.116406 0.176758 0.029687 0.072266
2 0.114844 0.248047 0.029687 0.074219
2 0.114062 0.325195 0.028125 0.076172
3 0.114062 0.402344 0.028125 0.078125
3 0.768750 0.123047 0.021875 0.074219
3 0.769531 0.050781 0.029687 0.074219
3 0.768750 0.347656 0.028125 0.074219
3 0.767188 0.271484 0.025000 0.074219
3 0.767188 0.197266 0.025000 0.078125
3 0.885938 0.238281 0.028125 0.082031
3 0.885938 0.314453 0.028125 0.078125
3 0.885938 0.024414 0.028125 0.048828
2 0.885156 0.084961 0.029687 0.080078
2 0.885156 0.163086 0.029687 0.080078
