3 0.543750 0.495117 0.031250 0.076172
3 0.542188 0.571289 0.028125 0.076172
2 0.863281 0.008789 0.029687 0.017578
3 0.539844 0.651367 0.026562 0.080078
2 0.535156 0.726562 0.029687 0.074219
3 0.531250 0.801758 0.028125 0.076172
3 0.528906 0.879883 0.029687 0.080078
3 0.528125 0.956055 0.028125 0.076172
3 0.526563 0.187500 0.031250 0.078125
3 0.860938 0.055664 0.031250 0.080078
3 0.524219 0.264648 0.026562 0.076172
3 0.522656 0.340820 0.029687 0.080078
3 0.517188 0.495117 0.025000 0.076172
3 0.514062 0.571289 0.025000 0.076172
2 0.510938 0.647461 0.028125 0.080078
2 0.860156 0.888672 0.032813 0.074219
2 0.507812 0.724609 0.028125 0.078125
3 0.504687 0.799805 0.028125 0.076172
3 0.502344 0.875977 0.026562 0.076172
3 0.500781 0.951172 0.026562 0.074219
3 0.858594 0.130859 0.029687 0.074219
3 0.849219 0.433594 0.032813 0.078125
3 0.849219 0.356445 0.032813 0.076172
3 0.840625 0.510742 0.037500 0.076172
3 0.836719 0.584961 0.039062 0.076172
3 0.837500 0.662109 0.034375 0.074219
2 0.832812 0.810547 0.031250 0.074219
2 0.828906 0.885742 0.029687 0.076172
2 0.826562 0.959961 0.031250 0.072266
2 0.889062 0.008789 0.021875 0.017578
3 0.889062 0.055664 0.021875 0.080078
2 0.857031 0.962891 0.032813 0.074219
2 0.835156 0.738281 0.032813 0.078125
2 0.888281 0.892578 0.023438 0.074219
3 0.857031 0.206055 0.029687 0.072266
2 0.887500 0.963867 0.025000 0.072266
3 0.853906 0.280273 0.032813 0.076172
3 0.755469 0.125000 0.032813 0.074219
3 0.886719 0.130859 0.026562 0.074219
3 0.757812 0.046875 0.034375 0.078125
3 0.752344 0.198242 0.032813 0.080078
3 0.750781 0.276367 0.026562 0.080078
3 0.747656 0.354492 0.032813 0.076172
3 0.746875 0.432617 0.028125 0.076172
3 0.882812 0.206055 0.031250 0.076172
3 0.883594 0.282227 0.032813 0.076172
3 0.740625 0.505859 0.028125 0.078125
3 0.737500 0.583984 0.031250 0.078125
3 0.733594 0.662109 0.029687 0.078125
2 0.729688 0.739258 0.028125 0.076172
3 0.882812 0.358398 0.034375 0.076172
2 0.882031 0.432617 0.029687 0.076172
3 0.726562 0.046875 0.028125 0.078125
2 0.725000 0.816406 0.031250 0.082031
2 0.722656 0.891602 0.029687 0.080078
3 0.721094 0.123047 0.032813 0.078125
3 0.720313 0.198242 0.031250 0.076172
3 0.720313 0.274414 0.031250 0.076172
2 0.717969 0.963867 0.029687 0.072266
3 0.714844 0.353516 0.029687 0.078125
3 0.715625 0.430664 0.031250 0.076172
3 0.710938 0.504883 0.031250 0.076172
3 0.707031 0.583984 0.029687 0.078125
3 0.704688 0.660156 0.031250 0.078125
2 0.700000 0.736328 0.031250 0.082031
3 0.697656 0.047852 0.029687 0.076172
2 0.696094 0.811523 0.026562 0.080078
2 0.692969 0.887695 0.029687 0.080078
2 0.692969 0.124023 0.023438 0.076172
2 0.691406 0.961914 0.026562 0.076172
2 0.691406 0.200195 0.026562 0.076172
3 0.689844 0.274414 0.026562 0.076172
3 0.689063 0.274414 0.028125 0.076172
3 0.686719 0.355469 0.026562 0.078125
3 0.685156 0.430664 0.026562 0.072266
3 0.682031 0.504883 0.026562 0.076172
3 0.877344 0.510742 0.032813 0.076172
3 0.677344 0.583008 0.026562 0.080078
3 0.671875 0.657227 0.031250 0.072266
3 0.669531 0.733398 0.032813 0.080078
3 0.667188 0.809570 0.031250 0.076172
2 0.666406 0.885742 0.026562 0.076172
2 0.662500 0.958008 0.031250 0.080078
3 0.874219 0.587891 0.035937 0.078125
3 0.871875 0.662109 0.034375 0.074219
2 0.868750 0.738281 0.031250 0.074219
3 0.586719 0.186523 0.029687 0.076172
3 0.582031 0.265625 0.029687 0.078125
3 0.579688 0.341797 0.031250 0.078125
3 0.578125 0.419922 0.031250 0.078125
3 0.575000 0.497070 0.028125 0.076172
3 0.571094 0.574219 0.029687 0.078125
0 0.568750 0.653320 0.028125 0.080078
2 0.564844 0.731445 0.029687 0.076172
2 0.560937 0.807617 0.031250 0.076172
3 0.558594 0.884766 0.029687 0.074219
2 0.865625 0.813477 0.031250 0.076172
3 0.556250 0.186523 0.031250 0.076172
3 0.556250 0.958984 0.028125 0.078125
3 0.553906 0.264648 0.029687 0.076172
3 0.550781 0.341797 0.032813 0.078125
3 0.546875 0.418945 0.031250 0.076172
