0 0.256250 0.286133 0.034375 0.076172
2 0.260937 0.968750 0.028125 0.062500
2 0.262500 0.209961 0.043750 0.076172
3 0.262500 0.899414 0.028125 0.076172
0 0.266406 0.136719 0.035937 0.078125
3 0.266406 0.823242 0.029687 0.076172
2 0.268750 0.060547 0.034375 0.074219
2 0.269531 0.746094 0.029687 0.078125
2 0.272656 0.011719 0.035937 0.023438
2 0.275781 0.668945 0.026562 0.072266
2 0.279687 0.593750 0.028125 0.078125
2 0.279687 0.516602 0.028125 0.080078
2 0.282031 0.441406 0.023438 0.078125
2 0.285938 0.366211 0.028125 0.076172
0 0.288281 0.288086 0.029687 0.080078
2 0.118750 0.393555 0.031250 0.076172
3 0.289062 0.967773 0.028125 0.064453
3 0.292969 0.898438 0.029687 0.074219
3 0.295312 0.823242 0.031250 0.076172
2 0.295312 0.212891 0.025000 0.078125
2 0.296094 0.138672 0.026562 0.078125
2 0.297656 0.746094 0.032813 0.078125
2 0.300781 0.061523 0.029687 0.076172
2 0.301563 0.012695 0.031250 0.025391
2 0.303125 0.670898 0.025000 0.076172
2 0.306250 0.595703 0.028125 0.078125
2 0.307812 0.517578 0.028125 0.078125
1 0.309375 0.444336 0.031250 0.076172
2 0.314063 0.367188 0.028125 0.078125
0 0.315625 0.291016 0.028125 0.078125
2 0.122656 0.317383 0.029687 0.076172
3 0.123438 0.980469 0.034375 0.039062
0 0.318750 0.215820 0.028125 0.076172
0 0.324219 0.140625 0.029687 0.078125
0 0.328125 0.066406 0.025000 0.074219
2 0.331250 0.014648 0.034375 0.029297
0 0.125000 0.242188 0.031250 0.078125
3 0.127344 0.921875 0.032813 0.082031
3 0.392969 0.992188 0.035937 0.015625
2 0.396094 0.944336 0.032813 0.076172
2 0.129688 0.166992 0.031250 0.076172
3 0.131250 0.845703 0.031250 0.074219
2 0.398438 0.868164 0.034375 0.076172
3 0.401562 0.794922 0.031250 0.078125
3 0.403906 0.716797 0.032813 0.078125
3 0.406250 0.638672 0.028125 0.078125
3 0.410156 0.562500 0.029687 0.074219
2 0.411719 0.484375 0.029687 0.078125
2 0.416406 0.408203 0.032813 0.078125
2 0.419531 0.332031 0.032813 0.078125
2 0.422656 0.255859 0.029687 0.074219
2 0.425000 0.945312 0.028125 0.078125
2 0.425781 0.990234 0.029687 0.019531
2 0.425781 0.178711 0.026562 0.080078
3 0.428125 0.869141 0.031250 0.078125
2 0.134375 0.771484 0.031250 0.078125
2 0.429688 0.102539 0.031250 0.076172
3 0.432031 0.792969 0.032813 0.078125
2 0.432812 0.032227 0.031250 0.064453
3 0.436719 0.639648 0.032813 0.080078
3 0.435156 0.717773 0.029687 0.076172
3 0.439844 0.561523 0.029687 0.072266
2 0.441406 0.487305 0.032813 0.076172
2 0.134375 0.092773 0.028125 0.074219
2 0.446875 0.409180 0.028125 0.080078
2 0.449219 0.333008 0.026562 0.076172
2 0.451562 0.257812 0.028125 0.078125
3 0.450781 0.990234 0.029687 0.019531
2 0.453906 0.182617 0.026562 0.076172
3 0.454688 0.943359 0.031250 0.078125
3 0.456250 0.869141 0.028125 0.078125
3 0.459375 0.792969 0.028125 0.078125
2 0.459375 0.107422 0.028125 0.074219
2 0.462500 0.036133 0.031250 0.072266
3 0.464844 0.716797 0.029687 0.074219
3 0.467969 0.639648 0.026562 0.080078
3 0.469531 0.561523 0.029687 0.076172
2 0.471875 0.487305 0.028125 0.076172
0 0.136719 0.698242 0.026562 0.076172
2 0.474219 0.412109 0.026562 0.078125
2 0.478906 0.335938 0.029687 0.078125
2 0.479687 0.257812 0.031250 0.078125
2 0.482031 0.185547 0.032813 0.074219
2 0.486719 0.108398 0.029687 0.076172
2 0.490625 0.037109 0.025000 0.074219
2 0.139063 0.028320 0.028125 0.056641
2 0.139063 0.621094 0.028125 0.078125
2 0.143750 0.543945 0.031250 0.080078
2 0.144531 0.469727 0.029687 0.076172
3 0.560156 0.978516 0.029687 0.042969
3 0.567187 0.916016 0.028125 0.082031
3 0.567187 0.837891 0.028125 0.074219
2 0.148438 0.395508 0.031250 0.076172
3 0.571875 0.762695 0.034375 0.076172
3 0.576562 0.685547 0.028125 0.078125
2 0.578906 0.606445 0.029687 0.076172
2 0.582812 0.530273 0.037500 0.080078
2 0.583594 0.452148 0.032813 0.076172
2 0.585156 0.374023 0.032813 0.076172
2 0.588281 0.298828 0.029687 0.078125
3 0.588281 0.977539 0.026562 0.044922
2 0.792188 0.008789 0.025000 0.017578
3 0.794531 0.735352 0.023438 0.072266
2 0.793750 0.661133 0.025000 0.076172
2 0.798438 0.583984 0.028125 0.078125
4 0.801562 0.509766 0.021875 0.078125
4 0.805469 0.432617 0.023438 0.076172
2 0.805469 0.355469 0.026562 0.078125
2 0.807813 0.280273 0.025000 0.080078
2 0.810156 0.205078 0.026562 0.078125
2 0.810937 0.131836 0.025000 0.076172
2 0.812500 0.058594 0.025000 0.074219
2 0.814844 0.010742 0.023438 0.021484
0 0.111719 0.696289 0.023438 0.076172
2 0.112500 0.025391 0.025000 0.050781
0 0.113281 0.619141 0.026562 0.078125
2 0.232813 0.968750 0.028125 0.062500
2 0.233594 0.899414 0.029687 0.076172
3 0.236719 0.822266 0.029687 0.078125
2 0.239063 0.746094 0.028125 0.074219
2 0.109375 0.087891 0.018750 0.074219
2 0.114844 0.468750 0.029687 0.078125
2 0.246875 0.669922 0.034375 0.078125
2 0.247656 0.592773 0.035937 0.076172
2 0.114844 0.544922 0.029687 0.078125
2 0.251563 0.440430 0.034375 0.076172
2 0.250000 0.515625 0.034375 0.078125
2 0.256250 0.361328 0.037500 0.078125
2 0.593750 0.219727 0.028125 0.080078
3 0.596094 0.916016 0.029687 0.082031
2 0.596875 0.144531 0.028125 0.078125
3 0.596094 0.835938 0.032813 0.078125
2 0.600781 0.069336 0.026562 0.076172
2 0.603125 0.015625 0.031250 0.031250
3 0.603125 0.758789 0.028125 0.076172
2 0.603906 0.684570 0.026562 0.076172
2 0.606250 0.607422 0.025000 0.078125
2 0.610938 0.532227 0.025000 0.076172
2 0.612500 0.455078 0.025000 0.078125
2 0.614062 0.377930 0.025000 0.080078
2 0.152344 0.319336 0.032813 0.076172
2 0.617188 0.300781 0.028125 0.078125
3 0.616406 0.976562 0.029687 0.046875
2 0.620313 0.224609 0.021875 0.078125
2 0.622656 0.148438 0.023438 0.082031
3 0.622656 0.915039 0.026562 0.080078
2 0.625000 0.076172 0.025000 0.078125
3 0.626563 0.836914 0.025000 0.076172
2 0.628906 0.019531 0.020313 0.039062
2 0.630469 0.761719 0.023438 0.078125
2 0.629687 0.688477 0.025000 0.072266
1 0.633594 0.608398 0.026562 0.080078
2 0.635938 0.532227 0.028125 0.076172
2 0.636719 0.457031 0.026562 0.078125
2 0.641406 0.380859 0.029687 0.074219
2 0.643750 0.303711 0.028125 0.076172
1 0.156250 0.241211 0.031250 0.076172
2 0.647656 0.153320 0.026562 0.076172
2 0.650781 0.078125 0.023438 0.078125
2 0.653906 0.021484 0.026562 0.042969
2 0.160938 0.169922 0.031250 0.078125
2 0.731250 0.962891 0.028125 0.074219
2 0.730469 0.888672 0.023438 0.078125
3 0.734375 0.811523 0.025000 0.080078
2 0.164844 0.095703 0.029687 0.074219
3 0.740625 0.735352 0.028125 0.072266
2 0.742969 0.660156 0.029687 0.078125
2 0.745313 0.582031 0.028125 0.078125
2 0.746875 0.504883 0.031250 0.076172
2 0.751563 0.429688 0.028125 0.078125
3 0.756250 0.887695 0.025000 0.076172
2 0.757031 0.961914 0.026562 0.076172
2 0.757812 0.352539 0.031250 0.080078
2 0.757031 0.274414 0.029687 0.080078
2 0.759375 0.199219 0.028125 0.078125
3 0.760938 0.810547 0.028125 0.082031
2 0.763281 0.119141 0.029687 0.078125
2 0.762500 0.044922 0.025000 0.078125
3 0.768750 0.735352 0.028125 0.072266
2 0.771094 0.661133 0.023438 0.076172
2 0.771875 0.582031 0.025000 0.078125
2 0.775000 0.505859 0.028125 0.078125
2 0.780469 0.430664 0.023438 0.076172
2 0.782031 0.961914 0.023438 0.076172
2 0.782813 0.353516 0.021875 0.082031
3 0.783594 0.886719 0.026562 0.078125
2 0.784375 0.202148 0.025000 0.080078
2 0.169531 0.030273 0.032813 0.060547
2 0.789062 0.052734 0.025000 0.082031
2 0.786719 0.127930 0.023438 0.076172
2 0.643750 0.228516 0.025000 0.074219
2 0.784375 0.278320 0.021875 0.080078
3 0.789062 0.813477 0.028125 0.080078
