3 0.821094 0.439453 0.026562 0.078125
3 0.578125 0.814453 0.028125 0.074219
3 0.642188 0.670898 0.031250 0.080078
3 0.576562 0.892578 0.028125 0.082031
3 0.605469 0.898438 0.029687 0.082031
3 0.801562 0.896484 0.031250 0.078125
3 0.739062 0.964844 0.028125 0.070312
3 0.599219 0.967773 0.029687 0.064453
3 0.647656 0.591797 0.029687 0.078125
3 0.629687 0.969727 0.031250 0.060547
3 0.807031 0.748047 0.032813 0.078125
3 0.410938 0.881836 0.031250 0.072266
3 0.464844 0.886719 0.029687 0.082031
3 0.441406 0.809570 0.026562 0.076172
3 0.439844 0.734375 0.026562 0.078125
3 0.435937 0.960938 0.028125 0.078125
3 0.640625 0.746094 0.028125 0.078125
3 0.811719 0.669922 0.035937 0.078125
3 0.415625 0.806641 0.028125 0.078125
3 0.633594 0.904297 0.032813 0.078125
3 0.617188 0.587891 0.031250 0.070312
3 0.414844 0.728516 0.026562 0.078125
3 0.437500 0.886719 0.025000 0.078125
2 0.814063 0.592773 0.034375 0.076172
2 0.796875 0.969727 0.031250 0.060547
3 0.742188 0.896484 0.028125 0.078125
3 0.585938 0.587891 0.028125 0.078125
2 0.785156 0.513672 0.032813 0.078125
3 0.803125 0.823242 0.031250 0.076172
3 0.608594 0.743164 0.032813 0.076172
3 0.407813 0.955078 0.025000 0.078125
3 0.469531 0.734375 0.032813 0.082031
2 0.580469 0.740234 0.026562 0.074219
3 0.789844 0.436523 0.032813 0.080078
3 0.816406 0.516602 0.029687 0.076172
3 0.460938 0.964844 0.028125 0.070312
3 0.612500 0.665039 0.031250 0.080078
3 0.607812 0.818359 0.028125 0.074219
3 0.467969 0.814453 0.026562 0.082031
3 0.572656 0.965820 0.029687 0.068359
3 0.582812 0.663086 0.028125 0.080078
3 0.637500 0.825195 0.031250 0.076172
3 0.767188 0.968750 0.031250 0.062500
3 0.774219 0.824219 0.029687 0.078125
3 0.779687 0.667969 0.031250 0.078125
3 0.769531 0.900391 0.029687 0.074219
3 0.753125 0.589844 0.031250 0.078125
3 0.776563 0.744141 0.031250 0.078125
3 0.783594 0.590820 0.032813 0.076172
3 0.758594 0.435547 0.029687 0.078125
3 0.749219 0.668945 0.029687 0.080078
2 0.757031 0.511719 0.032813 0.074219
3 0.746094 0.747070 0.029687 0.076172
3 0.743750 0.822266 0.031250 0.074219
