2 0.327344 0.197266 0.060937 0.035156
2 0.264844 0.193359 0.060937 0.035156
2 0.203906 0.189453 0.064062 0.031250
3 0.755469 0.187500 0.057813 0.035156
2 0.143750 0.186523 0.062500 0.033203
3 0.696094 0.185547 0.064062 0.035156
2 0.085156 0.183594 0.060937 0.035156
3 0.631250 0.176758 0.068750 0.033203
3 0.570312 0.173828 0.056250 0.035156
2 0.510156 0.173828 0.057813 0.035156
2 0.450781 0.170898 0.060937 0.037109
0 0.390625 0.166992 0.059375 0.033203
1 0.328125 0.164062 0.062500 0.031250
2 0.269531 0.160156 0.060937 0.031250
0 0.207813 0.159180 0.059375 0.033203
2 0.149219 0.156250 0.060937 0.031250
2 0.089063 0.155273 0.059375 0.029297
3 0.756250 0.154297 0.056250 0.027344
3 0.696875 0.150391 0.062500 0.035156
3 0.630469 0.143555 0.067187 0.029297
3 0.568750 0.141602 0.056250 0.025391
2 0.512500 0.138672 0.056250 0.031250
2 0.452344 0.138672 0.060937 0.031250
2 0.389844 0.135742 0.060937 0.033203
2 0.330469 0.131836 0.060937 0.029297
2 0.272656 0.130859 0.057813 0.031250
2 0.213281 0.126953 0.060937 0.031250
2 0.153125 0.125977 0.059375 0.033203
2 0.093750 0.125000 0.056250 0.031250
3 0.757031 0.220703 0.057813 0.035156
3 0.695312 0.220703 0.065625 0.035156
3 0.628906 0.211914 0.067187 0.037109
2 0.510938 0.208008 0.059375 0.037109
3 0.510156 0.208008 0.060937 0.037109
3 0.567187 0.207031 0.056250 0.035156
2 0.449219 0.203125 0.060937 0.035156
2 0.388281 0.198242 0.060937 0.033203
