3 0.759375 0.157227 0.062500 0.037109
2 0.509375 0.178711 0.059375 0.041016
3 0.448437 0.176758 0.062500 0.037109
3 0.758594 0.121094 0.060937 0.039062
2 0.939844 0.133789 0.060937 0.037109
2 0.880469 0.128906 0.057813 0.039062
2 0.937500 0.171875 0.059375 0.039062
3 0.635156 0.188477 0.064062 0.037109
2 0.930469 0.014648 0.060937 0.029297
3 0.817187 0.123047 0.062500 0.039062
3 0.757812 0.195312 0.059375 0.039062
3 0.695312 0.154297 0.062500 0.039062
3 0.572656 0.145508 0.060937 0.041016
3 0.697656 0.192383 0.060937 0.037109
3 0.634375 0.150391 0.062500 0.039062
3 0.571875 0.183594 0.062500 0.039062
3 0.820312 0.163086 0.059375 0.037109
3 0.449219 0.137695 0.064062 0.041016
2 0.510938 0.143555 0.062500 0.041016
3 0.698438 0.116211 0.062500 0.041016
3 0.879687 0.166016 0.059375 0.039062
3 0.936719 0.207031 0.060937 0.035156
3 0.939063 0.380859 0.062500 0.039062
3 0.864062 0.615234 0.062500 0.031250
3 0.687500 0.538086 0.065625 0.041016
3 0.694531 0.364258 0.060937 0.041016
3 0.696875 0.324219 0.062500 0.035156
3 0.932031 0.416992 0.064062 0.041016
3 0.570312 0.392578 0.062500 0.035156
3 0.760156 0.328125 0.060937 0.039062
3 0.943750 0.341797 0.062500 0.039062
3 0.930469 0.580078 0.060937 0.031250
3 0.682813 0.606445 0.062500 0.033203
3 0.751563 0.540039 0.065625 0.033203
3 0.573438 0.315430 0.062500 0.037109
3 0.513281 0.104492 0.060937 0.037109
3 0.809375 0.543945 0.065625 0.037109
3 0.747656 0.573242 0.060937 0.033203
3 0.875781 0.201172 0.064062 0.035156
3 0.805469 0.611328 0.057813 0.039062
3 0.632031 0.359375 0.064062 0.039062
3 0.817187 0.197266 0.062500 0.035156
3 0.882812 0.337891 0.062500 0.039062
3 0.745313 0.605469 0.062500 0.035156
3 0.925000 0.612305 0.062500 0.029297
3 0.878125 0.375977 0.059375 0.037109
3 0.874219 0.409180 0.057813 0.037109
3 0.451562 0.098633 0.062500 0.033203
3 0.635938 0.110352 0.062500 0.044922
3 0.570312 0.353516 0.056250 0.039062
3 0.818750 0.368164 0.065625 0.037109
3 0.809375 0.578125 0.062500 0.031250
3 0.754687 0.365234 0.059375 0.035156
3 0.932813 0.549805 0.059375 0.029297
3 0.823438 0.333008 0.062500 0.041016
2 0.574219 0.107422 0.060937 0.042969
3 0.874219 0.548828 0.060937 0.035156
3 0.751563 0.402344 0.059375 0.035156
3 0.687500 0.575195 0.062500 0.033203
3 0.814063 0.404297 0.065625 0.035156
3 0.636719 0.322266 0.064062 0.039062
3 0.630469 0.396484 0.064062 0.035156
3 0.868750 0.580078 0.062500 0.035156
2 0.692187 0.399414 0.059375 0.033203
