2 0.701562 0.135742 0.059375 0.037109
2 0.700781 0.583984 0.060937 0.035156
2 0.700781 0.210938 0.060937 0.039062
2 0.700781 0.173828 0.057813 0.039062
2 0.700000 0.247070 0.059375 0.037109
2 0.700000 0.360352 0.059375 0.037109
2 0.699219 0.396484 0.057813 0.039062
2 0.699219 0.284180 0.060937 0.037109
2 0.700000 0.546875 0.059375 0.039062
2 0.699219 0.322266 0.060937 0.039062
2 0.698438 0.433594 0.059375 0.039062
2 0.699219 0.621094 0.060937 0.039062
2 0.697656 0.655273 0.060937 0.029297
2 0.697656 0.508789 0.057813 0.041016
2 0.697656 0.469727 0.057813 0.037109
2 0.875000 0.178711 0.050000 0.037109
2 0.875000 0.142578 0.050000 0.035156
2 0.875000 0.288086 0.050000 0.037109
2 0.875000 0.214844 0.050000 0.035156
2 0.874219 0.250977 0.051562 0.037109
2 0.874219 0.362305 0.051562 0.041016
2 0.874219 0.436523 0.051562 0.037109
2 0.874219 0.400391 0.051562 0.039062
2 0.874219 0.324219 0.051562 0.035156
2 0.874219 0.624023 0.051562 0.037109
2 0.874219 0.657227 0.051562 0.033203
2 0.873437 0.549805 0.053125 0.037109
2 0.873437 0.585938 0.053125 0.035156
2 0.642188 0.135742 0.059375 0.037109
2 0.642188 0.170898 0.059375 0.037109
2 0.640625 0.207031 0.059375 0.039062
2 0.640625 0.395508 0.062500 0.037109
2 0.640625 0.247070 0.059375 0.037109
2 0.639844 0.282227 0.060937 0.037109
2 0.639844 0.358398 0.060937 0.037109
2 0.639844 0.430664 0.064062 0.037109
2 0.639844 0.320312 0.060937 0.039062
1 0.638281 0.506836 0.060937 0.041016
2 0.638281 0.467773 0.060937 0.037109
2 0.638281 0.650391 0.060937 0.035156
2 0.637500 0.545898 0.062500 0.041016
2 0.637500 0.581055 0.062500 0.037109
2 0.636719 0.617188 0.064062 0.035156
2 0.873437 0.474609 0.053125 0.039062
2 0.873437 0.511719 0.053125 0.035156
1 0.582812 0.133789 0.059375 0.037109
2 0.581250 0.170898 0.059375 0.037109
2 0.581250 0.282227 0.059375 0.037109
2 0.581250 0.244141 0.059375 0.039062
2 0.580469 0.207031 0.060937 0.039062
2 0.579688 0.583008 0.053125 0.037109
2 0.580469 0.319336 0.060937 0.037109
2 0.578906 0.429688 0.060937 0.035156
2 0.579688 0.547852 0.056250 0.037109
2 0.578906 0.394531 0.060937 0.039062
2 0.578125 0.359375 0.062500 0.039062
2 0.578906 0.618164 0.054688 0.037109
2 0.578125 0.652344 0.056250 0.031250
1 0.578125 0.467773 0.059375 0.041016
2 0.578906 0.508789 0.057813 0.041016
2 0.521094 0.206055 0.060937 0.037109
2 0.520312 0.244141 0.062500 0.039062
2 0.520312 0.133789 0.062500 0.033203
2 0.520312 0.168945 0.062500 0.037109
2 0.520312 0.281250 0.062500 0.035156
1 0.520312 0.318359 0.062500 0.039062
1 0.520312 0.583008 0.062500 0.037109
2 0.520312 0.429688 0.059375 0.035156
2 0.519531 0.393555 0.057813 0.037109
2 0.519531 0.467773 0.060937 0.041016
2 0.519531 0.617188 0.060937 0.035156
2 0.519531 0.355469 0.060937 0.039062
2 0.518750 0.543945 0.062500 0.037109
2 0.518750 0.650391 0.062500 0.035156
2 0.517969 0.508789 0.064062 0.041016
2 0.461719 0.130859 0.060937 0.035156
2 0.460938 0.648438 0.053125 0.035156
2 0.460938 0.206055 0.059375 0.037109
2 0.460938 0.578125 0.053125 0.039062
2 0.460156 0.242188 0.060937 0.039062
2 0.459375 0.168945 0.059375 0.037109
2 0.459375 0.615234 0.053125 0.035156
2 0.458594 0.428711 0.060937 0.037109
2 0.458594 0.355469 0.060937 0.039062
2 0.458594 0.391602 0.060937 0.037109
2 0.459375 0.281250 0.059375 0.035156
1 0.459375 0.467773 0.059375 0.041016
2 0.457813 0.541992 0.056250 0.033203
2 0.458594 0.318359 0.060937 0.039062
2 0.458594 0.504883 0.057813 0.037109
2 0.402344 0.131836 0.060937 0.033203
2 0.400781 0.646484 0.060937 0.035156
2 0.400000 0.166992 0.059375 0.037109
2 0.400000 0.203125 0.062500 0.039062
2 0.400000 0.279297 0.059375 0.039062
2 0.399219 0.316406 0.057813 0.035156
2 0.399219 0.241211 0.060937 0.037109
2 0.398438 0.539062 0.059375 0.039062
2 0.399219 0.576172 0.064062 0.039062
2 0.399219 0.354492 0.060937 0.041016
2 0.397656 0.466797 0.064062 0.039062
1 0.398438 0.391602 0.062500 0.037109
1 0.397656 0.429688 0.060937 0.039062
2 0.397656 0.504883 0.064062 0.037109
1 0.341406 0.130859 0.060937 0.035156
2 0.340625 0.166016 0.059375 0.039062
2 0.340625 0.203125 0.059375 0.039062
2 0.339062 0.315430 0.059375 0.037109
2 0.339062 0.428711 0.059375 0.037109
1 0.339062 0.352539 0.059375 0.037109
2 0.339844 0.278320 0.064062 0.037109
1 0.339844 0.391602 0.060937 0.037109
2 0.338281 0.240234 0.060937 0.039062
2 0.337500 0.645508 0.059375 0.033203
2 0.337500 0.538086 0.059375 0.037109
2 0.757812 0.471680 0.062500 0.037109
2 0.757812 0.548828 0.059375 0.039062
2 0.757031 0.510742 0.060937 0.041016
2 0.757812 0.624023 0.059375 0.037109
2 0.400000 0.612305 0.062500 0.033203
2 0.339844 0.464844 0.057813 0.035156
2 0.337500 0.577148 0.059375 0.041016
2 0.337500 0.611328 0.059375 0.035156
2 0.335156 0.502930 0.057813 0.037109
2 0.282813 0.165039 0.059375 0.037109
2 0.282813 0.129883 0.059375 0.033203
1 0.282031 0.202148 0.060937 0.037109
2 0.280469 0.314453 0.060937 0.039062
2 0.279687 0.239258 0.059375 0.037109
2 0.278906 0.353516 0.060937 0.039062
2 0.279687 0.277344 0.059375 0.039062
2 0.279687 0.427734 0.062500 0.039062
2 0.279687 0.389648 0.062500 0.037109
2 0.278125 0.464844 0.062500 0.035156
2 0.278125 0.502930 0.062500 0.037109
2 0.278125 0.644531 0.059375 0.035156
2 0.275781 0.575195 0.060937 0.041016
2 0.275781 0.611328 0.060937 0.035156
2 0.275781 0.538086 0.060937 0.033203
2 0.221875 0.240234 0.062500 0.039062
1 0.219531 0.279297 0.060937 0.039062
2 0.219531 0.313477 0.060937 0.033203
2 0.218750 0.352539 0.059375 0.041016
2 0.217969 0.427734 0.060937 0.039062
2 0.217969 0.389648 0.060937 0.037109
2 0.217969 0.641602 0.054688 0.037109
2 0.217969 0.463867 0.060937 0.037109
2 0.217969 0.609375 0.057813 0.042969
2 0.217188 0.572266 0.056250 0.042969
2 0.160938 0.388672 0.056250 0.035156
2 0.160156 0.427734 0.057813 0.039062
2 0.159375 0.463867 0.056250 0.037109
2 0.159375 0.353516 0.056250 0.039062
2 0.159375 0.643555 0.056250 0.037109
2 0.158594 0.537109 0.057813 0.035156
2 0.158594 0.573242 0.060937 0.033203
2 0.159375 0.608398 0.059375 0.041016
2 0.157812 0.500977 0.056250 0.037109
2 0.821875 0.211914 0.059375 0.037109
2 0.821094 0.176758 0.060937 0.041016
2 0.820312 0.139648 0.059375 0.037109
2 0.820312 0.250000 0.062500 0.039062
2 0.817969 0.288086 0.064062 0.041016
2 0.817969 0.437500 0.060937 0.039062
1 0.817969 0.362305 0.064062 0.041016
2 0.817969 0.400391 0.060937 0.039062
2 0.817969 0.624023 0.060937 0.037109
2 0.817187 0.324219 0.059375 0.039062
2 0.816406 0.548828 0.060937 0.039062
2 0.816406 0.511719 0.060937 0.039062
2 0.817187 0.585938 0.059375 0.039062
2 0.817187 0.656250 0.059375 0.031250
2 0.815625 0.473633 0.059375 0.037109
2 0.761719 0.212891 0.064062 0.039062
2 0.761719 0.138672 0.060937 0.035156
2 0.760156 0.173828 0.060937 0.039062
2 0.759375 0.285156 0.059375 0.039062
2 0.759375 0.322266 0.062500 0.039062
2 0.758594 0.247070 0.060937 0.037109
2 0.758594 0.584961 0.057813 0.037109
2 0.759375 0.360352 0.062500 0.037109
2 0.757812 0.435547 0.062500 0.039062
2 0.757812 0.397461 0.059375 0.041016
2 0.758594 0.656250 0.054688 0.027344
2 0.216406 0.537109 0.057813 0.039062
2 0.216406 0.501953 0.060937 0.039062
