2 0.752344 0.986328 0.045312 0.023438
0 0.879687 0.990234 0.037500 0.019531
2 0.147656 0.891602 0.045312 0.029297
2 0.799219 0.942383 0.045312 0.025391
2 0.842187 0.945312 0.043750 0.027344
2 0.713281 0.937500 0.042188 0.023438
1 0.838281 0.989258 0.042188 0.021484
2 0.755469 0.940430 0.042188 0.025391
0 0.793750 0.988281 0.043750 0.023438
2 0.708594 0.984375 0.042188 0.023438
2 0.234375 0.899414 0.043750 0.029297
2 0.191406 0.893555 0.042188 0.029297
2 0.516406 0.971680 0.045312 0.021484
2 0.389844 0.996094 0.045312 0.007812
2 0.276562 0.904297 0.040625 0.027344
2 0.471094 0.968750 0.042188 0.023438
2 0.428125 0.965820 0.043750 0.021484
2 0.457813 0.924805 0.043750 0.025391
2 0.500781 0.927734 0.042188 0.023438
0 0.543750 0.929688 0.043750 0.027344
2 0.384375 0.959961 0.043750 0.029297
