2 0.579688 0.657227 0.059375 0.037109
2 0.578906 0.768555 0.060937 0.037109
2 0.578125 0.694336 0.059375 0.037109
1 0.577344 0.841797 0.064062 0.035156
2 0.577344 0.729492 0.060937 0.037109
2 0.576562 0.879883 0.059375 0.037109
2 0.578125 0.804688 0.062500 0.042969
2 0.869531 0.887695 0.060937 0.037109
2 0.576562 0.914062 0.059375 0.035156
2 0.575781 0.949219 0.057813 0.039062
2 0.573438 0.984375 0.059375 0.031250
2 0.864062 0.924805 0.056250 0.033203
2 0.864062 0.958984 0.056250 0.039062
2 0.864062 0.988281 0.053125 0.023438
2 0.520312 0.655273 0.056250 0.037109
2 0.520312 0.690430 0.056250 0.037109
2 0.518750 0.803711 0.059375 0.037109
2 0.517969 0.730469 0.057813 0.039062
2 0.517969 0.765625 0.060937 0.035156
2 0.517969 0.840820 0.060937 0.037109
2 0.517188 0.949219 0.059375 0.035156
2 0.517969 0.877930 0.060937 0.041016
2 0.515625 0.913086 0.059375 0.037109
1 0.514062 0.982422 0.056250 0.035156
2 0.460938 0.653320 0.062500 0.037109
2 0.460938 0.689453 0.059375 0.035156
2 0.460156 0.727539 0.057813 0.041016
2 0.459375 0.762695 0.059375 0.041016
2 0.457813 0.836914 0.059375 0.037109
2 0.459375 0.799805 0.059375 0.037109
1 0.457813 0.947266 0.056250 0.035156
2 0.457813 0.875000 0.059375 0.039062
1 0.400000 0.651367 0.062500 0.037109
1 0.457031 0.910156 0.060937 0.035156
2 0.400000 0.722656 0.059375 0.039062
2 0.400000 0.798828 0.059375 0.039062
2 0.457031 0.981445 0.057813 0.033203
2 0.402344 0.687500 0.057813 0.035156
2 0.399219 0.760742 0.060937 0.037109
2 0.399219 0.833984 0.057813 0.039062
2 0.400000 0.942383 0.056250 0.033203
1 0.399219 0.870117 0.057813 0.041016
2 0.399219 0.975586 0.057813 0.033203
2 0.399219 0.995117 0.054688 0.009766
1 0.397656 0.907227 0.057813 0.037109
2 0.340625 0.686523 0.059375 0.037109
1 0.341406 0.721680 0.057813 0.037109
2 0.340625 0.648438 0.056250 0.039062
2 0.339062 0.794922 0.059375 0.039062
2 0.340625 0.758789 0.056250 0.037109
2 0.339844 0.832031 0.060937 0.039062
2 0.339844 0.869141 0.057813 0.039062
2 0.339844 0.904297 0.060937 0.035156
2 0.339844 0.938477 0.060937 0.033203
2 0.339844 0.995117 0.060937 0.009766
2 0.339062 0.972656 0.062500 0.035156
2 0.281250 0.830078 0.059375 0.035156
2 0.282813 0.756836 0.056250 0.037109
2 0.281250 0.864258 0.059375 0.033203
2 0.280469 0.933594 0.057813 0.039062
2 0.279687 0.993164 0.056250 0.013672
1 0.278906 0.793945 0.060937 0.037109
2 0.278906 0.896484 0.057813 0.035156
2 0.278906 0.970703 0.057813 0.031250
2 0.221094 0.861328 0.057813 0.039062
2 0.221875 0.894531 0.059375 0.035156
2 0.221094 0.933594 0.054688 0.039062
2 0.223438 0.991211 0.056250 0.017578
2 0.221094 0.966797 0.057813 0.035156
2 0.164844 0.964844 0.057813 0.035156
2 0.164062 0.989258 0.056250 0.021484
2 0.815625 0.703125 0.059375 0.035156
2 0.814063 0.667969 0.059375 0.039062
2 0.814844 0.741211 0.054688 0.037109
2 0.811719 0.779297 0.057813 0.035156
2 0.811719 0.814453 0.060937 0.035156
2 0.809375 0.850586 0.059375 0.037109
2 0.809375 0.886719 0.059375 0.039062
2 0.808594 0.960938 0.057813 0.039062
2 0.807813 0.924805 0.059375 0.037109
2 0.757812 0.665039 0.056250 0.037109
2 0.757031 0.702148 0.057813 0.037109
2 0.807031 0.989258 0.057813 0.021484
2 0.757031 0.740234 0.060937 0.039062
2 0.754687 0.811523 0.059375 0.037109
2 0.753125 0.775391 0.056250 0.039062
2 0.751563 0.849609 0.059375 0.039062
2 0.750781 0.918945 0.054688 0.037109
2 0.750000 0.883789 0.059375 0.037109
2 0.750000 0.955078 0.059375 0.039062
2 0.749219 0.988281 0.057813 0.023438
2 0.700781 0.663086 0.057813 0.037109
2 0.699219 0.699219 0.057813 0.039062
2 0.696875 0.735352 0.056250 0.037109
2 0.696094 0.807617 0.057813 0.037109
2 0.694531 0.770508 0.057813 0.037109
2 0.694531 0.845703 0.057813 0.035156
2 0.693750 0.880859 0.056250 0.035156
2 0.693750 0.916016 0.059375 0.035156
2 0.692969 0.953125 0.057813 0.039062
2 0.689063 0.986328 0.056250 0.027344
1 0.640625 0.661133 0.062500 0.037109
2 0.639062 0.697266 0.062500 0.035156
2 0.638281 0.807617 0.060937 0.037109
2 0.637500 0.770508 0.062500 0.037109
2 0.638281 0.843750 0.057813 0.035156
2 0.637500 0.734375 0.059375 0.035156
2 0.636719 0.916016 0.060937 0.035156
2 0.635938 0.880859 0.059375 0.039062
2 0.873437 0.706055 0.053125 0.037109
2 0.634375 0.951172 0.059375 0.039062
1 0.633594 0.985352 0.057813 0.029297
2 0.871875 0.667969 0.056250 0.035156
2 0.871875 0.743164 0.056250 0.037109
2 0.871094 0.814453 0.057813 0.035156
2 0.870313 0.778320 0.059375 0.037109
2 0.869531 0.851562 0.060937 0.039062
