3 0.091406 0.021484 0.060937 0.035156
2 0.758594 0.020508 0.060937 0.041016
2 0.296875 0.197266 0.059375 0.035156
2 0.847656 0.198242 0.060937 0.033203
2 0.907813 0.200195 0.059375 0.033203
2 0.357031 0.202148 0.060937 0.033203
2 0.478906 0.207031 0.060937 0.035156
2 0.417969 0.206055 0.060937 0.037109
2 0.967969 0.208008 0.060937 0.037109
2 0.540625 0.209961 0.062500 0.037109
2 0.602344 0.215820 0.060937 0.037109
2 0.663281 0.220703 0.060937 0.039062
3 0.055469 0.221680 0.057813 0.037109
3 0.116406 0.223633 0.060937 0.041016
2 0.175781 0.225586 0.060937 0.037109
2 0.724219 0.223633 0.060937 0.041016
2 0.785156 0.227539 0.060937 0.037109
3 0.236719 0.230469 0.060937 0.039062
2 0.844531 0.233398 0.060937 0.037109
3 0.296094 0.235352 0.060937 0.041016
3 0.153125 0.024414 0.059375 0.037109
2 0.817969 0.025391 0.064062 0.042969
2 0.904687 0.235352 0.059375 0.037109
2 0.964063 0.241211 0.059375 0.033203
2 0.356250 0.238281 0.059375 0.039062
1 0.417969 0.242188 0.060937 0.039062
2 0.478125 0.246094 0.059375 0.039062
2 0.538281 0.248047 0.060937 0.039062
0 0.600781 0.251953 0.060937 0.039062
2 0.660156 0.255859 0.060937 0.039062
2 0.781250 0.265625 0.059375 0.039062
2 0.721875 0.261719 0.062500 0.039062
2 0.840625 0.269531 0.059375 0.039062
3 0.213281 0.028320 0.060937 0.041016
2 0.901563 0.274414 0.059375 0.037109
2 0.960938 0.279297 0.059375 0.039062
3 0.272656 0.030273 0.057813 0.041016
2 0.877344 0.031250 0.057813 0.042969
3 0.221875 0.607422 0.062500 0.035156
2 0.332031 0.031250 0.060937 0.039062
2 0.937500 0.034180 0.062500 0.041016
2 0.771875 0.609375 0.059375 0.035156
3 0.282813 0.609375 0.059375 0.035156
2 0.832031 0.611328 0.060937 0.035156
3 0.342187 0.614258 0.059375 0.033203
2 0.892188 0.616211 0.059375 0.037109
2 0.952344 0.619141 0.060937 0.035156
2 0.403125 0.618164 0.062500 0.033203
2 0.464844 0.622070 0.060937 0.037109
2 0.524219 0.625977 0.060937 0.033203
2 0.586719 0.628906 0.060937 0.035156
3 0.100000 0.632812 0.059375 0.027344
2 0.649219 0.633789 0.060937 0.033203
3 0.159375 0.635742 0.059375 0.033203
2 0.707812 0.638672 0.059375 0.031250
2 0.815625 0.065430 0.059375 0.037109
3 0.221875 0.640625 0.062500 0.031250
2 0.769531 0.644531 0.060937 0.031250
3 0.282813 0.645508 0.059375 0.037109
2 0.829688 0.646484 0.059375 0.035156
3 0.342187 0.649414 0.059375 0.037109
2 0.889844 0.649414 0.060937 0.033203
2 0.402344 0.652344 0.060937 0.035156
2 0.949219 0.653320 0.060937 0.033203
1 0.463281 0.654297 0.060937 0.039062
2 0.524219 0.660156 0.060937 0.035156
2 0.585156 0.665039 0.060937 0.037109
2 0.645312 0.667969 0.062500 0.035156
2 0.706250 0.671875 0.059375 0.035156
2 0.766406 0.675781 0.060937 0.035156
2 0.827344 0.679688 0.060937 0.035156
1 0.885938 0.681641 0.062500 0.035156
2 0.945312 0.684570 0.056250 0.037109
2 0.875781 0.071289 0.057813 0.041016
2 0.933594 0.074219 0.060937 0.042969
3 0.125000 0.777344 0.059375 0.031250
2 0.185156 0.779297 0.060937 0.035156
2 0.244531 0.781250 0.060937 0.035156
2 0.306250 0.784180 0.062500 0.033203
3 0.367969 0.788086 0.060937 0.033203
2 0.428906 0.791992 0.060937 0.033203
2 0.491406 0.798828 0.060937 0.035156
2 0.551562 0.802734 0.059375 0.035156
2 0.612500 0.803711 0.059375 0.033203
0 0.126562 0.805664 0.059375 0.029297
2 0.674219 0.809570 0.060937 0.037109
2 0.185938 0.810547 0.059375 0.035156
2 0.735938 0.810547 0.059375 0.031250
2 0.244531 0.815430 0.060937 0.033203
2 0.796094 0.814453 0.060937 0.035156
3 0.306250 0.817383 0.062500 0.033203
2 0.857812 0.818359 0.059375 0.035156
3 0.367969 0.822266 0.060937 0.035156
2 0.916406 0.821289 0.060937 0.033203
2 0.973437 0.824219 0.053125 0.035156
2 0.428125 0.827148 0.059375 0.033203
2 0.489063 0.830078 0.059375 0.031250
2 0.549219 0.833984 0.060937 0.031250
0 0.126562 0.835938 0.059375 0.031250
2 0.610938 0.837891 0.059375 0.035156
2 0.186719 0.839844 0.057813 0.031250
2 0.671875 0.843750 0.059375 0.035156
3 0.246875 0.845703 0.059375 0.031250
2 0.732812 0.844727 0.059375 0.033203
2 0.792969 0.846680 0.060937 0.033203
1 0.392969 0.036133 0.060937 0.041016
3 0.075781 0.361328 0.060937 0.035156
3 0.134375 0.360352 0.059375 0.033203
2 0.196094 0.361328 0.060937 0.035156
2 0.255469 0.367188 0.060937 0.035156
2 0.317188 0.369141 0.062500 0.035156
2 0.378125 0.374023 0.062500 0.037109
2 0.439844 0.375977 0.060937 0.033203
2 0.502344 0.382812 0.060937 0.039062
2 0.564063 0.386719 0.062500 0.035156
2 0.624219 0.388672 0.064062 0.035156
3 0.075000 0.393555 0.059375 0.033203
2 0.135937 0.394531 0.062500 0.031250
2 0.686719 0.396484 0.064062 0.035156
2 0.749219 0.396484 0.067187 0.035156
2 0.196094 0.398438 0.060937 0.035156
2 0.810937 0.402344 0.065625 0.035156
2 0.255469 0.402344 0.060937 0.035156
3 0.316406 0.405273 0.060937 0.037109
2 0.867969 0.408203 0.060937 0.035156
3 0.377344 0.409180 0.060937 0.037109
2 0.453906 0.041016 0.060937 0.042969
2 0.930469 0.411133 0.064062 0.037109
1 0.439844 0.412109 0.060937 0.035156
2 0.500781 0.415039 0.060937 0.033203
2 0.562500 0.420898 0.062500 0.033203
2 0.623437 0.424805 0.062500 0.033203
2 0.136719 0.428711 0.060937 0.037109
2 0.514844 0.044922 0.060937 0.042969
3 0.076563 0.430664 0.059375 0.037109
2 0.685156 0.429688 0.064062 0.031250
2 0.746094 0.431641 0.064062 0.035156
3 0.195312 0.430664 0.059375 0.033203
3 0.255469 0.436523 0.060937 0.033203
2 0.807031 0.438477 0.067187 0.033203
3 0.316406 0.440430 0.060937 0.033203
2 0.865625 0.442383 0.065625 0.033203
2 0.924219 0.445312 0.064062 0.031250
3 0.378125 0.445312 0.062500 0.035156
1 0.439063 0.447266 0.059375 0.035156
1 0.500781 0.449219 0.060937 0.035156
2 0.561719 0.457031 0.060937 0.035156
2 0.621875 0.458984 0.062500 0.035156
2 0.682031 0.463867 0.064062 0.033203
2 0.742188 0.467773 0.062500 0.037109
2 0.573438 0.048828 0.059375 0.042969
0 0.803125 0.470703 0.062500 0.035156
1 0.863281 0.475586 0.064062 0.033203
2 0.921094 0.478516 0.064062 0.035156
2 0.634375 0.051758 0.059375 0.041016
2 0.696875 0.057617 0.062500 0.041016
3 0.099219 0.567383 0.060937 0.037109
3 0.158594 0.568359 0.057813 0.035156
3 0.221094 0.572266 0.064062 0.035156
3 0.282031 0.575195 0.060937 0.033203
3 0.342969 0.579102 0.057813 0.037109
3 0.403125 0.584961 0.062500 0.033203
2 0.466406 0.588867 0.060937 0.037109
2 0.526563 0.592773 0.062500 0.033203
2 0.589063 0.596680 0.062500 0.033203
2 0.650781 0.600586 0.060937 0.033203
3 0.099219 0.603516 0.060937 0.035156
3 0.160938 0.602539 0.059375 0.033203
2 0.711719 0.603516 0.060937 0.035156
2 0.756250 0.061523 0.059375 0.041016
3 0.307031 0.848633 0.060937 0.033203
2 0.853125 0.850586 0.059375 0.033203
2 0.912500 0.851562 0.059375 0.031250
3 0.366406 0.854492 0.060937 0.033203
2 0.971094 0.855469 0.057813 0.031250
2 0.428125 0.857422 0.059375 0.035156
0 0.489844 0.861328 0.060937 0.035156
2 0.549219 0.865234 0.060937 0.035156
0 0.608594 0.869141 0.060937 0.035156
2 0.669531 0.873047 0.060937 0.035156
2 0.730469 0.875977 0.060937 0.033203
2 0.790625 0.877930 0.062500 0.033203
1 0.850000 0.879883 0.059375 0.033203
2 0.909375 0.882812 0.059375 0.035156
2 0.967969 0.887695 0.060937 0.033203
2 0.263281 0.981445 0.060937 0.033203
3 0.142187 0.982422 0.059375 0.035156
3 0.202344 0.983398 0.060937 0.033203
2 0.575781 0.014648 0.060937 0.029297
3 0.054688 0.152344 0.059375 0.039062
3 0.115625 0.151367 0.059375 0.033203
2 0.636719 0.016602 0.060937 0.033203
2 0.175781 0.157227 0.060937 0.033203
2 0.235156 0.156250 0.060937 0.035156
2 0.295312 0.162109 0.062500 0.035156
2 0.357031 0.166016 0.060937 0.039062
2 0.418750 0.168945 0.062500 0.037109
2 0.480469 0.171875 0.060937 0.035156
2 0.542188 0.174805 0.062500 0.033203
2 0.697656 0.018555 0.060937 0.037109
3 0.032813 0.018555 0.056250 0.033203
2 0.602344 0.179688 0.060937 0.035156
2 0.665625 0.183594 0.062500 0.035156
3 0.115625 0.187500 0.059375 0.035156
3 0.056250 0.186523 0.059375 0.033203
2 0.725781 0.186523 0.060937 0.033203
2 0.175000 0.190430 0.059375 0.033203
2 0.787500 0.191406 0.062500 0.035156
2 0.235156 0.193359 0.060937 0.039062
