3 0.136719 0.758789 0.060937 0.033203
3 0.199219 0.761719 0.060937 0.035156
3 0.136719 0.794922 0.064062 0.035156
3 0.197656 0.798828 0.057813 0.042969
3 0.073438 0.826172 0.059375 0.042969
3 0.134375 0.830078 0.062500 0.042969
3 0.192969 0.837891 0.057813 0.035156
3 0.025000 0.953125 0.050000 0.035156
3 0.079687 0.958008 0.056250 0.033203
3 0.136719 0.962891 0.060937 0.035156
3 0.194531 0.964844 0.057813 0.035156
3 0.256250 0.970703 0.062500 0.035156
3 0.025000 0.986328 0.050000 0.027344
3 0.078906 0.987305 0.054688 0.025391
