2 0.525781 0.051758 0.042188 0.025391
2 0.523438 0.095703 0.043750 0.027344
2 0.521094 0.141602 0.045312 0.021484
2 0.517188 0.189453 0.043750 0.027344
2 0.479687 0.094727 0.043750 0.025391
2 0.476562 0.138672 0.040625 0.023438
2 0.474219 0.185547 0.045312 0.027344
2 0.432031 0.135742 0.045312 0.021484
2 0.429688 0.183594 0.043750 0.023438
2 0.388281 0.132812 0.042188 0.023438
2 0.342187 0.176758 0.043750 0.025391
2 0.385156 0.178711 0.045312 0.025391
0 0.300000 0.039062 0.043750 0.027344
2 0.298438 0.173828 0.043750 0.027344
2 0.254688 0.171875 0.043750 0.023438
2 0.254688 0.036133 0.043750 0.025391
2 0.831250 0.034180 0.043750 0.025391
2 0.830469 0.078125 0.045312 0.027344
1 0.211719 0.168945 0.045312 0.025391
2 0.212500 0.034180 0.043750 0.025391
2 0.829688 0.122070 0.046875 0.025391
2 0.828906 0.166992 0.042188 0.025391
0 0.169531 0.032227 0.042188 0.025391
2 0.167187 0.166992 0.043750 0.025391
2 0.825781 0.214844 0.042188 0.023438
4 0.126562 0.031250 0.043750 0.027344
2 0.789062 0.028320 0.043750 0.025391
2 0.786719 0.074219 0.042188 0.027344
2 0.785937 0.118164 0.043750 0.025391
2 0.125781 0.163086 0.042188 0.025391
2 0.782813 0.210938 0.043750 0.023438
2 0.785156 0.163086 0.045312 0.025391
2 0.745313 0.024414 0.043750 0.025391
2 0.742969 0.069336 0.042188 0.025391
2 0.742188 0.114258 0.043750 0.025391
2 0.741406 0.160156 0.042188 0.023438
2 0.739844 0.206055 0.045312 0.025391
2 0.703125 0.020508 0.043750 0.025391
2 0.701562 0.065430 0.043750 0.025391
2 0.698438 0.109375 0.043750 0.023438
2 0.697656 0.157227 0.045312 0.021484
2 0.695312 0.203125 0.043750 0.023438
2 0.875000 0.003906 0.040625 0.007812
2 0.658594 0.018555 0.045312 0.025391
2 0.656250 0.060547 0.043750 0.027344
2 0.654687 0.107422 0.043750 0.023438
2 0.652344 0.152344 0.045312 0.023438
2 0.652344 0.200195 0.045312 0.025391
2 0.873437 0.082031 0.043750 0.027344
2 0.873437 0.037109 0.043750 0.027344
2 0.871875 0.125977 0.040625 0.025391
2 0.870313 0.172852 0.040625 0.025391
2 0.614062 0.012695 0.043750 0.025391
2 0.612500 0.058594 0.043750 0.023438
2 0.610156 0.102539 0.042188 0.025391
2 0.608594 0.148438 0.042188 0.023438
2 0.607031 0.195312 0.045312 0.023438
2 0.868750 0.219727 0.043750 0.025391
2 0.568750 0.053711 0.043750 0.025391
2 0.567969 0.098633 0.045312 0.025391
2 0.564844 0.145508 0.045312 0.025391
2 0.563281 0.192383 0.045312 0.025391
2 0.570312 0.010742 0.043750 0.021484
