2 0.791406 0.751953 0.029687 0.074219
2 0.432812 0.750977 0.028125 0.076172
2 0.731250 0.750977 0.031250 0.076172
2 0.760938 0.750977 0.031250 0.072266
2 0.702344 0.750000 0.029687 0.074219
2 0.611719 0.750000 0.029687 0.074219
2 0.582812 0.749023 0.031250 0.072266
2 0.672656 0.749023 0.029687 0.076172
2 0.462500 0.750000 0.031250 0.074219
2 0.642188 0.749023 0.031250 0.076172
2 0.553125 0.748047 0.031250 0.074219
2 0.403125 0.749023 0.031250 0.076172
2 0.375781 0.747070 0.023438 0.076172
2 0.492969 0.747070 0.032813 0.072266
2 0.524219 0.747070 0.029687 0.072266
2 0.757031 0.968750 0.029687 0.062500
2 0.785937 0.968750 0.028125 0.062500
2 0.669531 0.968750 0.029687 0.062500
2 0.728125 0.968750 0.028125 0.062500
2 0.699219 0.967773 0.029687 0.064453
2 0.610156 0.967773 0.032813 0.064453
2 0.550781 0.967773 0.029687 0.064453
2 0.579688 0.967773 0.031250 0.064453
2 0.640625 0.967773 0.028125 0.064453
2 0.400781 0.967773 0.029687 0.064453
2 0.374219 0.967773 0.026562 0.064453
2 0.460156 0.966797 0.029687 0.066406
2 0.431250 0.966797 0.028125 0.066406
2 0.791406 0.677734 0.029687 0.074219
2 0.763281 0.677734 0.029687 0.074219
2 0.734375 0.675781 0.031250 0.074219
2 0.583594 0.675781 0.029687 0.078125
2 0.702344 0.675781 0.029687 0.074219
2 0.674219 0.674805 0.029687 0.076172
2 0.613281 0.674805 0.029687 0.076172
2 0.555469 0.674805 0.029687 0.080078
2 0.643750 0.674805 0.031250 0.076172
1 0.494531 0.672852 0.032813 0.076172
2 0.525781 0.672852 0.029687 0.076172
2 0.379688 0.672852 0.028125 0.076172
2 0.463281 0.671875 0.032813 0.078125
2 0.435156 0.671875 0.029687 0.078125
2 0.406250 0.670898 0.028125 0.080078
2 0.520312 0.966797 0.031250 0.066406
2 0.490625 0.966797 0.028125 0.066406
1 0.792969 0.603516 0.029687 0.074219
2 0.763281 0.601562 0.029687 0.074219
2 0.674219 0.601562 0.029687 0.074219
2 0.704688 0.601562 0.031250 0.074219
2 0.734375 0.600586 0.031250 0.076172
2 0.433594 0.599609 0.029687 0.066406
2 0.644531 0.600586 0.029687 0.076172
2 0.556250 0.598633 0.028125 0.076172
2 0.461719 0.599609 0.029687 0.070312
2 0.584375 0.598633 0.031250 0.076172
2 0.612500 0.597656 0.031250 0.078125
2 0.796094 0.228516 0.026562 0.074219
1 0.738281 0.227539 0.029687 0.076172
2 0.648438 0.225586 0.031250 0.076172
2 0.708594 0.224609 0.029687 0.074219
2 0.617188 0.223633 0.031250 0.076172
2 0.678125 0.224609 0.031250 0.074219
2 0.557813 0.224609 0.031250 0.078125
2 0.588281 0.224609 0.029687 0.078125
2 0.528125 0.222656 0.028125 0.078125
2 0.497656 0.222656 0.029687 0.078125
2 0.384375 0.222656 0.028125 0.074219
2 0.439844 0.219727 0.032813 0.076172
2 0.410938 0.219727 0.028125 0.076172
2 0.469531 0.219727 0.026562 0.076172
2 0.707812 0.152344 0.031250 0.078125
1 0.676562 0.149414 0.031250 0.076172
2 0.649219 0.149414 0.026562 0.076172
2 0.617969 0.148438 0.032813 0.074219
2 0.557813 0.147461 0.031250 0.076172
2 0.588281 0.147461 0.029687 0.076172
2 0.386719 0.147461 0.029687 0.068359
2 0.528906 0.147461 0.029687 0.076172
2 0.412500 0.147461 0.034375 0.072266
2 0.470313 0.145508 0.031250 0.072266
2 0.498437 0.145508 0.031250 0.076172
2 0.442188 0.146484 0.034375 0.070312
2 0.589063 0.076172 0.028125 0.070312
2 0.557813 0.075195 0.031250 0.072266
2 0.528906 0.074219 0.029687 0.070312
2 0.617188 0.074219 0.031250 0.070312
2 0.385156 0.074219 0.029687 0.070312
2 0.470313 0.073242 0.028125 0.072266
2 0.441406 0.073242 0.026562 0.076172
2 0.413281 0.074219 0.032813 0.074219
2 0.499219 0.072266 0.029687 0.070312
2 0.730469 0.902344 0.029687 0.074219
2 0.758594 0.901367 0.032813 0.076172
2 0.788281 0.900391 0.029687 0.074219
2 0.700000 0.900391 0.031250 0.078125
2 0.669531 0.897461 0.032813 0.080078
2 0.550000 0.897461 0.031250 0.076172
1 0.610156 0.897461 0.032813 0.080078
2 0.579688 0.897461 0.031250 0.076172
2 0.400781 0.897461 0.029687 0.076172
2 0.640625 0.896484 0.031250 0.074219
2 0.460938 0.895508 0.031250 0.076172
2 0.490625 0.895508 0.031250 0.076172
2 0.431250 0.896484 0.031250 0.074219
2 0.375000 0.896484 0.025000 0.074219
2 0.521094 0.894531 0.029687 0.074219
2 0.729688 0.827148 0.031250 0.080078
2 0.789062 0.827148 0.028125 0.076172
2 0.760938 0.825195 0.031250 0.076172
2 0.671875 0.824219 0.031250 0.074219
2 0.642188 0.824219 0.031250 0.078125
2 0.702344 0.823242 0.029687 0.076172
2 0.611719 0.824219 0.029687 0.078125
2 0.582031 0.822266 0.032813 0.074219
2 0.432031 0.823242 0.029687 0.072266
2 0.375000 0.823242 0.021875 0.068359
2 0.551562 0.822266 0.031250 0.078125
2 0.400781 0.822266 0.029687 0.074219
2 0.522656 0.822266 0.029687 0.078125
2 0.460938 0.822266 0.031250 0.074219
2 0.491406 0.821289 0.032813 0.076172
2 0.405469 0.598633 0.029687 0.068359
2 0.378125 0.597656 0.025000 0.070312
1 0.525781 0.597656 0.032813 0.074219
2 0.492969 0.598633 0.032813 0.072266
2 0.735156 0.526367 0.029687 0.076172
2 0.704688 0.525391 0.031250 0.078125
2 0.792969 0.525391 0.026562 0.078125
2 0.764844 0.525391 0.029687 0.078125
2 0.675000 0.525391 0.028125 0.078125
1 0.645312 0.525391 0.031250 0.078125
1 0.433594 0.525391 0.029687 0.078125
2 0.556250 0.525391 0.028125 0.074219
2 0.585156 0.524414 0.029687 0.072266
2 0.525781 0.524414 0.032813 0.076172
2 0.406250 0.524414 0.028125 0.076172
2 0.615625 0.524414 0.031250 0.076172
2 0.464844 0.523438 0.029687 0.078125
2 0.379688 0.523438 0.028125 0.078125
2 0.492969 0.522461 0.032813 0.080078
2 0.795312 0.452148 0.028125 0.076172
2 0.381250 0.451172 0.028125 0.066406
2 0.735156 0.451172 0.029687 0.074219
2 0.437500 0.451172 0.031250 0.066406
2 0.706250 0.450195 0.031250 0.076172
2 0.764844 0.449219 0.029687 0.074219
2 0.407813 0.449219 0.028125 0.066406
2 0.557031 0.448242 0.029687 0.076172
2 0.615625 0.448242 0.031250 0.076172
2 0.586719 0.448242 0.029687 0.076172
2 0.675000 0.449219 0.028125 0.074219
1 0.525781 0.449219 0.032813 0.074219
2 0.466406 0.447266 0.026562 0.070312
2 0.645312 0.448242 0.031250 0.076172
2 0.496094 0.448242 0.029687 0.072266
2 0.794531 0.377930 0.026562 0.076172
2 0.382812 0.375977 0.028125 0.076172
2 0.766406 0.375000 0.029687 0.074219
2 0.410156 0.375000 0.026562 0.078125
2 0.737500 0.375000 0.031250 0.078125
2 0.676562 0.375000 0.031250 0.074219
2 0.646875 0.374023 0.028125 0.072266
2 0.707031 0.374023 0.029687 0.076172
2 0.468750 0.373047 0.031250 0.074219
2 0.439063 0.374023 0.031250 0.080078
2 0.616406 0.374023 0.032813 0.076172
2 0.526563 0.372070 0.031250 0.080078
1 0.586719 0.373047 0.029687 0.078125
1 0.556250 0.372070 0.031250 0.076172
2 0.496094 0.372070 0.029687 0.080078
1 0.795312 0.301758 0.028125 0.076172
2 0.767188 0.300781 0.031250 0.074219
2 0.737500 0.300781 0.031250 0.074219
2 0.647656 0.298828 0.029687 0.074219
2 0.528125 0.299805 0.028125 0.072266
2 0.557031 0.298828 0.029687 0.074219
1 0.617969 0.298828 0.029687 0.074219
2 0.677344 0.299805 0.029687 0.080078
1 0.586719 0.299805 0.029687 0.076172
2 0.707812 0.297852 0.031250 0.076172
2 0.383594 0.296875 0.026562 0.074219
2 0.469531 0.296875 0.029687 0.074219
2 0.438281 0.296875 0.032813 0.074219
2 0.410938 0.296875 0.028125 0.074219
2 0.497656 0.293945 0.029687 0.072266
2 0.767969 0.228516 0.029687 0.074219
