2 0.465625 0.556641 0.028125 0.078125
2 0.465625 0.479492 0.028125 0.076172
2 0.469531 0.405273 0.029687 0.076172
2 0.472656 0.328125 0.026562 0.078125
2 0.477344 0.253906 0.029687 0.074219
2 0.480469 0.178711 0.026562 0.076172
2 0.482812 0.102539 0.028125 0.076172
0 0.485938 0.033203 0.028125 0.066406
2 0.139844 0.509766 0.029687 0.074219
2 0.140625 0.434570 0.034375 0.076172
1 0.143750 0.359375 0.031250 0.074219
2 0.148438 0.282227 0.031250 0.076172
3 0.569531 0.710938 0.029687 0.074219
3 0.570312 0.634766 0.028125 0.078125
2 0.574219 0.558594 0.026562 0.078125
2 0.577344 0.480469 0.026562 0.078125
2 0.581250 0.405273 0.025000 0.076172
2 0.583594 0.327148 0.026562 0.080078
2 0.588281 0.251953 0.026562 0.078125
2 0.589844 0.174805 0.026562 0.080078
2 0.592969 0.097656 0.029687 0.082031
0 0.595313 0.031250 0.028125 0.062500
1 0.596094 0.710938 0.023438 0.074219
0 0.596094 0.634766 0.026562 0.078125
2 0.152344 0.205078 0.032813 0.078125
2 0.600781 0.559570 0.026562 0.076172
2 0.604688 0.481445 0.028125 0.076172
2 0.609375 0.406250 0.028125 0.078125
2 0.609375 0.329102 0.025000 0.080078
0 0.614062 0.253906 0.028125 0.078125
2 0.615625 0.178711 0.028125 0.080078
0 0.619531 0.101562 0.023438 0.078125
1 0.622656 0.710938 0.026562 0.074219
0 0.622656 0.034180 0.026562 0.068359
2 0.625781 0.635742 0.026562 0.076172
2 0.628906 0.559570 0.029687 0.076172
2 0.630469 0.484375 0.026562 0.074219
2 0.635156 0.409180 0.026562 0.076172
2 0.635938 0.332031 0.028125 0.078125
2 0.641406 0.255859 0.026562 0.078125
1 0.642969 0.181641 0.026562 0.078125
1 0.644531 0.107422 0.026562 0.078125
2 0.159375 0.055664 0.031250 0.076172
2 0.163281 0.012695 0.029687 0.025391
3 0.725000 0.906250 0.025000 0.074219
3 0.729688 0.830078 0.025000 0.074219
2 0.732031 0.752930 0.026562 0.076172
2 0.735938 0.675781 0.025000 0.078125
2 0.739062 0.600586 0.025000 0.076172
2 0.741406 0.524414 0.026562 0.076172
2 0.744531 0.446289 0.026562 0.076172
2 0.748437 0.370117 0.028125 0.076172
2 0.750781 0.294922 0.026562 0.078125
2 0.753125 0.904297 0.028125 0.078125
3 0.753125 0.970703 0.028125 0.058594
2 0.754687 0.217773 0.028125 0.076172
2 0.755469 0.828125 0.026562 0.074219
2 0.758594 0.754883 0.026562 0.076172
2 0.759375 0.067383 0.028125 0.076172
2 0.757031 0.140625 0.026562 0.074219
2 0.762500 0.014648 0.028125 0.029297
3 0.760156 0.676758 0.023438 0.076172
3 0.763281 0.600586 0.023438 0.076172
2 0.154688 0.130859 0.034375 0.078125
2 0.648438 0.035156 0.025000 0.070312
2 0.116406 0.281250 0.032813 0.074219
2 0.258594 0.146484 0.029687 0.078125
2 0.263281 0.071289 0.029687 0.076172
3 0.264844 0.761719 0.029687 0.078125
3 0.267188 0.683594 0.028125 0.078125
2 0.265625 0.017578 0.028125 0.035156
3 0.267969 0.606445 0.029687 0.076172
2 0.271094 0.530273 0.026562 0.076172
2 0.275000 0.455078 0.028125 0.078125
2 0.277344 0.378906 0.026562 0.074219
0 0.282031 0.304688 0.026562 0.078125
2 0.282031 0.226562 0.026562 0.078125
2 0.120313 0.205078 0.034375 0.074219
2 0.288281 0.149414 0.029687 0.076172
2 0.291406 0.073242 0.026562 0.080078
3 0.292969 0.761719 0.026562 0.078125
3 0.295312 0.684570 0.028125 0.076172
2 0.294531 0.020508 0.026562 0.041016
3 0.297656 0.607422 0.029687 0.078125
2 0.300000 0.530273 0.028125 0.076172
0 0.309375 0.305664 0.028125 0.076172
2 0.302344 0.454102 0.029687 0.076172
2 0.305469 0.381836 0.026562 0.076172
2 0.310156 0.229492 0.032813 0.076172
0 0.315625 0.152344 0.028125 0.078125
2 0.317969 0.079102 0.026562 0.076172
1 0.322656 0.022461 0.029687 0.044922
2 0.123438 0.128906 0.031250 0.078125
3 0.128906 0.811523 0.029687 0.076172
2 0.127344 0.052734 0.035937 0.074219
3 0.129688 0.736328 0.028125 0.078125
3 0.403125 0.709961 0.031250 0.076172
3 0.406250 0.632812 0.031250 0.074219
2 0.407813 0.556641 0.031250 0.078125
2 0.410938 0.479492 0.031250 0.076172
2 0.132031 0.007812 0.032813 0.015625
2 0.417187 0.325195 0.031250 0.076172
2 0.413281 0.400391 0.029687 0.078125
2 0.419531 0.249023 0.029687 0.076172
2 0.424219 0.172852 0.026562 0.076172
2 0.427344 0.094727 0.029687 0.076172
3 0.133594 0.660156 0.029687 0.074219
2 0.428906 0.028320 0.026562 0.056641
3 0.432031 0.708984 0.026562 0.078125
3 0.435937 0.633789 0.028125 0.076172
2 0.437500 0.556641 0.028125 0.078125
2 0.439063 0.478516 0.025000 0.078125
2 0.442188 0.403320 0.025000 0.076172
3 0.135156 0.584961 0.029687 0.076172
2 0.445312 0.326172 0.028125 0.078125
2 0.448437 0.249023 0.028125 0.076172
2 0.451562 0.174805 0.028125 0.076172
2 0.456250 0.030273 0.028125 0.060547
2 0.453906 0.097656 0.026562 0.078125
3 0.459375 0.709961 0.025000 0.076172
2 0.463281 0.633789 0.026562 0.076172
3 0.768750 0.523438 0.025000 0.078125
2 0.772656 0.448242 0.026562 0.076172
2 0.774219 0.372070 0.023438 0.076172
2 0.778125 0.296875 0.025000 0.078125
3 0.778125 0.969727 0.021875 0.060547
2 0.779687 0.905273 0.025000 0.076172
2 0.779687 0.219727 0.021875 0.076172
2 0.782813 0.829102 0.028125 0.076172
2 0.783594 0.145508 0.026562 0.076172
3 0.784375 0.677734 0.025000 0.078125
3 0.785156 0.754883 0.023438 0.076172
2 0.785156 0.070312 0.023438 0.074219
2 0.788281 0.016602 0.023438 0.033203
3 0.787500 0.600586 0.025000 0.076172
3 0.794531 0.525391 0.026562 0.074219
2 0.797656 0.450195 0.023438 0.076172
2 0.800000 0.374023 0.028125 0.076172
2 0.803125 0.299805 0.025000 0.076172
2 0.803906 0.223633 0.026562 0.076172
2 0.807813 0.148438 0.025000 0.074219
2 0.808594 0.074219 0.023438 0.078125
2 0.812500 0.017578 0.025000 0.035156
2 0.110156 0.584961 0.020313 0.076172
2 0.112500 0.507812 0.025000 0.078125
2 0.112500 0.430664 0.025000 0.072266
3 0.236719 0.759766 0.026562 0.078125
3 0.238281 0.683594 0.029687 0.078125
3 0.240625 0.606445 0.028125 0.076172
2 0.114062 0.355469 0.028125 0.074219
3 0.243750 0.529297 0.028125 0.078125
2 0.246875 0.453125 0.031250 0.078125
2 0.248438 0.375977 0.031250 0.076172
2 0.251563 0.298828 0.031250 0.078125
2 0.254688 0.222656 0.028125 0.074219
