3 0.078906 0.199219 0.060937 0.031250
3 0.139063 0.201172 0.059375 0.035156
2 0.200781 0.205078 0.060937 0.035156
3 0.263281 0.204102 0.060937 0.033203
3 0.321094 0.205078 0.064062 0.035156
2 0.030469 0.335938 0.060937 0.031250
2 0.087500 0.336914 0.056250 0.029297
3 0.266406 0.342773 0.060937 0.037109
3 0.146094 0.337891 0.060937 0.031250
3 0.205469 0.343750 0.060937 0.035156
3 0.326562 0.345703 0.062500 0.031250
3 0.387500 0.346680 0.059375 0.033203
2 0.027344 0.365234 0.054688 0.031250
3 0.082812 0.369141 0.059375 0.031250
3 0.142969 0.369141 0.060937 0.035156
3 0.201563 0.374023 0.059375 0.033203
3 0.260937 0.377930 0.062500 0.033203
2 0.323437 0.377930 0.062500 0.033203
0 0.027344 0.400391 0.054688 0.035156
3 0.385156 0.381836 0.060937 0.033203
3 0.080469 0.401367 0.057813 0.037109
3 0.139063 0.404297 0.065625 0.035156
3 0.199219 0.408203 0.060937 0.035156
2 0.260937 0.412109 0.062500 0.035156
3 0.320312 0.413086 0.062500 0.037109
3 0.382031 0.417969 0.060937 0.035156
1 0.048438 0.541016 0.059375 0.039062
3 0.110156 0.542969 0.060937 0.035156
3 0.168750 0.543945 0.059375 0.033203
3 0.228906 0.547852 0.060937 0.037109
3 0.347656 0.553711 0.060937 0.037109
3 0.288281 0.550781 0.057813 0.035156
3 0.408594 0.555664 0.060937 0.037109
2 0.043750 0.575195 0.059375 0.037109
3 0.105469 0.576172 0.060937 0.031250
3 0.164844 0.579102 0.057813 0.037109
3 0.225781 0.582031 0.060937 0.039062
3 0.285938 0.585938 0.062500 0.035156
3 0.346094 0.589844 0.060937 0.035156
3 0.407031 0.590820 0.060937 0.037109
3 0.104688 0.612305 0.062500 0.037109
3 0.042969 0.612305 0.060937 0.041016
3 0.165625 0.616211 0.059375 0.037109
3 0.225000 0.619141 0.059375 0.039062
3 0.285156 0.621094 0.060937 0.039062
3 0.345313 0.625000 0.059375 0.035156
3 0.404687 0.627930 0.059375 0.037109
3 0.077344 0.746094 0.060937 0.035156
3 0.138281 0.749023 0.057813 0.037109
3 0.196094 0.753906 0.057813 0.039062
3 0.253125 0.755859 0.059375 0.035156
3 0.314844 0.759766 0.064062 0.035156
3 0.376563 0.761719 0.062500 0.035156
3 0.438281 0.764648 0.060937 0.037109
3 0.075781 0.782227 0.060937 0.037109
3 0.135937 0.786133 0.059375 0.037109
3 0.193750 0.789062 0.062500 0.035156
3 0.252344 0.793945 0.060937 0.037109
2 0.314063 0.795898 0.062500 0.037109
2 0.375000 0.796875 0.062500 0.035156
3 0.437500 0.800781 0.062500 0.035156
3 0.075000 0.819336 0.059375 0.037109
3 0.134375 0.821289 0.056250 0.033203
3 0.192188 0.827148 0.062500 0.037109
2 0.250781 0.829102 0.064062 0.037109
3 0.310937 0.833984 0.062500 0.039062
3 0.373437 0.835938 0.062500 0.042969
3 0.435937 0.838867 0.062500 0.041016
2 0.046094 0.942383 0.060937 0.037109
2 0.106250 0.947266 0.059375 0.035156
2 0.165625 0.950195 0.059375 0.037109
3 0.225781 0.953125 0.060937 0.035156
3 0.285938 0.956055 0.059375 0.037109
2 0.345313 0.961914 0.059375 0.037109
2 0.404687 0.964844 0.062500 0.035156
3 0.465625 0.970703 0.059375 0.039062
2 0.042969 0.980469 0.060937 0.039062
2 0.103906 0.982422 0.060937 0.031250
2 0.164062 0.983398 0.059375 0.033203
3 0.223438 0.985352 0.059375 0.029297
3 0.147656 0.133789 0.060937 0.029297
3 0.089063 0.134766 0.056250 0.031250
3 0.207031 0.138672 0.057813 0.035156
2 0.266406 0.138672 0.057813 0.031250
3 0.326562 0.141602 0.059375 0.029297
3 0.083594 0.167969 0.060937 0.031250
3 0.143750 0.167969 0.062500 0.031250
3 0.204687 0.172852 0.059375 0.037109
2 0.264062 0.171875 0.062500 0.031250
3 0.322656 0.171875 0.060937 0.031250
