2 0.030469 0.704102 0.026562 0.076172
2 0.028125 0.777344 0.028125 0.074219
2 0.057031 0.779297 0.026562 0.078125
1 0.084375 0.781250 0.028125 0.074219
2 0.112500 0.781250 0.031250 0.074219
2 0.028125 0.848633 0.028125 0.072266
2 0.055469 0.852539 0.029687 0.072266
2 0.110156 0.854492 0.029687 0.072266
2 0.083594 0.852539 0.029687 0.076172
2 0.167187 0.860352 0.028125 0.072266
1 0.138281 0.859375 0.029687 0.074219
2 0.196875 0.860352 0.028125 0.068359
1 0.025781 0.921875 0.029687 0.074219
2 0.053906 0.923828 0.026562 0.074219
2 0.082812 0.925781 0.028125 0.074219
2 0.137500 0.929688 0.031250 0.078125
2 0.109375 0.926758 0.028125 0.076172
2 0.164844 0.930664 0.029687 0.076172
1 0.193750 0.931641 0.031250 0.074219
