2 0.616406 0.088867 0.060937 0.037109
4 0.617188 0.017578 0.059375 0.031250
2 0.616406 0.050781 0.060937 0.039062
2 0.614062 0.122070 0.059375 0.037109
2 0.613281 0.158203 0.057813 0.039062
2 0.612500 0.196289 0.059375 0.037109
2 0.610938 0.232422 0.059375 0.039062
2 0.610156 0.269531 0.057813 0.039062
2 0.607031 0.309570 0.060937 0.041016
2 0.605469 0.345703 0.057813 0.035156
2 0.603906 0.381836 0.060937 0.037109
2 0.603906 0.418945 0.060937 0.037109
2 0.603906 0.457031 0.057813 0.039062
2 0.603125 0.493164 0.059375 0.037109
2 0.601562 0.531250 0.059375 0.035156
1 0.557031 0.014648 0.057813 0.029297
2 0.557813 0.046875 0.059375 0.039062
2 0.554688 0.083008 0.059375 0.037109
2 0.554688 0.120117 0.059375 0.037109
2 0.554688 0.156250 0.059375 0.039062
2 0.550000 0.266602 0.059375 0.037109
2 0.552344 0.193359 0.057813 0.035156
2 0.546094 0.342773 0.060937 0.037109
2 0.550781 0.227539 0.060937 0.041016
2 0.547656 0.304688 0.057813 0.039062
2 0.545312 0.378906 0.059375 0.039062
2 0.543750 0.417969 0.059375 0.035156
2 0.660937 0.535156 0.059375 0.039062
2 0.542969 0.453125 0.060937 0.039062
2 0.542188 0.491211 0.062500 0.041016
2 0.541406 0.525391 0.060937 0.039062
1 0.498437 0.012695 0.059375 0.025391
1 0.498437 0.041992 0.059375 0.037109
2 0.496094 0.078125 0.060937 0.039062
2 0.495312 0.114258 0.059375 0.041016
2 0.493750 0.152344 0.062500 0.039062
2 0.492188 0.187500 0.062500 0.035156
2 0.491406 0.224609 0.060937 0.039062
2 0.489063 0.263672 0.062500 0.039062
2 0.488281 0.298828 0.060937 0.039062
2 0.485938 0.336914 0.059375 0.037109
2 0.485938 0.374023 0.062500 0.041016
2 0.484375 0.410156 0.062500 0.039062
2 0.481250 0.448242 0.062500 0.041016
2 0.479687 0.486328 0.062500 0.039062
2 0.480469 0.521484 0.060937 0.035156
4 0.438281 0.010742 0.060937 0.021484
2 0.437500 0.110352 0.059375 0.037109
2 0.438281 0.038086 0.060937 0.037109
2 0.437500 0.073242 0.059375 0.037109
2 0.435156 0.146484 0.060937 0.039062
2 0.432812 0.184570 0.059375 0.037109
2 0.428125 0.294922 0.059375 0.039062
2 0.425781 0.331055 0.060937 0.041016
2 0.425781 0.368164 0.057813 0.041016
2 0.424219 0.407227 0.057813 0.041016
2 0.422656 0.446289 0.057813 0.041016
2 0.419531 0.517578 0.060937 0.039062
2 0.850000 0.106445 0.059375 0.037109
2 0.850781 0.143555 0.057813 0.037109
2 0.430469 0.218750 0.060937 0.039062
4 0.850000 0.036133 0.059375 0.033203
2 0.188281 0.317383 0.057813 0.041016
2 0.428906 0.256836 0.060937 0.041016
2 0.421094 0.481445 0.057813 0.041016
2 0.186719 0.355469 0.057813 0.042969
2 0.185938 0.392578 0.059375 0.042969
2 0.179688 0.502930 0.059375 0.041016
2 0.182812 0.430664 0.059375 0.041016
2 0.181250 0.466797 0.059375 0.042969
2 0.146094 0.096680 0.057813 0.037109
1 0.142969 0.131836 0.054688 0.037109
1 0.140625 0.166992 0.056250 0.041016
1 0.139063 0.207031 0.053125 0.035156
2 0.136719 0.243164 0.051562 0.037109
2 0.135156 0.317383 0.048438 0.037109
2 0.135937 0.280273 0.046875 0.037109
2 0.133594 0.354492 0.048438 0.037109
2 0.132031 0.391602 0.048438 0.037109
2 0.129688 0.427734 0.046875 0.039062
2 0.128125 0.463867 0.046875 0.037109
0 0.125781 0.501953 0.048438 0.035156
2 0.792969 0.136719 0.054688 0.039062
1 0.789844 0.173828 0.054688 0.042969
2 0.851562 0.070312 0.059375 0.035156
2 0.791406 0.064453 0.057813 0.039062
2 0.789062 0.209961 0.059375 0.037109
2 0.788281 0.244141 0.057813 0.039062
2 0.786719 0.282227 0.057813 0.041016
2 0.785156 0.321289 0.057813 0.037109
2 0.784375 0.394531 0.059375 0.039062
2 0.791406 0.100586 0.054688 0.037109
2 0.782813 0.431641 0.059375 0.039062
2 0.779687 0.467773 0.056250 0.041016
4 0.791406 0.032227 0.057813 0.037109
2 0.776563 0.540039 0.056250 0.037109
2 0.783594 0.356445 0.057813 0.041016
2 0.778125 0.505859 0.056250 0.039062
2 0.734375 0.094727 0.062500 0.037109
2 0.733594 0.167969 0.060937 0.039062
4 0.732812 0.027344 0.059375 0.035156
2 0.732812 0.058594 0.059375 0.035156
2 0.732812 0.131836 0.059375 0.041016
2 0.732031 0.207031 0.057813 0.035156
2 0.730469 0.242188 0.057813 0.039062
2 0.728125 0.279297 0.059375 0.039062
2 0.728125 0.318359 0.059375 0.039062
2 0.726562 0.354492 0.059375 0.037109
2 0.724219 0.392578 0.057813 0.039062
2 0.721875 0.428711 0.059375 0.037109
2 0.721875 0.465820 0.059375 0.041016
2 0.720313 0.538086 0.056250 0.037109
2 0.719531 0.501953 0.057813 0.039062
1 0.675000 0.021484 0.059375 0.035156
2 0.675000 0.056641 0.056250 0.039062
2 0.674219 0.092773 0.057813 0.037109
2 0.674219 0.129883 0.060937 0.037109
2 0.671875 0.166992 0.059375 0.037109
2 0.672656 0.202148 0.060937 0.037109
2 0.670312 0.240234 0.059375 0.039062
2 0.668750 0.276367 0.059375 0.037109
2 0.667969 0.313477 0.060937 0.037109
2 0.665625 0.349609 0.062500 0.039062
2 0.664844 0.388672 0.060937 0.039062
2 0.664062 0.424805 0.059375 0.037109
2 0.662500 0.459961 0.059375 0.037109
2 0.661719 0.498047 0.060937 0.039062
2 0.849219 0.178711 0.057813 0.037109
1 0.846875 0.215820 0.059375 0.037109
2 0.379688 0.070312 0.059375 0.039062
2 0.380469 0.008789 0.057813 0.017578
2 0.380469 0.034180 0.057813 0.037109
2 0.377344 0.109375 0.060937 0.039062
2 0.375000 0.143555 0.059375 0.037109
2 0.372656 0.180664 0.060937 0.037109
2 0.370312 0.216797 0.059375 0.039062
2 0.370312 0.254883 0.059375 0.037109
2 0.846094 0.251953 0.057813 0.035156
2 0.846094 0.288086 0.060937 0.041016
2 0.846875 0.324219 0.062500 0.035156
2 0.368750 0.291016 0.059375 0.039062
2 0.366406 0.330078 0.060937 0.039062
2 0.365625 0.367188 0.062500 0.039062
2 0.364063 0.404297 0.062500 0.039062
2 0.361719 0.440430 0.060937 0.037109
2 0.360938 0.478516 0.059375 0.039062
2 0.360156 0.514648 0.057813 0.037109
2 0.843750 0.361328 0.062500 0.039062
2 0.841406 0.398438 0.057813 0.039062
4 0.318750 0.006836 0.065625 0.013672
1 0.317969 0.032227 0.064062 0.037109
2 0.318750 0.067383 0.062500 0.041016
2 0.317188 0.104492 0.059375 0.037109
2 0.315625 0.140625 0.059375 0.039062
2 0.314063 0.177734 0.059375 0.039062
2 0.311719 0.214844 0.060937 0.039062
2 0.310937 0.251953 0.059375 0.042969
2 0.307812 0.287109 0.059375 0.039062
2 0.839844 0.436523 0.057813 0.037109
2 0.306250 0.324219 0.059375 0.042969
2 0.304688 0.361328 0.059375 0.039062
2 0.303906 0.400391 0.057813 0.039062
2 0.303906 0.436523 0.057813 0.041016
2 0.300781 0.474609 0.060937 0.039062
2 0.300000 0.511719 0.062500 0.035156
2 0.839063 0.473633 0.059375 0.041016
2 0.836719 0.509766 0.057813 0.039062
4 0.261719 0.006836 0.051562 0.013672
2 0.259375 0.027344 0.053125 0.035156
2 0.258594 0.064453 0.054688 0.039062
2 0.257031 0.101562 0.057813 0.039062
2 0.256250 0.138672 0.059375 0.039062
2 0.254688 0.174805 0.059375 0.041016
2 0.253125 0.212891 0.056250 0.039062
2 0.251563 0.250977 0.059375 0.044922
2 0.250000 0.284180 0.059375 0.041016
2 0.247656 0.321289 0.054688 0.041016
2 0.245312 0.359375 0.059375 0.039062
2 0.245312 0.396484 0.059375 0.039062
1 0.833594 0.543945 0.060937 0.037109
2 0.242188 0.434570 0.059375 0.041016
2 0.240625 0.469727 0.056250 0.041016
2 0.239844 0.504883 0.057813 0.037109
4 0.206250 0.004883 0.056250 0.009766
2 0.207031 0.027344 0.054688 0.035156
2 0.205469 0.061523 0.054688 0.037109
2 0.202344 0.097656 0.054688 0.039062
2 0.199219 0.135742 0.057813 0.037109
2 0.196875 0.170898 0.056250 0.037109
2 0.194531 0.208008 0.057813 0.037109
2 0.192969 0.245117 0.057813 0.037109
2 0.190625 0.281250 0.059375 0.039062
