2 0.572656 0.729492 0.026562 0.076172
2 0.127344 0.964844 0.029687 0.070312
2 0.289062 0.945312 0.025000 0.078125
3 0.457031 0.910156 0.032813 0.082031
3 0.428125 0.970703 0.028125 0.058594
2 0.290625 0.990234 0.025000 0.019531
3 0.428125 0.907227 0.031250 0.076172
2 0.570312 0.805664 0.028125 0.076172
3 0.460938 0.756836 0.031250 0.080078
3 0.290625 0.868164 0.025000 0.076172
3 0.408594 0.678711 0.032813 0.080078
3 0.575000 0.655273 0.028125 0.076172
3 0.435156 0.681641 0.032813 0.074219
3 0.291406 0.792969 0.023438 0.074219
3 0.129688 0.822266 0.028125 0.078125
3 0.406250 0.829102 0.031250 0.080078
2 0.264062 0.987305 0.025000 0.025391
3 0.293750 0.716797 0.025000 0.074219
3 0.458594 0.833008 0.032813 0.080078
3 0.268750 0.790039 0.025000 0.076172
3 0.433594 0.831055 0.029687 0.080078
3 0.594531 0.958984 0.029687 0.078125
3 0.462500 0.685547 0.031250 0.078125
3 0.129688 0.898438 0.028125 0.078125
2 0.264844 0.938477 0.023438 0.076172
3 0.454688 0.974609 0.028125 0.050781
3 0.434375 0.756836 0.034375 0.080078
3 0.564844 0.957031 0.029687 0.078125
3 0.267969 0.714844 0.026562 0.078125
3 0.567187 0.880859 0.031250 0.078125
3 0.401562 0.900391 0.031250 0.082031
2 0.266406 0.864258 0.023438 0.076172
3 0.400000 0.967773 0.028125 0.064453
3 0.129688 0.748047 0.028125 0.078125
3 0.887500 0.913086 0.025000 0.072266
3 0.600781 0.656250 0.026562 0.078125
3 0.727344 0.976562 0.029687 0.046875
2 0.599219 0.735352 0.026562 0.076172
2 0.621875 0.962891 0.028125 0.074219
3 0.241406 0.860352 0.026562 0.072266
3 0.242969 0.785156 0.026562 0.076172
3 0.625781 0.813477 0.029687 0.076172
2 0.623437 0.889648 0.031250 0.076172
3 0.754687 0.979492 0.031250 0.041016
3 0.240625 0.932617 0.025000 0.076172
2 0.596875 0.809570 0.028125 0.076172
3 0.785937 0.926758 0.031250 0.076172
3 0.628906 0.662109 0.029687 0.078125
2 0.596094 0.885742 0.029687 0.076172
3 0.782813 0.981445 0.031250 0.037109
3 0.245312 0.711914 0.028125 0.072266
3 0.627344 0.737305 0.029687 0.076172
3 0.239844 0.984375 0.026562 0.031250
2 0.886719 0.975586 0.026562 0.048828
3 0.731250 0.917969 0.031250 0.078125
3 0.758594 0.922852 0.026562 0.076172
