2 0.943750 0.979492 0.059375 0.041016
3 0.401562 0.978516 0.062500 0.035156
3 0.375781 0.798828 0.060937 0.035156
0 0.973437 0.803711 0.053125 0.033203
2 0.918750 0.801758 0.062500 0.033203
2 0.860938 0.795898 0.062500 0.033203
3 0.314063 0.794922 0.062500 0.035156
2 0.800000 0.794922 0.062500 0.031250
2 0.252344 0.794922 0.060937 0.039062
2 0.740625 0.789062 0.062500 0.035156
3 0.190625 0.791992 0.062500 0.033203
2 0.681250 0.788086 0.062500 0.029297
3 0.621094 0.783203 0.060937 0.035156
3 0.438281 0.769531 0.060937 0.035156
2 0.976562 0.769531 0.046875 0.035156
3 0.498437 0.772461 0.062500 0.033203
3 0.560156 0.778320 0.060937 0.033203
3 0.339844 0.974609 0.060937 0.035156
3 0.375781 0.765625 0.060937 0.035156
2 0.924219 0.765625 0.064062 0.035156
2 0.863281 0.762695 0.064062 0.033203
2 0.314844 0.760742 0.060937 0.033203
2 0.803906 0.761719 0.060937 0.035156
2 0.253125 0.758789 0.062500 0.033203
3 0.190625 0.758789 0.062500 0.033203
3 0.683594 0.754883 0.064062 0.041016
2 0.744531 0.756836 0.064062 0.037109
3 0.621094 0.749023 0.064062 0.033203
2 0.888281 0.972656 0.060937 0.039062
3 0.561719 0.744141 0.064062 0.035156
3 0.501563 0.739258 0.062500 0.033203
3 0.439063 0.734375 0.062500 0.035156
2 0.377344 0.729492 0.060937 0.037109
3 0.253906 0.725586 0.060937 0.033203
2 0.315625 0.726562 0.062500 0.039062
3 0.192188 0.720703 0.062500 0.042969
2 0.827344 0.969727 0.060937 0.041016
3 0.278125 0.969727 0.062500 0.033203
2 0.766406 0.967773 0.060937 0.041016
3 0.217188 0.966797 0.059375 0.035156
2 0.707812 0.965820 0.059375 0.044922
0 0.952344 0.637695 0.060937 0.033203
0 0.894531 0.633789 0.060937 0.033203
0 0.834375 0.630859 0.062500 0.035156
2 0.646875 0.962891 0.062500 0.042969
2 0.596094 0.613281 0.060937 0.031250
1 0.715625 0.621094 0.062500 0.031250
2 0.533594 0.607422 0.060937 0.035156
2 0.655469 0.615234 0.060937 0.035156
2 0.585156 0.961914 0.060937 0.044922
2 0.474219 0.603516 0.060937 0.035156
2 0.955469 0.602539 0.060937 0.035156
2 0.897656 0.600586 0.060937 0.033203
3 0.413281 0.597656 0.060937 0.035156
0 0.838281 0.597656 0.064062 0.035156
2 0.775781 0.594727 0.057813 0.033203
3 0.353125 0.594727 0.059375 0.037109
2 0.718750 0.590820 0.062500 0.029297
3 0.290625 0.588867 0.062500 0.037109
2 0.228906 0.584961 0.060937 0.037109
2 0.657031 0.583984 0.060937 0.031250
3 0.164844 0.581055 0.064062 0.037109
2 0.597656 0.581055 0.060937 0.033203
2 0.775781 0.626953 0.060937 0.031250
2 0.536719 0.574219 0.060937 0.031250
0 0.960938 0.569336 0.062500 0.041016
3 0.523438 0.956055 0.062500 0.041016
2 0.475000 0.567383 0.062500 0.033203
2 0.900781 0.565430 0.064062 0.041016
3 0.414062 0.564453 0.059375 0.035156
0 0.842969 0.560547 0.064062 0.039062
2 0.782813 0.559570 0.065625 0.041016
3 0.351562 0.559570 0.062500 0.037109
2 0.722656 0.554688 0.064062 0.042969
2 0.290625 0.554688 0.062500 0.039062
2 0.228125 0.550781 0.062500 0.035156
2 0.660156 0.549805 0.060937 0.044922
3 0.165625 0.544922 0.065625 0.035156
2 0.539844 0.539062 0.060937 0.039062
2 0.353906 0.523438 0.060937 0.035156
3 0.476562 0.535156 0.062500 0.042969
3 0.414844 0.531250 0.060937 0.039062
2 0.290625 0.521484 0.062500 0.039062
2 0.599219 0.545898 0.060937 0.044922
3 0.228125 0.514648 0.062500 0.037109
3 0.166406 0.513672 0.064062 0.035156
3 0.461719 0.951172 0.060937 0.039062
3 0.401562 0.944336 0.062500 0.037109
2 0.929688 0.430664 0.056250 0.037109
4 0.871875 0.425781 0.059375 0.039062
2 0.813281 0.420898 0.057813 0.037109
2 0.754687 0.416992 0.059375 0.037109
2 0.695312 0.412109 0.059375 0.039062
2 0.574219 0.407227 0.060937 0.037109
2 0.513281 0.401367 0.060937 0.033203
2 0.635938 0.406250 0.059375 0.039062
2 0.934375 0.396484 0.059375 0.035156
3 0.340625 0.938477 0.059375 0.037109
2 0.453125 0.394531 0.062500 0.039062
2 0.875781 0.391602 0.057813 0.037109
3 0.392188 0.388672 0.062500 0.042969
3 0.329688 0.386719 0.062500 0.039062
2 0.816406 0.384766 0.057813 0.035156
2 0.757031 0.380859 0.060937 0.035156
3 0.269531 0.378906 0.060937 0.039062
3 0.207813 0.375977 0.062500 0.037109
2 0.698438 0.376953 0.059375 0.037109
2 0.638281 0.372070 0.060937 0.033203
3 0.145313 0.372070 0.062500 0.041016
2 0.939063 0.359375 0.056250 0.039062
3 0.453906 0.357422 0.064062 0.042969
2 0.880469 0.355469 0.060937 0.039062
3 0.278906 0.935547 0.064062 0.035156
3 0.393750 0.354492 0.062500 0.037109
2 0.819531 0.349609 0.060937 0.035156
0 0.514844 0.365234 0.060937 0.039062
3 0.331250 0.348633 0.062500 0.041016
2 0.760938 0.342773 0.059375 0.041016
0 0.577344 0.369141 0.060937 0.039062
3 0.269531 0.342773 0.060937 0.037109
2 0.700781 0.340820 0.060937 0.041016
2 0.639844 0.335938 0.060937 0.039062
3 0.207031 0.339844 0.064062 0.035156
3 0.146094 0.333984 0.060937 0.035156
2 0.578906 0.330078 0.060937 0.039062
2 0.517969 0.324219 0.060937 0.039062
3 0.455469 0.321289 0.064062 0.044922
3 0.393750 0.320312 0.062500 0.039062
3 0.218750 0.929688 0.062500 0.035156
3 0.269531 0.306641 0.060937 0.039062
3 0.332031 0.313477 0.064062 0.037109
3 0.208594 0.303711 0.064062 0.037109
2 0.145313 0.297852 0.059375 0.037109
1 0.965625 0.231445 0.059375 0.037109
2 0.906250 0.227539 0.059375 0.033203
2 0.850000 0.218750 0.059375 0.039062
2 0.789844 0.213867 0.060937 0.037109
2 0.671094 0.205078 0.060937 0.039062
2 0.731250 0.208984 0.059375 0.039062
2 0.612500 0.200195 0.059375 0.041016
2 0.971094 0.198242 0.057813 0.033203
3 0.489844 0.191406 0.060937 0.039062
2 0.853906 0.188477 0.057813 0.041016
2 0.911719 0.195312 0.064062 0.031250
3 0.552344 0.195312 0.060937 0.039062
2 0.794531 0.183594 0.060937 0.035156
3 0.429688 0.187500 0.059375 0.039062
3 0.367969 0.180664 0.064062 0.041016
2 0.305469 0.177734 0.060937 0.042969
2 0.734375 0.175781 0.059375 0.035156
2 0.244531 0.171875 0.060937 0.042969
2 0.673438 0.167969 0.059375 0.031250
3 0.183594 0.167969 0.060937 0.039062
2 0.972656 0.162109 0.054688 0.039062
2 0.613281 0.164062 0.060937 0.039062
2 0.915625 0.158203 0.062500 0.042969
3 0.553125 0.158203 0.062500 0.039062
3 0.492969 0.152344 0.060937 0.039062
2 0.857031 0.153320 0.060937 0.041016
3 0.428906 0.150391 0.060937 0.039062
2 0.797656 0.145508 0.060937 0.041016
2 0.736719 0.140625 0.060937 0.042969
2 0.370312 0.143555 0.062500 0.041016
2 0.308594 0.139648 0.060937 0.041016
2 0.246875 0.135742 0.062500 0.041016
2 0.678125 0.134766 0.059375 0.039062
3 0.184375 0.130859 0.062500 0.039062
2 0.616406 0.125000 0.060937 0.039062
2 0.555469 0.120117 0.060937 0.033203
2 0.494531 0.115234 0.064062 0.039062
2 0.432812 0.111328 0.062500 0.039062
2 0.370312 0.108398 0.062500 0.041016
2 0.309375 0.102539 0.062500 0.037109
2 0.952344 0.034180 0.054688 0.037109
2 0.894531 0.025391 0.057813 0.039062
3 0.185938 0.094727 0.059375 0.037109
3 0.247656 0.099609 0.060937 0.035156
2 0.836719 0.019531 0.054688 0.035156
2 0.777344 0.017578 0.060937 0.035156
2 0.971094 0.834961 0.057813 0.029297
2 0.914844 0.832031 0.060937 0.031250
2 0.854688 0.830078 0.062500 0.031250
2 0.796875 0.825195 0.062500 0.037109
2 0.737500 0.823242 0.062500 0.033203
2 0.678125 0.821289 0.059375 0.033203
3 0.618750 0.817383 0.059375 0.033203
3 0.558594 0.811523 0.060937 0.033203
3 0.497656 0.808594 0.060937 0.035156
3 0.436719 0.806641 0.060937 0.035156
