1 0.195312 0.021484 0.059375 0.031250
3 0.614844 0.022461 0.060937 0.033203
0 0.253125 0.027344 0.059375 0.031250
2 0.372656 0.032227 0.064062 0.029297
2 0.310937 0.030273 0.065625 0.029297
3 0.431250 0.038086 0.062500 0.029297
2 0.074219 0.041016 0.057813 0.039062
3 0.493750 0.041992 0.062500 0.029297
2 0.131250 0.043945 0.062500 0.041016
3 0.554688 0.048828 0.062500 0.031250
3 0.614062 0.052734 0.062500 0.031250
2 0.248438 0.056641 0.059375 0.031250
2 0.307031 0.060547 0.060937 0.031250
2 0.368750 0.063477 0.062500 0.033203
2 0.190625 0.051758 0.059375 0.029297
3 0.429688 0.066406 0.062500 0.027344
3 0.491406 0.073242 0.060937 0.033203
3 0.553125 0.079102 0.062500 0.029297
3 0.613281 0.082031 0.060937 0.031250
3 0.555469 0.017578 0.060937 0.031250
3 0.496875 0.013672 0.059375 0.027344
