2 0.745313 0.963867 0.043750 0.025391
2 0.254688 0.975586 0.043750 0.025391
2 0.787500 0.965820 0.043750 0.025391
2 0.168750 0.965820 0.043750 0.025391
2 0.214062 0.881836 0.043750 0.025391
2 0.832812 0.833008 0.043750 0.025391
2 0.210938 0.971680 0.043750 0.025391
2 0.436719 0.807617 0.045312 0.025391
2 0.523438 0.861328 0.040625 0.023438
2 0.171094 0.833008 0.042188 0.025391
1 0.788281 0.831055 0.045312 0.025391
2 0.474219 0.948242 0.042188 0.025391
2 0.657813 0.823242 0.043750 0.025391
0 0.830469 0.967773 0.042188 0.025391
2 0.874219 0.836914 0.042188 0.025391
2 0.174219 0.785156 0.042188 0.023438
2 0.701562 0.826172 0.043750 0.027344
2 0.570312 0.816406 0.043750 0.023438
2 0.476562 0.904297 0.043750 0.027344
2 0.614844 0.821289 0.045312 0.025391
2 0.567969 0.864258 0.045312 0.021484
2 0.214844 0.836914 0.045312 0.025391
2 0.525781 0.814453 0.045312 0.027344
2 0.213281 0.925781 0.042188 0.027344
2 0.745313 0.828125 0.043750 0.023438
0 0.700000 0.960938 0.043750 0.027344
2 0.217188 0.789062 0.043750 0.023438
4 0.873437 0.968750 0.043750 0.027344
2 0.169531 0.921875 0.045312 0.027344
2 0.478906 0.858398 0.045312 0.021484
2 0.611719 0.867188 0.042188 0.023438
2 0.170313 0.877930 0.046875 0.025391
2 0.520312 0.905273 0.043750 0.025391
2 0.482812 0.810547 0.043750 0.027344
2 0.257812 0.885742 0.043750 0.025391
2 0.302344 0.842773 0.045312 0.021484
2 0.432031 0.901367 0.045312 0.025391
2 0.345313 0.892578 0.043750 0.023438
2 0.258594 0.839844 0.042188 0.023438
2 0.128125 0.874023 0.040625 0.025391
2 0.126562 0.962891 0.043750 0.027344
2 0.387500 0.941406 0.043750 0.023438
2 0.385937 0.987305 0.043750 0.025391
2 0.431250 0.946289 0.043750 0.025391
2 0.391406 0.851562 0.042188 0.023438
2 0.301563 0.890625 0.043750 0.023438
2 0.126562 0.917969 0.043750 0.027344
2 0.125000 0.996094 0.040625 0.007812
2 0.341406 0.981445 0.045312 0.025391
2 0.343750 0.939453 0.043750 0.027344
2 0.389844 0.897461 0.042188 0.025391
2 0.296875 0.979492 0.043750 0.025391
2 0.392969 0.804688 0.045312 0.023438
2 0.260156 0.793945 0.045312 0.025391
2 0.131250 0.780273 0.043750 0.025391
2 0.435156 0.854492 0.045312 0.025391
2 0.347656 0.847656 0.045312 0.023438
2 0.347656 0.799805 0.045312 0.025391
2 0.257031 0.930664 0.042188 0.025391
2 0.298438 0.934570 0.043750 0.025391
2 0.129688 0.827148 0.040625 0.025391
2 0.429688 0.989258 0.043750 0.021484
2 0.304688 0.796875 0.043750 0.023438
