0 0.711719 0.711914 0.029687 0.080078
2 0.881250 0.606445 0.031250 0.076172
3 0.710938 0.032227 0.028125 0.064453
3 0.704688 0.176758 0.031250 0.076172
2 0.704688 0.787109 0.025000 0.078125
2 0.703906 0.861328 0.026562 0.078125
2 0.702344 0.253906 0.032813 0.078125
2 0.699219 0.938477 0.029687 0.076172
2 0.698438 0.987305 0.031250 0.025391
2 0.696875 0.329102 0.025000 0.076172
2 0.693750 0.404297 0.028125 0.078125
2 0.692187 0.482422 0.028125 0.078125
1 0.690625 0.555664 0.031250 0.076172
2 0.685937 0.632812 0.028125 0.078125
0 0.684375 0.708984 0.028125 0.078125
2 0.877344 0.682617 0.029687 0.076172
3 0.876563 0.019531 0.034375 0.039062
0 0.681250 0.784180 0.028125 0.076172
0 0.675781 0.859375 0.029687 0.078125
0 0.671875 0.933594 0.025000 0.074219
2 0.668750 0.985352 0.034375 0.029297
0 0.875000 0.757812 0.031250 0.078125
3 0.872656 0.078125 0.032813 0.082031
3 0.607031 0.007812 0.035937 0.015625
2 0.603906 0.055664 0.032813 0.076172
2 0.870313 0.833008 0.031250 0.076172
3 0.868750 0.154297 0.031250 0.074219
2 0.601562 0.131836 0.034375 0.076172
3 0.598437 0.205078 0.031250 0.078125
3 0.596094 0.283203 0.032813 0.078125
3 0.593750 0.361328 0.028125 0.078125
3 0.589844 0.437500 0.029687 0.074219
2 0.588281 0.515625 0.029687 0.078125
2 0.583594 0.591797 0.032813 0.078125
2 0.577344 0.744141 0.029687 0.074219
2 0.575000 0.054688 0.028125 0.078125
2 0.574219 0.009766 0.029687 0.019531
2 0.574219 0.821289 0.026562 0.080078
3 0.571875 0.130859 0.031250 0.078125
2 0.865625 0.228516 0.031250 0.078125
2 0.570312 0.897461 0.031250 0.076172
3 0.567969 0.207031 0.032813 0.078125
2 0.567187 0.967773 0.031250 0.064453
3 0.564844 0.282227 0.029687 0.076172
3 0.563281 0.360352 0.032813 0.080078
3 0.560156 0.438477 0.029687 0.072266
2 0.558594 0.512695 0.032813 0.076172
2 0.865625 0.906250 0.028125 0.074219
2 0.553125 0.590820 0.028125 0.080078
2 0.548438 0.742188 0.028125 0.078125
3 0.549219 0.009766 0.029687 0.019531
2 0.546094 0.817383 0.026562 0.076172
2 0.550781 0.666992 0.026562 0.076172
3 0.707031 0.101562 0.029687 0.074219
2 0.580469 0.667969 0.032813 0.078125
3 0.543750 0.130859 0.028125 0.078125
3 0.545312 0.056641 0.031250 0.078125
3 0.540625 0.207031 0.028125 0.078125
2 0.540625 0.892578 0.028125 0.074219
2 0.537500 0.963867 0.031250 0.072266
3 0.535156 0.283203 0.029687 0.074219
3 0.532031 0.360352 0.026562 0.080078
3 0.530469 0.438477 0.029687 0.076172
0 0.863281 0.301758 0.026562 0.076172
2 0.528125 0.512695 0.028125 0.076172
3 0.243750 0.112305 0.025000 0.076172
2 0.242969 0.038086 0.026562 0.076172
2 0.242188 0.647461 0.031250 0.080078
2 0.242969 0.725586 0.029687 0.080078
2 0.240625 0.800781 0.028125 0.078125
3 0.239063 0.189453 0.028125 0.082031
2 0.237500 0.955078 0.025000 0.078125
2 0.236719 0.880859 0.029687 0.078125
3 0.231250 0.264648 0.028125 0.072266
2 0.228906 0.338867 0.023438 0.076172
2 0.225000 0.494141 0.028125 0.078125
2 0.228125 0.417969 0.025000 0.078125
2 0.219531 0.569336 0.023438 0.076172
2 0.217969 0.038086 0.023438 0.076172
2 0.217188 0.646484 0.021875 0.082031
3 0.216406 0.113281 0.026562 0.078125
2 0.215625 0.797852 0.025000 0.080078
2 0.215625 0.721680 0.021875 0.080078
2 0.830469 0.969727 0.032813 0.060547
2 0.213281 0.872070 0.023438 0.076172
2 0.210938 0.947266 0.025000 0.082031
3 0.210938 0.186523 0.028125 0.080078
2 0.207813 0.991211 0.025000 0.017578
3 0.205469 0.264648 0.023438 0.072266
2 0.206250 0.338867 0.025000 0.076172
2 0.201563 0.416016 0.028125 0.078125
4 0.198437 0.490234 0.021875 0.078125
4 0.194531 0.567383 0.023438 0.076172
2 0.194531 0.644531 0.026562 0.078125
2 0.192188 0.719727 0.025000 0.080078
2 0.189844 0.794922 0.026562 0.078125
2 0.189062 0.868164 0.025000 0.076172
2 0.187500 0.941406 0.025000 0.074219
2 0.185156 0.989258 0.023438 0.021484
2 0.890625 0.912109 0.018750 0.074219
0 0.888281 0.303711 0.023438 0.076172
2 0.887500 0.974609 0.025000 0.050781
0 0.886719 0.380859 0.026562 0.078125
2 0.767188 0.031250 0.028125 0.062500
2 0.766406 0.100586 0.029687 0.076172
3 0.763281 0.177734 0.029687 0.078125
2 0.760938 0.253906 0.028125 0.074219
2 0.885156 0.455078 0.029687 0.078125
2 0.885156 0.531250 0.029687 0.078125
2 0.753125 0.330078 0.034375 0.078125
2 0.752344 0.407227 0.035937 0.076172
2 0.750000 0.484375 0.034375 0.078125
2 0.748437 0.559570 0.034375 0.076172
2 0.743750 0.638672 0.037500 0.078125
0 0.743750 0.713867 0.034375 0.076172
2 0.739062 0.031250 0.028125 0.062500
2 0.737500 0.790039 0.043750 0.076172
0 0.733594 0.863281 0.035937 0.078125
3 0.737500 0.100586 0.028125 0.076172
3 0.733594 0.176758 0.029687 0.076172
2 0.731250 0.939453 0.034375 0.074219
2 0.730469 0.253906 0.029687 0.078125
2 0.727344 0.988281 0.035937 0.023438
2 0.724219 0.331055 0.026562 0.072266
2 0.720313 0.406250 0.028125 0.078125
2 0.717969 0.558594 0.023438 0.078125
2 0.720313 0.483398 0.028125 0.080078
2 0.714063 0.633789 0.028125 0.076172
2 0.525781 0.587891 0.026562 0.078125
2 0.521094 0.664062 0.029687 0.078125
2 0.520312 0.742188 0.031250 0.078125
2 0.517969 0.814453 0.032813 0.074219
2 0.513281 0.891602 0.029687 0.076172
2 0.860938 0.971680 0.028125 0.056641
2 0.509375 0.962891 0.025000 0.074219
2 0.860938 0.378906 0.028125 0.078125
2 0.856250 0.456055 0.031250 0.080078
2 0.855469 0.530273 0.029687 0.076172
3 0.439844 0.021484 0.029687 0.042969
3 0.432812 0.083984 0.028125 0.082031
3 0.432812 0.162109 0.028125 0.074219
3 0.428125 0.237305 0.034375 0.076172
2 0.851562 0.604492 0.031250 0.076172
3 0.423438 0.314453 0.028125 0.078125
2 0.421094 0.393555 0.029687 0.076172
2 0.416406 0.547852 0.032813 0.076172
2 0.417187 0.469727 0.037500 0.080078
2 0.414844 0.625977 0.032813 0.076172
2 0.411719 0.701172 0.029687 0.078125
3 0.411719 0.022461 0.026562 0.044922
2 0.406250 0.780273 0.028125 0.080078
3 0.403906 0.083984 0.029687 0.082031
2 0.403125 0.855469 0.028125 0.078125
2 0.399219 0.930664 0.026562 0.076172
2 0.396875 0.984375 0.031250 0.031250
3 0.396875 0.241211 0.028125 0.076172
2 0.393750 0.392578 0.025000 0.078125
3 0.403906 0.164062 0.032813 0.078125
2 0.396094 0.315430 0.026562 0.076172
2 0.387500 0.544922 0.025000 0.078125
2 0.389062 0.467773 0.025000 0.076172
2 0.847656 0.680664 0.032813 0.076172
2 0.385937 0.622070 0.025000 0.080078
2 0.382812 0.699219 0.028125 0.078125
3 0.383594 0.023438 0.029687 0.046875
2 0.379688 0.775391 0.021875 0.078125
2 0.377344 0.851562 0.023438 0.082031
3 0.377344 0.084961 0.026562 0.080078
2 0.375000 0.923828 0.025000 0.078125
2 0.371094 0.980469 0.020313 0.039062
3 0.373437 0.163086 0.025000 0.076172
2 0.369531 0.238281 0.023438 0.078125
2 0.370312 0.311523 0.025000 0.072266
1 0.366406 0.391602 0.026562 0.080078
2 0.364063 0.467773 0.028125 0.076172
2 0.363281 0.542969 0.026562 0.078125
2 0.358594 0.619141 0.029687 0.074219
2 0.356250 0.696289 0.028125 0.076172
2 0.356250 0.771484 0.025000 0.074219
1 0.843750 0.758789 0.031250 0.076172
2 0.352344 0.846680 0.026562 0.076172
2 0.349219 0.921875 0.023438 0.078125
2 0.346094 0.978516 0.026562 0.042969
2 0.839063 0.830078 0.031250 0.078125
2 0.268750 0.037109 0.028125 0.074219
3 0.265625 0.188477 0.025000 0.080078
2 0.835156 0.904297 0.029687 0.074219
3 0.259375 0.264648 0.028125 0.072266
2 0.254688 0.417969 0.028125 0.078125
2 0.269531 0.111328 0.023438 0.078125
2 0.257031 0.339844 0.029687 0.078125
2 0.253125 0.495117 0.031250 0.076172
2 0.248438 0.570312 0.028125 0.078125
