2 0.274219 0.083008 0.023438 0.072266
2 0.278125 0.023438 0.025000 0.046875
2 0.382031 0.127930 0.026562 0.072266
2 0.384375 0.055664 0.025000 0.072266
2 0.388281 0.008789 0.026562 0.017578
2 0.407813 0.128906 0.025000 0.074219
2 0.409375 0.054688 0.025000 0.074219
2 0.410938 0.008789 0.025000 0.017578
2 0.434375 0.128906 0.028125 0.074219
2 0.435937 0.053711 0.025000 0.076172
2 0.438281 0.007812 0.026562 0.015625
0 0.110937 0.115234 0.021875 0.074219
2 0.112500 0.041016 0.025000 0.074219
2 0.224219 0.086914 0.026562 0.072266
2 0.228906 0.024414 0.026562 0.048828
2 0.250000 0.083984 0.025000 0.070312
2 0.253906 0.024414 0.023438 0.048828
