2 0.033594 0.857422 0.060937 0.039062
2 0.635156 0.857422 0.060937 0.039062
2 0.090625 0.861328 0.062500 0.039062
3 0.925000 0.285156 0.065625 0.039062
2 0.250000 0.287109 0.062500 0.035156
2 0.633594 0.929688 0.060937 0.039062
3 0.802344 0.317383 0.060937 0.037109
3 0.861719 0.319336 0.067187 0.041016
3 0.926562 0.321289 0.065625 0.041016
2 0.311719 0.288086 0.060937 0.037109
2 0.619531 0.305664 0.060937 0.037109
2 0.681250 0.309570 0.062500 0.037109
2 0.743750 0.314453 0.062500 0.035156
2 0.371875 0.293945 0.062500 0.037109
2 0.557813 0.301758 0.062500 0.037109
2 0.434375 0.294922 0.062500 0.035156
2 0.495312 0.298828 0.062500 0.039062
2 0.696094 0.861328 0.060937 0.039062
2 0.757031 0.901367 0.060937 0.037109
2 0.068750 0.279297 0.062500 0.035156
3 0.740625 0.279297 0.062500 0.035156
2 0.130469 0.280273 0.064062 0.037109
3 0.801562 0.280273 0.062500 0.041016
3 0.860938 0.281250 0.065625 0.042969
2 0.189062 0.283203 0.062500 0.035156
3 0.085938 0.014648 0.062500 0.029297
3 0.384375 0.024414 0.062500 0.033203
2 0.574219 0.926758 0.060937 0.041016
2 0.619531 0.272461 0.060937 0.033203
2 0.680469 0.276367 0.060937 0.033203
2 0.143750 0.014648 0.062500 0.029297
2 0.817969 0.901367 0.060937 0.033203
3 0.201563 0.016602 0.062500 0.033203
2 0.146875 0.901367 0.062500 0.037109
2 0.150781 0.864258 0.060937 0.037109
0 0.453125 0.884766 0.059375 0.035156
2 0.088281 0.895508 0.060937 0.037109
2 0.696094 0.896484 0.060937 0.035156
2 0.512500 0.887695 0.062500 0.033203
2 0.635938 0.892578 0.059375 0.035156
2 0.574219 0.890625 0.060937 0.035156
2 0.029687 0.891602 0.059375 0.037109
2 0.757031 0.864258 0.060937 0.037109
2 0.935156 0.872070 0.060937 0.041016
2 0.330469 0.875977 0.060937 0.037109
2 0.391406 0.877930 0.060937 0.037109
2 0.816406 0.866211 0.060937 0.037109
2 0.270313 0.872070 0.059375 0.037109
2 0.210156 0.868164 0.060937 0.037109
2 0.876563 0.869141 0.059375 0.039062
2 0.036719 0.819336 0.060937 0.037109
2 0.514062 0.853516 0.062500 0.039062
2 0.575781 0.854492 0.060937 0.041016
2 0.095312 0.824219 0.059375 0.039062
2 0.272656 0.834961 0.060937 0.041016
1 0.454688 0.848633 0.059375 0.037109
0 0.333594 0.838867 0.060937 0.037109
1 0.393750 0.843750 0.059375 0.035156
2 0.153906 0.828125 0.060937 0.039062
0 0.214062 0.832031 0.059375 0.039062
2 0.696094 0.933594 0.060937 0.039062
2 0.757812 0.935547 0.059375 0.039062
0 0.134375 0.417969 0.059375 0.035156
2 0.310156 0.496094 0.060937 0.039062
2 0.370312 0.498047 0.059375 0.042969
2 0.921875 0.498047 0.059375 0.031250
2 0.194531 0.421875 0.060937 0.035156
2 0.617969 0.480469 0.060937 0.035156
0 0.068750 0.483398 0.059375 0.037109
2 0.187500 0.492188 0.059375 0.035156
0 0.248438 0.494141 0.059375 0.035156
3 0.862500 0.494141 0.059375 0.035156
2 0.435156 0.435547 0.060937 0.035156
2 0.678906 0.484375 0.060937 0.039062
3 0.799219 0.492188 0.060937 0.035156
2 0.497656 0.439453 0.060937 0.035156
0 0.127344 0.488281 0.060937 0.035156
3 0.739844 0.488281 0.060937 0.035156
2 0.557031 0.443359 0.060937 0.035156
3 0.860938 0.458984 0.062500 0.035156
2 0.496094 0.473633 0.060937 0.033203
2 0.557031 0.478516 0.060937 0.035156
2 0.075781 0.414062 0.060937 0.031250
0 0.312500 0.459961 0.059375 0.033203
0 0.433594 0.469727 0.060937 0.033203
2 0.818750 0.938477 0.062500 0.041016
3 0.920312 0.462891 0.059375 0.035156
1 0.374219 0.464844 0.060937 0.031250
3 0.800000 0.454102 0.062500 0.037109
2 0.617969 0.445312 0.060937 0.035156
0 0.191406 0.457031 0.060937 0.035156
2 0.250781 0.459961 0.060937 0.033203
0 0.071875 0.448242 0.059375 0.033203
3 0.739062 0.454102 0.062500 0.037109
2 0.678906 0.448242 0.060937 0.037109
2 0.132031 0.452148 0.060937 0.033203
0 0.254688 0.427734 0.059375 0.035156
2 0.314844 0.428711 0.060937 0.033203
0 0.375781 0.432617 0.060937 0.033203
2 0.878125 0.941406 0.059375 0.039062
2 0.938281 0.942383 0.060937 0.044922
2 0.432031 0.503906 0.060937 0.035156
2 0.256250 0.222656 0.062500 0.031250
2 0.444531 0.027344 0.060937 0.031250
3 0.748437 0.075195 0.062500 0.033203
3 0.564063 0.095703 0.062500 0.035156
3 0.866406 0.043945 0.060937 0.037109
2 0.937500 0.905273 0.062500 0.037109
2 0.686719 0.040039 0.060937 0.033203
3 0.564844 0.033203 0.060937 0.035156
2 0.558594 0.269531 0.060937 0.031250
3 0.679688 0.242188 0.062500 0.035156
3 0.749219 0.107422 0.064062 0.035156
2 0.189062 0.663086 0.060937 0.033203
2 0.250000 0.666992 0.062500 0.033203
2 0.858594 0.663086 0.060937 0.037109
2 0.627344 0.098633 0.060937 0.033203
2 0.438281 0.230469 0.060937 0.035156
2 0.073438 0.245117 0.062500 0.033203
2 0.677344 0.725586 0.060937 0.037109
2 0.687500 0.102539 0.062500 0.033203
2 0.127344 0.693359 0.060937 0.039062
2 0.555469 0.680664 0.060937 0.033203
2 0.800781 0.730469 0.060937 0.039062
2 0.134375 0.625000 0.059375 0.039062
2 0.432031 0.709961 0.060937 0.041016
2 0.328125 0.912109 0.059375 0.039062
2 0.313281 0.254883 0.060937 0.033203
2 0.137500 0.079102 0.062500 0.037109
1 0.740625 0.246094 0.062500 0.035156
2 0.554688 0.717773 0.062500 0.041016
2 0.739062 0.727539 0.062500 0.037109
2 0.247656 0.703125 0.060937 0.039062
2 0.135937 0.217773 0.062500 0.033203
3 0.810156 0.110352 0.060937 0.037109
2 0.494531 0.678711 0.060937 0.033203
2 0.076563 0.213867 0.062500 0.033203
0 0.677344 0.655273 0.060937 0.037109
2 0.492969 0.506836 0.060937 0.037109
2 0.925000 0.532227 0.059375 0.037109
2 0.313281 0.635742 0.060937 0.037109
2 0.450781 0.917969 0.060937 0.042969
2 0.678906 0.519531 0.060937 0.035156
2 0.369531 0.707031 0.060937 0.039062
3 0.564063 0.064453 0.062500 0.031250
2 0.317188 0.225586 0.062500 0.033203
2 0.252344 0.631836 0.060937 0.037109
2 0.196875 0.078125 0.059375 0.035156
2 0.185938 0.698242 0.060937 0.037109
4 0.435937 0.643555 0.062500 0.037109
2 0.860156 0.735352 0.060937 0.037109
2 0.443750 0.058594 0.062500 0.031250
2 0.686719 0.071289 0.060937 0.033203
2 0.555469 0.649414 0.060937 0.037109
2 0.192969 0.629883 0.060937 0.037109
3 0.619531 0.240234 0.060937 0.035156
2 0.134375 0.247070 0.062500 0.033203
1 0.920312 0.701172 0.059375 0.035156
2 0.555469 0.512695 0.060937 0.037109
3 0.503906 0.059570 0.060937 0.033203
2 0.497656 0.234375 0.060937 0.035156
3 0.626563 0.068359 0.062500 0.031250
2 0.140625 0.043945 0.065625 0.033203
3 0.200000 0.049805 0.062500 0.037109
2 0.377344 0.228516 0.060937 0.031250
2 0.737500 0.658203 0.062500 0.039062
2 0.382031 0.054688 0.060937 0.031250
2 0.747656 0.043945 0.060937 0.033203
2 0.191406 0.250000 0.064062 0.031250
2 0.511719 0.922852 0.060937 0.041016
2 0.130469 0.660156 0.060937 0.035156
2 0.371094 0.672852 0.060937 0.033203
2 0.375000 0.259766 0.062500 0.031250
2 0.616406 0.685547 0.060937 0.035156
3 0.799219 0.247070 0.060937 0.033203
2 0.800781 0.527344 0.060937 0.035156
2 0.617969 0.516602 0.060937 0.037109
2 0.615625 0.722656 0.062500 0.039062
2 0.432812 0.675781 0.062500 0.031250
2 0.071094 0.655273 0.060937 0.037109
2 0.066406 0.692383 0.060937 0.037109
2 0.799219 0.696289 0.060937 0.033203
2 0.075000 0.622070 0.062500 0.037109
2 0.082031 0.043945 0.064062 0.033203
2 0.310937 0.670898 0.062500 0.033203
2 0.374219 0.637695 0.060937 0.037109
2 0.877344 0.905273 0.060937 0.037109
3 0.319531 0.052734 0.064062 0.031250
2 0.382031 0.085938 0.060937 0.035156
2 0.435937 0.262695 0.062500 0.033203
2 0.253125 0.252930 0.062500 0.033203
3 0.806250 0.045898 0.059375 0.033203
2 0.317969 0.083008 0.064062 0.033203
2 0.208594 0.905273 0.057813 0.041016
0 0.617188 0.651367 0.062500 0.037109
2 0.496875 0.265625 0.062500 0.031250
2 0.799219 0.661133 0.060937 0.037109
3 0.258594 0.051758 0.064062 0.037109
2 0.440625 0.088867 0.062500 0.037109
2 0.921094 0.739258 0.060937 0.037109
1 0.918750 0.666016 0.059375 0.035156
2 0.389844 0.916992 0.060937 0.041016
2 0.860156 0.698242 0.060937 0.037109
2 0.738281 0.693359 0.060937 0.035156
3 0.502344 0.091797 0.060937 0.035156
3 0.867188 0.077148 0.062500 0.033203
3 0.807031 0.075195 0.060937 0.033203
2 0.677344 0.688477 0.060937 0.037109
3 0.257031 0.085938 0.067187 0.039062
2 0.310156 0.705078 0.060937 0.039062
2 0.861719 0.530273 0.060937 0.037109
2 0.492188 0.712891 0.062500 0.042969
2 0.077344 0.075195 0.067187 0.037109
2 0.557813 0.238281 0.062500 0.035156
2 0.267969 0.908203 0.060937 0.039062
2 0.495312 0.645508 0.062500 0.037109
2 0.740625 0.522461 0.062500 0.037109
3 0.626563 0.038086 0.062500 0.033203
2 0.194531 0.220703 0.064062 0.031250
3 0.503906 0.029297 0.060937 0.031250
