1 0.546094 0.291992 0.060937 0.033203
2 0.607031 0.293945 0.060937 0.029297
2 0.666406 0.298828 0.060937 0.035156
2 0.727344 0.301758 0.060937 0.033203
2 0.065625 0.304688 0.056250 0.031250
2 0.124219 0.305664 0.060937 0.029297
2 0.848437 0.307617 0.059375 0.033203
2 0.787500 0.305664 0.059375 0.033203
1 0.182031 0.309570 0.060937 0.033203
2 0.907813 0.310547 0.059375 0.031250
2 0.242969 0.311523 0.060937 0.033203
2 0.967969 0.311523 0.060937 0.029297
2 0.301563 0.314453 0.062500 0.035156
2 0.362500 0.316406 0.062500 0.031250
2 0.422656 0.318359 0.060937 0.035156
2 0.483594 0.323242 0.060937 0.033203
2 0.544531 0.326172 0.060937 0.035156
2 0.606250 0.328125 0.062500 0.035156
2 0.666406 0.332031 0.060937 0.031250
2 0.727344 0.333984 0.060937 0.031250
2 0.788281 0.337891 0.060937 0.031250
2 0.848437 0.338867 0.059375 0.033203
2 0.909375 0.340820 0.062500 0.029297
2 0.970313 0.343750 0.059375 0.035156
2 0.042969 0.432617 0.057813 0.033203
0 0.100781 0.436523 0.057813 0.033203
2 0.156250 0.440430 0.059375 0.033203
2 0.217188 0.441406 0.059375 0.035156
2 0.275781 0.445312 0.060937 0.035156
1 0.335156 0.448242 0.060937 0.037109
2 0.394531 0.452148 0.060937 0.037109
2 0.174219 0.045898 0.060937 0.033203
2 0.453906 0.454102 0.060937 0.033203
2 0.514844 0.455078 0.060937 0.031250
0 0.574219 0.460938 0.060937 0.035156
0 0.634375 0.463867 0.062500 0.037109
0 0.696094 0.463867 0.060937 0.037109
1 0.037500 0.466797 0.059375 0.035156
2 0.231250 0.047852 0.059375 0.029297
2 0.289062 0.047852 0.059375 0.025391
2 0.755469 0.469727 0.060937 0.033203
2 0.096875 0.467773 0.059375 0.029297
2 0.152344 0.469727 0.057813 0.029297
2 0.213281 0.472656 0.060937 0.031250
2 0.816406 0.473633 0.060937 0.037109
0 0.877344 0.477539 0.060937 0.037109
2 0.273438 0.477539 0.062500 0.033203
2 0.935156 0.476562 0.060937 0.035156
1 0.333594 0.481445 0.060937 0.033203
2 0.391406 0.484375 0.064062 0.031250
2 0.348438 0.048828 0.059375 0.027344
0 0.513281 0.488281 0.060937 0.035156
0 0.453906 0.489258 0.060937 0.037109
0 0.573438 0.494141 0.062500 0.035156
2 0.695312 0.500977 0.062500 0.037109
2 0.635938 0.499023 0.062500 0.033203
2 0.032813 0.500000 0.059375 0.031250
2 0.092188 0.500977 0.059375 0.037109
1 0.150000 0.502930 0.056250 0.037109
2 0.755469 0.504883 0.060937 0.037109
0 0.210156 0.507812 0.060937 0.035156
2 0.816406 0.507812 0.060937 0.031250
2 0.269531 0.510742 0.064062 0.037109
2 0.877344 0.510742 0.060937 0.029297
0 0.935937 0.512695 0.059375 0.037109
2 0.660156 0.743164 0.060937 0.033203
2 0.719531 0.747070 0.060937 0.033203
2 0.782813 0.750977 0.062500 0.033203
2 0.842969 0.752930 0.060937 0.033203
2 0.903125 0.754883 0.059375 0.037109
0 0.962500 0.757812 0.062500 0.039062
2 0.407031 0.082031 0.060937 0.031250
0 0.346875 0.078125 0.062500 0.031250
2 0.946094 0.081055 0.060937 0.029297
2 0.028906 0.835938 0.057813 0.035156
2 0.089063 0.839844 0.059375 0.035156
2 0.465625 0.083984 0.059375 0.027344
2 0.525781 0.083984 0.060937 0.027344
2 0.146875 0.841797 0.059375 0.031250
2 0.585938 0.084961 0.059375 0.025391
0 0.203906 0.846680 0.057813 0.037109
2 0.263281 0.848633 0.057813 0.044922
2 0.321875 0.851562 0.059375 0.042969
0 0.381250 0.858398 0.059375 0.033203
2 0.442188 0.862305 0.059375 0.033203
2 0.501563 0.865234 0.059375 0.035156
2 0.028125 0.873047 0.056250 0.039062
0 0.561719 0.867188 0.060937 0.039062
1 0.621875 0.871094 0.059375 0.039062
1 0.683594 0.873047 0.060937 0.039062
2 0.085938 0.873047 0.059375 0.035156
2 0.742969 0.877930 0.060937 0.037109
2 0.802344 0.878906 0.060937 0.039062
4 0.142969 0.878906 0.057813 0.039062
0 0.861719 0.879883 0.060937 0.041016
2 0.201563 0.883789 0.059375 0.037109
2 0.920312 0.883789 0.062500 0.037109
2 0.260937 0.889648 0.059375 0.037109
2 0.319531 0.892578 0.060937 0.039062
2 0.380469 0.893555 0.060937 0.033203
2 0.441406 0.895508 0.060937 0.033203
2 0.646875 0.089844 0.059375 0.027344
2 0.501563 0.901367 0.059375 0.037109
2 0.560937 0.903320 0.059375 0.033203
2 0.621094 0.906250 0.060937 0.035156
2 0.028125 0.909180 0.056250 0.037109
1 0.082031 0.911133 0.060937 0.037109
2 0.682813 0.910156 0.062500 0.035156
2 0.742969 0.913086 0.060937 0.037109
2 0.802344 0.916992 0.060937 0.033203
2 0.140625 0.916992 0.059375 0.037109
2 0.863281 0.918945 0.060937 0.037109
0 0.199219 0.920898 0.057813 0.041016
2 0.922656 0.921875 0.060937 0.035156
0 0.259375 0.924805 0.059375 0.041016
2 0.319531 0.928711 0.060937 0.037109
2 0.440625 0.930664 0.059375 0.037109
2 0.380469 0.931641 0.060937 0.039062
2 0.500000 0.938477 0.062500 0.037109
0 0.560937 0.941406 0.059375 0.042969
2 0.620313 0.943359 0.062500 0.039062
2 0.682031 0.946289 0.060937 0.037109
2 0.803906 0.951172 0.060937 0.035156
2 0.864062 0.955078 0.062500 0.039062
2 0.742969 0.951172 0.060937 0.039062
2 0.707031 0.096680 0.060937 0.029297
2 0.922656 0.958008 0.060937 0.037109
2 0.767969 0.097656 0.060937 0.027344
2 0.828125 0.101562 0.059375 0.027344
2 0.167187 0.102539 0.059375 0.029297
2 0.077344 0.242188 0.060937 0.031250
2 0.189844 0.245117 0.060937 0.033203
2 0.130469 0.245117 0.060937 0.033203
2 0.249219 0.246094 0.060937 0.031250
2 0.307031 0.249023 0.060937 0.033203
2 0.367188 0.251953 0.062500 0.035156
2 0.425781 0.254883 0.060937 0.033203
0 0.488281 0.255859 0.060937 0.035156
0 0.547656 0.258789 0.060937 0.033203
0 0.607031 0.260742 0.060937 0.037109
2 0.666406 0.265625 0.057813 0.035156
2 0.727344 0.267578 0.060937 0.031250
2 0.787500 0.271484 0.059375 0.035156
0 0.847656 0.272461 0.060937 0.033203
2 0.071094 0.272461 0.060937 0.033203
2 0.128125 0.275391 0.062500 0.031250
2 0.187500 0.277344 0.062500 0.031250
2 0.246094 0.277344 0.060937 0.031250
2 0.906250 0.277344 0.059375 0.031250
0 0.967187 0.280273 0.062500 0.033203
2 0.303906 0.279297 0.060937 0.031250
2 0.365625 0.285156 0.062500 0.031250
2 0.423438 0.287109 0.062500 0.031250
2 0.485156 0.289062 0.060937 0.035156
0 0.328906 0.515625 0.060937 0.039062
2 0.389844 0.520508 0.064062 0.041016
2 0.450781 0.523438 0.064062 0.035156
2 0.513281 0.525391 0.064062 0.039062
2 0.408594 0.052734 0.060937 0.031250
2 0.573438 0.528320 0.062500 0.037109
2 0.633594 0.534180 0.060937 0.037109
2 0.695312 0.537109 0.062500 0.035156
2 0.756250 0.541992 0.062500 0.037109
0 0.815625 0.541016 0.062500 0.035156
0 0.877344 0.544922 0.060937 0.039062
2 0.467969 0.055664 0.060937 0.029297
2 0.527344 0.055664 0.060937 0.029297
2 0.937500 0.546875 0.062500 0.039062
2 0.588281 0.059570 0.060937 0.029297
2 0.646094 0.061523 0.060937 0.029297
2 0.064844 0.638672 0.060937 0.035156
2 0.121094 0.640625 0.060937 0.035156
2 0.707031 0.066406 0.060937 0.031250
2 0.181250 0.645508 0.062500 0.033203
2 0.239063 0.649414 0.059375 0.037109
2 0.297656 0.651367 0.060937 0.037109
0 0.357812 0.653320 0.059375 0.037109
0 0.417187 0.655273 0.062500 0.041016
2 0.478125 0.659180 0.059375 0.033203
2 0.538281 0.662109 0.060937 0.035156
1 0.600781 0.666992 0.060937 0.037109
1 0.660156 0.669922 0.060937 0.039062
2 0.060937 0.671875 0.059375 0.031250
2 0.118750 0.676758 0.062500 0.033203
2 0.721875 0.676758 0.059375 0.037109
2 0.177344 0.677734 0.060937 0.031250
2 0.780469 0.676758 0.060937 0.037109
2 0.900000 0.680664 0.059375 0.037109
2 0.840625 0.680664 0.059375 0.037109
2 0.767188 0.069336 0.059375 0.029297
2 0.237500 0.684570 0.062500 0.033203
0 0.960156 0.684570 0.060937 0.037109
2 0.296875 0.685547 0.062500 0.035156
2 0.356250 0.689453 0.062500 0.035156
2 0.416406 0.692383 0.060937 0.037109
2 0.477344 0.696289 0.060937 0.037109
2 0.538281 0.699219 0.060937 0.039062
2 0.599219 0.704102 0.060937 0.041016
2 0.659375 0.706055 0.059375 0.041016
0 0.057813 0.705078 0.059375 0.035156
2 0.115625 0.710938 0.062500 0.035156
2 0.720313 0.711914 0.062500 0.033203
2 0.174219 0.712891 0.060937 0.035156
2 0.781250 0.715820 0.059375 0.037109
2 0.840625 0.717773 0.059375 0.037109
2 0.232813 0.717773 0.062500 0.033203
2 0.962500 0.720703 0.062500 0.035156
2 0.901563 0.719727 0.059375 0.037109
2 0.293750 0.720703 0.062500 0.035156
2 0.827344 0.073242 0.060937 0.029297
2 0.353906 0.724609 0.064062 0.039062
2 0.413281 0.731445 0.060937 0.037109
2 0.475781 0.734375 0.060937 0.039062
2 0.537500 0.738281 0.062500 0.035156
2 0.228906 0.074219 0.060937 0.027344
2 0.598437 0.742188 0.062500 0.035156
2 0.170313 0.075195 0.059375 0.025391
2 0.886719 0.075195 0.060937 0.029297
2 0.887500 0.104492 0.062500 0.025391
0 0.286719 0.075195 0.060937 0.029297
2 0.283594 0.105469 0.060937 0.031250
1 0.224219 0.105469 0.060937 0.031250
2 0.344531 0.107422 0.060937 0.031250
2 0.948438 0.107422 0.062500 0.027344
2 0.404687 0.111328 0.062500 0.031250
2 0.525781 0.113281 0.060937 0.031250
2 0.464844 0.114258 0.060937 0.033203
2 0.585156 0.114258 0.060937 0.029297
2 0.646094 0.118164 0.060937 0.029297
2 0.707031 0.125000 0.060937 0.031250
2 0.829688 0.128906 0.059375 0.031250
2 0.889062 0.131836 0.062500 0.029297
2 0.950000 0.136719 0.062500 0.031250
2 0.768750 0.127930 0.062500 0.033203
