2 0.500781 0.312500 0.060937 0.039062
2 0.561719 0.317383 0.060937 0.029297
2 0.621094 0.317383 0.060937 0.029297
2 0.683594 0.319336 0.060937 0.037109
2 0.807031 0.322266 0.060937 0.035156
2 0.867969 0.321289 0.060937 0.033203
2 0.744531 0.324219 0.060937 0.035156
2 0.928125 0.323242 0.059375 0.037109
2 0.071875 0.043945 0.059375 0.029297
0 0.187500 0.043945 0.059375 0.029297
0 0.130469 0.042969 0.057813 0.027344
0 0.246094 0.043945 0.060937 0.029297
2 0.305469 0.045898 0.057813 0.029297
2 0.057031 0.436523 0.060937 0.029297
1 0.115625 0.440430 0.059375 0.033203
0 0.173437 0.440430 0.059375 0.033203
2 0.232031 0.441406 0.060937 0.031250
2 0.350781 0.443359 0.060937 0.031250
2 0.289844 0.445312 0.060937 0.031250
1 0.410156 0.444336 0.060937 0.033203
2 0.471094 0.448242 0.060937 0.033203
2 0.531250 0.449219 0.059375 0.035156
2 0.364063 0.045898 0.059375 0.029297
2 0.592187 0.451172 0.059375 0.035156
2 0.652344 0.452148 0.060937 0.033203
2 0.712500 0.454102 0.059375 0.033203
2 0.772656 0.458008 0.060937 0.033203
1 0.835156 0.458984 0.060937 0.035156
2 0.896094 0.459961 0.060937 0.033203
2 0.954688 0.461914 0.059375 0.033203
2 0.053906 0.469727 0.064062 0.033203
2 0.423438 0.045898 0.059375 0.029297
2 0.483594 0.047852 0.060937 0.029297
2 0.544531 0.049805 0.060937 0.029297
2 0.111719 0.472656 0.057813 0.031250
2 0.168750 0.473633 0.059375 0.033203
2 0.288281 0.475586 0.060937 0.033203
2 0.229687 0.475586 0.065625 0.033203
2 0.347656 0.479492 0.060937 0.037109
2 0.409375 0.478516 0.062500 0.035156
2 0.470313 0.481445 0.062500 0.033203
2 0.530469 0.481445 0.060937 0.029297
2 0.591406 0.484375 0.060937 0.031250
2 0.653125 0.486328 0.062500 0.035156
2 0.714844 0.487305 0.060937 0.033203
2 0.604688 0.049805 0.059375 0.029297
2 0.774219 0.489258 0.060937 0.029297
2 0.835938 0.494141 0.062500 0.035156
2 0.896875 0.494141 0.062500 0.035156
2 0.957031 0.496094 0.060937 0.035156
2 0.047656 0.501953 0.064062 0.035156
2 0.107031 0.505859 0.060937 0.035156
2 0.167969 0.507812 0.060937 0.035156
2 0.664844 0.050781 0.060937 0.031250
2 0.225781 0.508789 0.064062 0.033203
2 0.285938 0.509766 0.059375 0.035156
2 0.346094 0.513672 0.060937 0.035156
2 0.407813 0.513672 0.062500 0.031250
2 0.531250 0.514648 0.062500 0.033203
2 0.469531 0.514648 0.060937 0.033203
2 0.591406 0.515625 0.060937 0.035156
2 0.654687 0.519531 0.062500 0.031250
2 0.714844 0.520508 0.060937 0.037109
2 0.778125 0.523438 0.062500 0.035156
2 0.836719 0.526367 0.064062 0.037109
2 0.846875 0.117188 0.062500 0.031250
2 0.967969 0.118164 0.064062 0.033203
2 0.828906 0.908203 0.060937 0.039062
2 0.045312 0.905273 0.059375 0.037109
2 0.949219 0.907227 0.060937 0.041016
2 0.889844 0.907227 0.060937 0.041016
2 0.103906 0.908203 0.064062 0.039062
1 0.161719 0.911133 0.060937 0.044922
0 0.222656 0.912109 0.060937 0.046875
2 0.280469 0.914062 0.060937 0.046875
2 0.342187 0.917969 0.062500 0.042969
2 0.404687 0.924805 0.062500 0.037109
2 0.464844 0.924805 0.057813 0.037109
2 0.524219 0.928711 0.060937 0.044922
2 0.584375 0.931641 0.062500 0.046875
2 0.707031 0.935547 0.060937 0.042969
2 0.646094 0.935547 0.060937 0.046875
2 0.767969 0.941406 0.060937 0.039062
2 0.831250 0.942383 0.062500 0.037109
2 0.890625 0.942383 0.059375 0.037109
2 0.951562 0.943359 0.062500 0.039062
2 0.180469 0.101562 0.060937 0.031250
2 0.120313 0.102539 0.059375 0.029297
2 0.300000 0.103516 0.059375 0.031250
2 0.062500 0.104492 0.056250 0.029297
2 0.359375 0.105469 0.059375 0.031250
2 0.240625 0.106445 0.059375 0.033203
2 0.420312 0.107422 0.062500 0.031250
2 0.482031 0.107422 0.060937 0.031250
2 0.542969 0.109375 0.060937 0.031250
2 0.603906 0.109375 0.060937 0.031250
2 0.665625 0.110352 0.059375 0.029297
2 0.725000 0.114258 0.062500 0.029297
2 0.787500 0.114258 0.062500 0.029297
2 0.907031 0.117188 0.064062 0.031250
2 0.087500 0.241211 0.059375 0.029297
4 0.263281 0.242188 0.060937 0.031250
0 0.321875 0.242188 0.059375 0.031250
2 0.203906 0.243164 0.060937 0.033203
2 0.146094 0.243164 0.060937 0.033203
1 0.381250 0.244141 0.059375 0.031250
2 0.501563 0.247070 0.059375 0.029297
2 0.441406 0.249023 0.060937 0.029297
0 0.563281 0.250000 0.060937 0.031250
2 0.622656 0.250000 0.060937 0.031250
2 0.683594 0.253906 0.060937 0.031250
2 0.744531 0.256836 0.060937 0.033203
2 0.803906 0.256836 0.060937 0.033203
1 0.864062 0.258789 0.059375 0.033203
2 0.925000 0.260742 0.059375 0.029297
2 0.083594 0.269531 0.060937 0.027344
2 0.201563 0.272461 0.062500 0.029297
2 0.141406 0.272461 0.060937 0.029297
2 0.259375 0.274414 0.059375 0.033203
2 0.320312 0.273438 0.059375 0.035156
2 0.380469 0.277344 0.060937 0.031250
2 0.500781 0.277344 0.060937 0.027344
2 0.439844 0.278320 0.060937 0.029297
2 0.560937 0.284180 0.059375 0.037109
2 0.622656 0.285156 0.060937 0.035156
2 0.683594 0.285156 0.060937 0.031250
2 0.925000 0.289062 0.059375 0.027344
2 0.805469 0.291016 0.060937 0.031250
2 0.744531 0.290039 0.060937 0.033203
2 0.866406 0.290039 0.060937 0.029297
2 0.078906 0.300781 0.064062 0.039062
2 0.135937 0.300781 0.062500 0.039062
2 0.196875 0.304688 0.062500 0.035156
2 0.257031 0.305664 0.060937 0.033203
2 0.317188 0.308594 0.062500 0.035156
2 0.377344 0.308594 0.060937 0.035156
2 0.439063 0.309570 0.062500 0.033203
2 0.724219 0.054688 0.060937 0.031250
2 0.959375 0.531250 0.062500 0.031250
2 0.896875 0.530273 0.062500 0.033203
1 0.784375 0.055664 0.059375 0.029297
2 0.844531 0.057617 0.060937 0.029297
2 0.903125 0.058594 0.059375 0.031250
2 0.963281 0.062500 0.060937 0.031250
2 0.084375 0.643555 0.056250 0.033203
2 0.142187 0.643555 0.059375 0.033203
2 0.202344 0.646484 0.057813 0.035156
2 0.259375 0.648438 0.059375 0.035156
2 0.321094 0.650391 0.060937 0.035156
2 0.379688 0.650391 0.059375 0.035156
0 0.439063 0.653320 0.059375 0.033203
2 0.500000 0.656250 0.059375 0.035156
2 0.560156 0.658203 0.060937 0.035156
2 0.621094 0.662109 0.060937 0.035156
2 0.682813 0.664062 0.062500 0.035156
2 0.803906 0.666016 0.060937 0.031250
2 0.743750 0.665039 0.059375 0.033203
0 0.864062 0.667969 0.059375 0.035156
0 0.923438 0.668945 0.062500 0.033203
2 0.081250 0.675781 0.059375 0.031250
2 0.139844 0.676758 0.060937 0.033203
2 0.196094 0.680664 0.060937 0.033203
2 0.257031 0.682617 0.060937 0.033203
2 0.317969 0.685547 0.060937 0.035156
2 0.378125 0.685547 0.062500 0.035156
0 0.437500 0.687500 0.059375 0.039062
2 0.496875 0.691406 0.062500 0.035156
2 0.559375 0.694336 0.059375 0.037109
2 0.682031 0.697266 0.060937 0.031250
2 0.620313 0.697266 0.059375 0.035156
2 0.803906 0.698242 0.060937 0.033203
2 0.742188 0.700195 0.059375 0.033203
2 0.925000 0.701172 0.059375 0.031250
2 0.863281 0.703125 0.060937 0.035156
2 0.126562 0.071289 0.059375 0.029297
2 0.076563 0.708008 0.059375 0.037109
2 0.135937 0.710938 0.059375 0.039062
2 0.194531 0.711914 0.060937 0.037109
2 0.254688 0.713867 0.059375 0.033203
2 0.314844 0.718750 0.060937 0.035156
2 0.375000 0.719727 0.062500 0.037109
2 0.437500 0.723633 0.062500 0.037109
2 0.182812 0.073242 0.059375 0.029297
2 0.066406 0.073242 0.060937 0.033203
2 0.303906 0.074219 0.060937 0.027344
2 0.498437 0.723633 0.062500 0.033203
2 0.682813 0.732422 0.062500 0.035156
2 0.559375 0.728516 0.062500 0.031250
2 0.621094 0.732422 0.060937 0.035156
2 0.743750 0.733398 0.059375 0.037109
2 0.803906 0.733398 0.060937 0.037109
2 0.864844 0.737305 0.060937 0.037109
2 0.925781 0.738281 0.057813 0.039062
2 0.361719 0.074219 0.060937 0.027344
2 0.243750 0.074219 0.059375 0.031250
2 0.424219 0.076172 0.060937 0.027344
2 0.483594 0.077148 0.060937 0.029297
2 0.542969 0.077148 0.060937 0.029297
2 0.603906 0.079102 0.060937 0.029297
2 0.664844 0.082031 0.060937 0.027344
2 0.724219 0.083008 0.060937 0.029297
1 0.053906 0.837891 0.057813 0.035156
2 0.785156 0.084961 0.060937 0.029297
2 0.110937 0.838867 0.059375 0.037109
2 0.167969 0.839844 0.057813 0.031250
0 0.227344 0.841797 0.060937 0.031250
2 0.286719 0.845703 0.060937 0.027344
2 0.346094 0.847656 0.060937 0.027344
2 0.405469 0.850586 0.060937 0.029297
0 0.465625 0.852539 0.059375 0.029297
0 0.525781 0.852539 0.060937 0.029297
2 0.587500 0.857422 0.059375 0.031250
1 0.646094 0.857422 0.060937 0.031250
2 0.844531 0.084961 0.060937 0.029297
2 0.906250 0.087891 0.062500 0.027344
0 0.706250 0.859375 0.059375 0.027344
2 0.767969 0.866211 0.060937 0.037109
2 0.888281 0.869141 0.060937 0.039062
2 0.947656 0.871094 0.060937 0.039062
2 0.827344 0.870117 0.060937 0.037109
2 0.050000 0.871094 0.059375 0.031250
2 0.224219 0.872070 0.060937 0.033203
2 0.165625 0.873047 0.062500 0.031250
2 0.108594 0.873047 0.060937 0.035156
2 0.283594 0.875977 0.064062 0.037109
2 0.343750 0.876953 0.062500 0.039062
2 0.964844 0.088867 0.060937 0.025391
2 0.464844 0.885742 0.060937 0.037109
0 0.403125 0.886719 0.062500 0.039062
2 0.524219 0.887695 0.060937 0.037109
2 0.584375 0.891602 0.062500 0.044922
2 0.646875 0.891602 0.062500 0.037109
2 0.708594 0.893555 0.064062 0.037109
2 0.768750 0.904297 0.062500 0.042969
