0 0.678906 0.734375 0.026562 0.074219
2 0.676562 0.010742 0.025000 0.021484
2 0.674219 0.058594 0.026562 0.066406
2 0.674219 0.808594 0.026562 0.074219
2 0.672656 0.132812 0.026562 0.066406
2 0.671875 0.205078 0.021875 0.066406
2 0.671094 0.883789 0.026562 0.072266
0 0.668750 0.959961 0.028125 0.076172
2 0.665625 0.281250 0.025000 0.070312
2 0.665625 0.356445 0.025000 0.068359
0 0.663281 0.431641 0.026562 0.070312
2 0.660156 0.506836 0.026562 0.068359
2 0.657813 0.583008 0.028125 0.072266
2 0.657031 0.658203 0.026562 0.074219
2 0.652344 0.733398 0.026562 0.072266
2 0.653125 0.006836 0.028125 0.013672
2 0.650781 0.809570 0.023438 0.072266
2 0.650000 0.053711 0.028125 0.068359
2 0.647656 0.127930 0.026562 0.068359
2 0.646875 0.203125 0.028125 0.070312
2 0.646875 0.885742 0.028125 0.076172
2 0.644531 0.959961 0.026562 0.076172
2 0.642188 0.278320 0.028125 0.068359
2 0.641406 0.354492 0.026562 0.068359
2 0.638281 0.429688 0.026562 0.070312
2 0.635938 0.505859 0.028125 0.070312
2 0.633594 0.581055 0.026562 0.072266
2 0.629687 0.658203 0.028125 0.074219
2 0.627344 0.733398 0.026562 0.076172
2 0.625781 0.811523 0.029687 0.076172
2 0.621094 0.885742 0.029687 0.076172
2 0.619531 0.962891 0.029687 0.074219
2 0.542188 0.021484 0.028125 0.042969
2 0.539062 0.083984 0.028125 0.074219
2 0.535156 0.158203 0.026562 0.074219
1 0.534375 0.229492 0.028125 0.072266
2 0.530469 0.304688 0.029687 0.074219
2 0.528125 0.377930 0.028125 0.072266
2 0.524219 0.453125 0.029687 0.074219
0 0.522656 0.527344 0.029687 0.074219
2 0.519531 0.603516 0.029687 0.074219
2 0.515625 0.678711 0.028125 0.076172
2 0.514062 0.754883 0.031250 0.076172
2 0.515625 0.020508 0.028125 0.041016
2 0.510938 0.080078 0.028125 0.074219
2 0.511719 0.829102 0.029687 0.072266
2 0.508594 0.151367 0.026562 0.072266
2 0.507031 0.904297 0.029687 0.074219
2 0.507812 0.226562 0.028125 0.070312
2 0.506250 0.970703 0.028125 0.058594
2 0.501563 0.301758 0.028125 0.076172
0 0.500000 0.375977 0.028125 0.072266
2 0.497656 0.451172 0.029687 0.074219
2 0.496094 0.526367 0.026562 0.076172
2 0.492188 0.602539 0.028125 0.076172
2 0.489844 0.017578 0.032813 0.035156
2 0.488281 0.677734 0.029687 0.074219
2 0.486719 0.754883 0.029687 0.076172
2 0.485938 0.076172 0.031250 0.074219
2 0.485156 0.830078 0.026562 0.074219
2 0.482031 0.146484 0.029687 0.070312
2 0.481250 0.904297 0.028125 0.074219
2 0.478125 0.222656 0.028125 0.074219
2 0.478906 0.971680 0.026562 0.056641
2 0.474219 0.297852 0.026562 0.076172
2 0.829688 0.108398 0.025000 0.068359
2 0.211719 0.218750 0.026562 0.074219
2 0.207031 0.292969 0.029687 0.070312
2 0.203906 0.368164 0.029687 0.076172
2 0.200000 0.441406 0.028125 0.074219
2 0.196875 0.517578 0.028125 0.074219
2 0.828125 0.925781 0.028125 0.074219
2 0.192969 0.015625 0.029687 0.031250
2 0.192188 0.591797 0.028125 0.074219
2 0.192188 0.666992 0.031250 0.076172
2 0.191406 0.067383 0.026562 0.072266
2 0.188281 0.140625 0.029687 0.074219
2 0.188281 0.742188 0.029687 0.074219
2 0.185938 0.817383 0.031250 0.076172
1 0.185938 0.891602 0.031250 0.076172
2 0.185156 0.215820 0.029687 0.076172
2 0.182031 0.964844 0.029687 0.070312
2 0.828906 0.180664 0.026562 0.072266
2 0.827344 0.254883 0.026562 0.068359
2 0.180469 0.290039 0.029687 0.068359
2 0.175781 0.364258 0.029687 0.076172
2 0.171875 0.439453 0.028125 0.074219
2 0.168750 0.513672 0.028125 0.074219
2 0.167187 0.012695 0.031250 0.025391
0 0.165625 0.590820 0.028125 0.076172
2 0.825000 0.980469 0.025000 0.039062
2 0.163281 0.666016 0.029687 0.074219
2 0.162500 0.062500 0.031250 0.078125
2 0.160938 0.740234 0.028125 0.074219
2 0.159375 0.816406 0.028125 0.074219
2 0.159375 0.137695 0.031250 0.072266
2 0.156250 0.892578 0.028125 0.074219
2 0.154688 0.212891 0.028125 0.078125
2 0.154688 0.964844 0.028125 0.070312
2 0.151562 0.287109 0.028125 0.070312
2 0.824219 0.328125 0.026562 0.070312
2 0.147656 0.362305 0.026562 0.076172
2 0.142969 0.437500 0.029687 0.074219
2 0.140625 0.512695 0.031250 0.076172
2 0.135937 0.589844 0.031250 0.074219
2 0.134375 0.663086 0.031250 0.076172
2 0.822656 0.402344 0.026562 0.070312
2 0.132812 0.741211 0.031250 0.076172
2 0.128906 0.816406 0.032813 0.074219
2 0.128125 0.891602 0.031250 0.076172
2 0.125781 0.964844 0.032813 0.070312
4 0.820312 0.477539 0.028125 0.072266
2 0.816406 0.552734 0.026562 0.070312
2 0.814844 0.626953 0.026562 0.074219
2 0.811719 0.702148 0.026562 0.072266
2 0.810156 0.775391 0.023438 0.074219
2 0.806250 0.851562 0.028125 0.074219
2 0.804688 0.102539 0.028125 0.068359
2 0.803125 0.175781 0.028125 0.074219
2 0.801562 0.925781 0.028125 0.074219
2 0.802344 0.251953 0.029687 0.070312
2 0.801562 0.982422 0.025000 0.035156
2 0.799219 0.324219 0.026562 0.070312
1 0.796875 0.400391 0.028125 0.070312
2 0.794531 0.475586 0.029687 0.072266
0 0.791406 0.549805 0.026562 0.072266
0 0.787500 0.625977 0.028125 0.072266
2 0.785156 0.701172 0.026562 0.074219
2 0.784375 0.776367 0.028125 0.076172
2 0.779687 0.852539 0.028125 0.076172
2 0.701562 0.013672 0.021875 0.027344
2 0.700781 0.066406 0.026562 0.070312
2 0.696875 0.138672 0.028125 0.070312
2 0.694531 0.211914 0.026562 0.068359
2 0.692187 0.284180 0.028125 0.072266
2 0.689844 0.360352 0.026562 0.068359
2 0.688281 0.433594 0.026562 0.070312
0 0.683594 0.583008 0.026562 0.072266
2 0.682031 0.660156 0.026562 0.074219
2 0.471094 0.374023 0.026562 0.076172
2 0.469531 0.448242 0.026562 0.076172
2 0.467187 0.524414 0.031250 0.076172
2 0.464844 0.601562 0.032813 0.074219
2 0.856250 0.113281 0.025000 0.066406
2 0.460156 0.678711 0.029687 0.076172
2 0.458594 0.753906 0.029687 0.074219
2 0.455469 0.829102 0.029687 0.076172
2 0.453906 0.906250 0.026562 0.074219
2 0.450000 0.971680 0.031250 0.056641
2 0.853906 0.184570 0.026562 0.068359
2 0.852344 0.257812 0.026562 0.070312
2 0.849219 0.330078 0.026562 0.070312
2 0.846875 0.406250 0.025000 0.070312
2 0.382812 0.042969 0.028125 0.070312
2 0.380469 0.115234 0.029687 0.070312
2 0.376563 0.187500 0.031250 0.070312
2 0.372656 0.260742 0.029687 0.076172
2 0.368750 0.336914 0.031250 0.072266
2 0.365625 0.411133 0.031250 0.072266
2 0.363281 0.486328 0.029687 0.074219
2 0.362500 0.560547 0.028125 0.074219
2 0.358594 0.636719 0.032813 0.074219
2 0.355469 0.038086 0.029687 0.068359
2 0.353906 0.711914 0.032813 0.076172
2 0.846094 0.480469 0.026562 0.074219
2 0.352344 0.110352 0.032813 0.068359
1 0.351562 0.787109 0.031250 0.074219
2 0.349219 0.861328 0.029687 0.074219
2 0.347656 0.184570 0.029687 0.072266
2 0.345313 0.256836 0.028125 0.072266
2 0.346094 0.935547 0.029687 0.074219
2 0.342969 0.986328 0.029687 0.027344
2 0.342969 0.333008 0.029687 0.072266
2 0.338281 0.408203 0.029687 0.074219
0 0.842969 0.553711 0.026562 0.072266
2 0.336719 0.484375 0.026562 0.074219
2 0.332813 0.558594 0.028125 0.074219
2 0.329688 0.634766 0.031250 0.074219
2 0.330469 0.032227 0.029687 0.064453
2 0.327344 0.708984 0.029687 0.074219
2 0.325781 0.106445 0.029687 0.068359
2 0.324219 0.787109 0.026562 0.074219
2 0.321875 0.180664 0.028125 0.072266
2 0.321875 0.861328 0.028125 0.074219
2 0.320312 0.936523 0.028125 0.072266
2 0.319531 0.256836 0.029687 0.076172
2 0.317188 0.986328 0.025000 0.027344
2 0.314844 0.330078 0.029687 0.074219
2 0.312500 0.405273 0.031250 0.072266
2 0.307812 0.482422 0.031250 0.074219
2 0.839063 0.628906 0.028125 0.074219
2 0.304688 0.557617 0.031250 0.076172
2 0.301563 0.632812 0.031250 0.074219
2 0.298438 0.709961 0.028125 0.076172
2 0.296875 0.786133 0.031250 0.076172
2 0.292187 0.860352 0.031250 0.076172
2 0.289844 0.938477 0.032813 0.076172
2 0.288281 0.987305 0.032813 0.025391
2 0.836719 0.703125 0.026562 0.074219
0 0.834375 0.776367 0.028125 0.072266
2 0.221094 0.017578 0.029687 0.035156
2 0.215625 0.073242 0.031250 0.072266
0 0.775000 0.981445 0.028125 0.037109
2 0.214844 0.146484 0.029687 0.070312
2 0.777344 0.925781 0.026562 0.074219
0 0.685937 0.511719 0.025000 0.074219
2 0.832031 0.851562 0.026562 0.074219
