2 0.313281 0.966797 0.029687 0.066406
2 0.315625 0.896484 0.031250 0.074219
2 0.317969 0.820312 0.026562 0.074219
2 0.318750 0.745117 0.028125 0.076172
2 0.321875 0.669922 0.031250 0.078125
2 0.323437 0.594727 0.031250 0.076172
2 0.325781 0.516602 0.029687 0.076172
2 0.330469 0.440430 0.029687 0.076172
2 0.332031 0.365234 0.029687 0.078125
2 0.333594 0.291016 0.029687 0.074219
2 0.339062 0.214844 0.034375 0.078125
2 0.340625 0.965820 0.031250 0.068359
2 0.340625 0.895508 0.028125 0.076172
2 0.340625 0.140625 0.031250 0.074219
2 0.344531 0.064453 0.029687 0.074219
2 0.345313 0.820312 0.028125 0.078125
2 0.347656 0.745117 0.029687 0.076172
2 0.347656 0.014648 0.029687 0.029297
2 0.350000 0.670898 0.028125 0.076172
2 0.352344 0.595703 0.029687 0.078125
2 0.354687 0.516602 0.028125 0.076172
2 0.356250 0.443359 0.028125 0.074219
2 0.360938 0.369141 0.028125 0.074219
2 0.364063 0.292969 0.031250 0.074219
2 0.365625 0.964844 0.028125 0.070312
2 0.366406 0.217773 0.032813 0.076172
2 0.370312 0.893555 0.028125 0.076172
2 0.370312 0.141602 0.031250 0.076172
2 0.371875 0.070312 0.031250 0.074219
0 0.371875 0.821289 0.028125 0.076172
2 0.373437 0.016602 0.028125 0.033203
1 0.373437 0.745117 0.028125 0.076172
2 0.377344 0.668945 0.029687 0.076172
2 0.380469 0.596680 0.029687 0.076172
0 0.382031 0.520508 0.029687 0.076172
1 0.384375 0.445312 0.028125 0.074219
2 0.388281 0.371094 0.029687 0.074219
2 0.389844 0.294922 0.032813 0.074219
2 0.393750 0.220703 0.031250 0.074219
2 0.396875 0.144531 0.031250 0.074219
2 0.400781 0.072266 0.029687 0.074219
2 0.402344 0.018555 0.029687 0.037109
2 0.473438 0.987305 0.031250 0.025391
2 0.474219 0.863281 0.029687 0.074219
2 0.475000 0.937500 0.031250 0.074219
2 0.476562 0.789062 0.028125 0.074219
2 0.480469 0.712891 0.026562 0.074219
2 0.484375 0.637695 0.028125 0.076172
2 0.486719 0.561523 0.026562 0.076172
2 0.487500 0.485352 0.028125 0.076172
2 0.489844 0.408203 0.026562 0.078125
2 0.692969 0.239258 0.023438 0.076172
2 0.693750 0.164062 0.025000 0.078125
2 0.160938 0.550781 0.028125 0.078125
4 0.696094 0.841797 0.026562 0.074219
0 0.696875 0.090820 0.025000 0.076172
1 0.696875 0.766602 0.025000 0.076172
2 0.697656 0.027344 0.023438 0.054688
2 0.700000 0.691406 0.025000 0.074219
0 0.701562 0.617188 0.025000 0.078125
2 0.705469 0.541992 0.023438 0.072266
2 0.709375 0.467773 0.025000 0.076172
2 0.162500 0.474609 0.028125 0.074219
4 0.711719 0.393555 0.026562 0.076172
2 0.713281 0.317383 0.026562 0.076172
0 0.716406 0.244141 0.023438 0.074219
0 0.717187 0.168945 0.025000 0.076172
2 0.720313 0.094727 0.025000 0.076172
2 0.721875 0.028320 0.025000 0.056641
2 0.164844 0.398438 0.029687 0.078125
2 0.169531 0.322266 0.029687 0.074219
2 0.799219 0.956055 0.029687 0.076172
2 0.800000 0.881836 0.028125 0.072266
2 0.802344 0.805664 0.029687 0.076172
2 0.171875 0.248047 0.031250 0.074219
2 0.804688 0.733398 0.028125 0.072266
0 0.809375 0.658203 0.028125 0.078125
2 0.811719 0.583008 0.029687 0.076172
2 0.814844 0.505859 0.026562 0.078125
2 0.819531 0.429688 0.026562 0.074219
2 0.820312 0.355469 0.028125 0.074219
0 0.821875 0.281250 0.028125 0.078125
0 0.821875 0.206055 0.028125 0.076172
2 0.822656 0.131836 0.023438 0.076172
2 0.826562 0.955078 0.025000 0.078125
2 0.827344 0.878906 0.026562 0.074219
1 0.827344 0.056641 0.026562 0.078125
2 0.828906 0.010742 0.026562 0.021484
2 0.830469 0.805664 0.026562 0.076172
2 0.832812 0.733398 0.025000 0.076172
2 0.175000 0.171875 0.031250 0.074219
2 0.835156 0.658203 0.026562 0.074219
2 0.838281 0.583008 0.029687 0.076172
2 0.839063 0.506836 0.025000 0.076172
2 0.845313 0.431641 0.025000 0.074219
2 0.846875 0.358398 0.025000 0.076172
2 0.846875 0.282227 0.025000 0.076172
2 0.848437 0.208008 0.025000 0.072266
4 0.850000 0.134766 0.028125 0.074219
2 0.850781 0.952148 0.023438 0.072266
2 0.852344 0.878906 0.023438 0.074219
2 0.853125 0.062500 0.025000 0.074219
2 0.853906 0.012695 0.026562 0.025391
1 0.854688 0.805664 0.025000 0.072266
1 0.857812 0.730469 0.028125 0.078125
2 0.860156 0.658203 0.026562 0.074219
2 0.864062 0.583008 0.025000 0.076172
2 0.177344 0.095703 0.029687 0.074219
2 0.177344 0.979492 0.029687 0.041016
2 0.866406 0.505859 0.026562 0.074219
0 0.867969 0.434570 0.026562 0.072266
2 0.868750 0.359375 0.028125 0.074219
2 0.871094 0.285156 0.026562 0.078125
0 0.875000 0.211914 0.025000 0.072266
2 0.875781 0.137695 0.026562 0.076172
2 0.878125 0.067383 0.025000 0.080078
2 0.492969 0.332031 0.026562 0.078125
2 0.496875 0.255859 0.031250 0.078125
2 0.497656 0.180664 0.026562 0.080078
2 0.500781 0.986328 0.026562 0.027344
2 0.501563 0.937500 0.025000 0.074219
2 0.500781 0.105469 0.026562 0.074219
2 0.503125 0.863281 0.028125 0.078125
2 0.503906 0.034180 0.029687 0.068359
2 0.504687 0.786133 0.028125 0.076172
2 0.508594 0.712891 0.029687 0.074219
2 0.511719 0.635742 0.023438 0.076172
2 0.514062 0.560547 0.028125 0.074219
2 0.514062 0.486328 0.028125 0.078125
2 0.516406 0.409180 0.029687 0.076172
2 0.521875 0.333984 0.028125 0.078125
0 0.525000 0.258789 0.028125 0.076172
2 0.525000 0.183594 0.028125 0.074219
0 0.526563 0.986328 0.028125 0.027344
2 0.528906 0.109375 0.026562 0.078125
4 0.528906 0.935547 0.029687 0.074219
2 0.530469 0.860352 0.029687 0.076172
0 0.532031 0.036133 0.026562 0.072266
2 0.532813 0.787109 0.028125 0.074219
2 0.535156 0.711914 0.029687 0.076172
2 0.539062 0.636719 0.031250 0.074219
2 0.542188 0.562500 0.028125 0.074219
2 0.542969 0.487305 0.029687 0.076172
2 0.546094 0.411133 0.029687 0.072266
2 0.548438 0.335938 0.028125 0.078125
2 0.552344 0.260742 0.029687 0.076172
0 0.553906 0.188477 0.029687 0.076172
2 0.556250 0.114258 0.028125 0.076172
2 0.559375 0.039062 0.028125 0.074219
2 0.148438 0.980469 0.031250 0.039062
2 0.150781 0.926758 0.029687 0.072266
2 0.152344 0.852539 0.029687 0.076172
2 0.154688 0.774414 0.031250 0.076172
2 0.635938 0.978516 0.028125 0.042969
2 0.639062 0.918945 0.028125 0.076172
2 0.643750 0.843750 0.028125 0.074219
2 0.155469 0.699219 0.029687 0.078125
2 0.647656 0.768555 0.026562 0.076172
2 0.650781 0.693359 0.026562 0.074219
2 0.653125 0.618164 0.025000 0.076172
2 0.654687 0.541992 0.025000 0.076172
2 0.658594 0.462891 0.026562 0.078125
2 0.660937 0.387695 0.028125 0.076172
2 0.157031 0.622070 0.029687 0.076172
2 0.664062 0.977539 0.025000 0.044922
2 0.663281 0.311523 0.026562 0.076172
2 0.665625 0.916992 0.025000 0.076172
2 0.665625 0.235352 0.028125 0.080078
2 0.668750 0.161133 0.028125 0.080078
0 0.669531 0.085938 0.026562 0.078125
2 0.670312 0.841797 0.021875 0.074219
2 0.671875 0.766602 0.025000 0.076172
2 0.671875 0.025391 0.028125 0.050781
2 0.675781 0.692383 0.026562 0.076172
2 0.678125 0.615234 0.025000 0.078125
2 0.682031 0.541992 0.026562 0.076172
2 0.684375 0.464844 0.025000 0.078125
2 0.685937 0.390625 0.021875 0.074219
2 0.688281 0.975586 0.023438 0.048828
2 0.691406 0.313477 0.023438 0.080078
0 0.690625 0.915039 0.025000 0.072266
2 0.879687 0.015625 0.025000 0.031250
2 0.178125 0.923828 0.028125 0.074219
2 0.181250 0.851562 0.028125 0.074219
2 0.181250 0.030273 0.028125 0.060547
2 0.182812 0.775391 0.031250 0.074219
2 0.185156 0.701172 0.029687 0.078125
2 0.185938 0.625977 0.028125 0.076172
2 0.189844 0.550781 0.026562 0.074219
2 0.192969 0.475586 0.032813 0.076172
2 0.193750 0.399414 0.031250 0.076172
2 0.197656 0.324219 0.029687 0.074219
0 0.200781 0.250977 0.029687 0.076172
2 0.203125 0.175781 0.028125 0.074219
2 0.205469 0.979492 0.029687 0.041016
2 0.207031 0.922852 0.029687 0.076172
2 0.207031 0.102539 0.029687 0.076172
0 0.207813 0.850586 0.031250 0.076172
0 0.209375 0.776367 0.028125 0.076172
2 0.210156 0.032227 0.029687 0.064453
2 0.213281 0.702148 0.029687 0.076172
2 0.215625 0.625977 0.031250 0.076172
1 0.217188 0.550781 0.028125 0.074219
2 0.218750 0.475586 0.031250 0.076172
2 0.221875 0.399414 0.031250 0.076172
2 0.226562 0.328125 0.031250 0.074219
1 0.228125 0.252930 0.028125 0.076172
2 0.231250 0.177734 0.031250 0.074219
2 0.235156 0.104492 0.029687 0.072266
2 0.239063 0.035156 0.028125 0.070312
