2 0.686719 0.033203 0.029687 0.066406
2 0.684375 0.103516 0.031250 0.074219
2 0.682031 0.179688 0.026562 0.074219
2 0.681250 0.254883 0.028125 0.076172
2 0.678125 0.330078 0.031250 0.078125
2 0.676562 0.405273 0.031250 0.076172
2 0.674219 0.483398 0.029687 0.076172
2 0.669531 0.559570 0.029687 0.076172
2 0.667969 0.634766 0.029687 0.078125
2 0.666406 0.708984 0.029687 0.074219
2 0.660937 0.785156 0.034375 0.078125
2 0.659375 0.034180 0.031250 0.068359
2 0.659375 0.104492 0.028125 0.076172
2 0.659375 0.859375 0.031250 0.074219
2 0.655469 0.935547 0.029687 0.074219
2 0.654687 0.179688 0.028125 0.078125
2 0.652344 0.254883 0.029687 0.076172
2 0.652344 0.985352 0.029687 0.029297
2 0.650000 0.329102 0.028125 0.076172
2 0.647656 0.404297 0.029687 0.078125
2 0.645312 0.483398 0.028125 0.076172
2 0.643750 0.556641 0.028125 0.074219
2 0.639062 0.630859 0.028125 0.074219
2 0.635938 0.707031 0.031250 0.074219
2 0.634375 0.035156 0.028125 0.070312
2 0.633594 0.782227 0.032813 0.076172
2 0.629687 0.106445 0.028125 0.076172
2 0.629687 0.858398 0.031250 0.076172
2 0.628125 0.929688 0.031250 0.074219
0 0.628125 0.178711 0.028125 0.076172
2 0.626563 0.983398 0.028125 0.033203
1 0.626563 0.254883 0.028125 0.076172
2 0.622656 0.331055 0.029687 0.076172
2 0.619531 0.403320 0.029687 0.076172
0 0.617969 0.479492 0.029687 0.076172
1 0.615625 0.554688 0.028125 0.074219
2 0.611719 0.628906 0.029687 0.074219
2 0.610156 0.705078 0.032813 0.074219
2 0.606250 0.779297 0.031250 0.074219
2 0.603125 0.855469 0.031250 0.074219
2 0.599219 0.927734 0.029687 0.074219
2 0.597656 0.981445 0.029687 0.037109
2 0.526563 0.012695 0.031250 0.025391
2 0.525781 0.136719 0.029687 0.074219
2 0.525000 0.062500 0.031250 0.074219
2 0.523438 0.210938 0.028125 0.074219
2 0.519531 0.287109 0.026562 0.074219
2 0.515625 0.362305 0.028125 0.076172
2 0.513281 0.438477 0.026562 0.076172
2 0.512500 0.514648 0.028125 0.076172
2 0.510156 0.591797 0.026562 0.078125
2 0.507031 0.667969 0.026562 0.078125
2 0.503125 0.744141 0.031250 0.078125
2 0.502344 0.819336 0.026562 0.080078
2 0.499219 0.013672 0.026562 0.027344
2 0.498437 0.062500 0.025000 0.074219
2 0.499219 0.894531 0.026562 0.074219
2 0.496875 0.136719 0.028125 0.078125
2 0.496094 0.965820 0.029687 0.068359
0 0.298438 0.382812 0.025000 0.078125
2 0.294531 0.458008 0.023438 0.072266
2 0.290625 0.532227 0.025000 0.076172
2 0.837500 0.525391 0.028125 0.074219
4 0.288281 0.606445 0.026562 0.076172
2 0.286719 0.682617 0.026562 0.076172
0 0.283594 0.755859 0.023438 0.074219
0 0.282813 0.831055 0.025000 0.076172
2 0.279687 0.905273 0.025000 0.076172
2 0.278125 0.971680 0.025000 0.056641
2 0.835156 0.601562 0.029687 0.078125
2 0.830469 0.677734 0.029687 0.074219
2 0.200781 0.043945 0.029687 0.076172
2 0.200000 0.118164 0.028125 0.072266
2 0.197656 0.194336 0.029687 0.076172
2 0.828125 0.751953 0.031250 0.074219
2 0.195312 0.266602 0.028125 0.072266
0 0.190625 0.341797 0.028125 0.078125
2 0.188281 0.416992 0.029687 0.076172
2 0.185156 0.494141 0.026562 0.078125
2 0.180469 0.570312 0.026562 0.074219
2 0.179688 0.644531 0.028125 0.074219
0 0.178125 0.718750 0.028125 0.078125
0 0.178125 0.793945 0.028125 0.076172
2 0.177344 0.868164 0.023438 0.076172
2 0.173437 0.044922 0.025000 0.078125
2 0.172656 0.121094 0.026562 0.074219
1 0.172656 0.943359 0.026562 0.078125
2 0.171094 0.989258 0.026562 0.021484
2 0.169531 0.194336 0.026562 0.076172
2 0.167187 0.266602 0.025000 0.076172
2 0.825000 0.828125 0.031250 0.074219
2 0.164844 0.341797 0.026562 0.074219
2 0.161719 0.416992 0.029687 0.076172
2 0.160938 0.493164 0.025000 0.076172
2 0.154688 0.568359 0.025000 0.074219
2 0.153125 0.641602 0.025000 0.076172
2 0.153125 0.717773 0.025000 0.076172
2 0.151562 0.791992 0.025000 0.072266
4 0.150000 0.865234 0.028125 0.074219
2 0.149219 0.047852 0.023438 0.072266
2 0.147656 0.121094 0.023438 0.074219
2 0.146875 0.937500 0.025000 0.074219
2 0.146094 0.987305 0.026562 0.025391
1 0.145313 0.194336 0.025000 0.072266
1 0.142187 0.269531 0.028125 0.078125
2 0.139844 0.341797 0.026562 0.074219
2 0.135937 0.416992 0.025000 0.076172
2 0.822656 0.904297 0.029687 0.074219
2 0.822656 0.020508 0.029687 0.041016
2 0.133594 0.494141 0.026562 0.074219
0 0.132031 0.565430 0.026562 0.072266
2 0.131250 0.640625 0.028125 0.074219
2 0.128906 0.714844 0.026562 0.078125
0 0.125000 0.788086 0.025000 0.072266
2 0.124219 0.862305 0.026562 0.076172
2 0.121875 0.932617 0.025000 0.080078
2 0.120313 0.984375 0.025000 0.031250
2 0.821875 0.076172 0.028125 0.074219
2 0.818750 0.148438 0.028125 0.074219
2 0.818750 0.969727 0.028125 0.060547
2 0.817187 0.224609 0.031250 0.074219
2 0.814844 0.298828 0.029687 0.078125
2 0.814063 0.374023 0.028125 0.076172
2 0.810156 0.449219 0.026562 0.074219
2 0.495312 0.213867 0.028125 0.076172
2 0.491406 0.287109 0.029687 0.074219
2 0.488281 0.364258 0.023438 0.076172
2 0.485938 0.439453 0.028125 0.074219
2 0.485938 0.513672 0.028125 0.078125
2 0.483594 0.590820 0.029687 0.076172
2 0.478125 0.666016 0.028125 0.078125
0 0.475000 0.741211 0.028125 0.076172
2 0.475000 0.816406 0.028125 0.074219
0 0.473438 0.013672 0.028125 0.027344
2 0.471094 0.890625 0.026562 0.078125
4 0.471094 0.064453 0.029687 0.074219
2 0.469531 0.139648 0.029687 0.076172
0 0.467969 0.963867 0.026562 0.072266
2 0.467187 0.212891 0.028125 0.074219
2 0.464844 0.288086 0.029687 0.076172
2 0.460938 0.363281 0.031250 0.074219
2 0.457813 0.437500 0.028125 0.074219
2 0.457031 0.512695 0.029687 0.076172
2 0.453906 0.588867 0.029687 0.072266
2 0.451562 0.664062 0.028125 0.078125
2 0.447656 0.739258 0.029687 0.076172
0 0.446094 0.811523 0.029687 0.076172
2 0.443750 0.885742 0.028125 0.076172
2 0.440625 0.960938 0.028125 0.074219
2 0.851562 0.019531 0.031250 0.039062
2 0.849219 0.073242 0.029687 0.072266
2 0.847656 0.147461 0.029687 0.076172
2 0.845313 0.225586 0.031250 0.076172
2 0.364063 0.021484 0.028125 0.042969
2 0.360938 0.081055 0.028125 0.076172
2 0.356250 0.156250 0.028125 0.074219
2 0.844531 0.300781 0.029687 0.078125
2 0.352344 0.231445 0.026562 0.076172
2 0.349219 0.306641 0.026562 0.074219
2 0.346875 0.381836 0.025000 0.076172
2 0.345313 0.458008 0.025000 0.076172
2 0.341406 0.537109 0.026562 0.078125
2 0.339062 0.612305 0.028125 0.076172
2 0.842969 0.377930 0.029687 0.076172
2 0.335938 0.022461 0.025000 0.044922
2 0.336719 0.688477 0.026562 0.076172
2 0.334375 0.083008 0.025000 0.076172
2 0.334375 0.764648 0.028125 0.080078
2 0.331250 0.838867 0.028125 0.080078
0 0.330469 0.914062 0.026562 0.078125
2 0.329688 0.158203 0.021875 0.074219
2 0.328125 0.233398 0.025000 0.076172
2 0.328125 0.974609 0.028125 0.050781
2 0.324219 0.307617 0.026562 0.076172
2 0.321875 0.384766 0.025000 0.078125
2 0.317969 0.458008 0.026562 0.076172
2 0.315625 0.535156 0.025000 0.078125
2 0.314063 0.609375 0.021875 0.074219
2 0.311719 0.024414 0.023438 0.048828
2 0.308594 0.686523 0.023438 0.080078
0 0.309375 0.084961 0.025000 0.072266
2 0.307031 0.760742 0.023438 0.076172
2 0.306250 0.835938 0.025000 0.078125
2 0.839063 0.449219 0.028125 0.078125
4 0.303906 0.158203 0.026562 0.074219
0 0.303125 0.909180 0.025000 0.076172
1 0.303125 0.233398 0.025000 0.076172
2 0.302344 0.972656 0.023438 0.054688
2 0.300000 0.308594 0.025000 0.074219
2 0.807031 0.524414 0.032813 0.076172
2 0.806250 0.600586 0.031250 0.076172
2 0.802344 0.675781 0.029687 0.074219
0 0.799219 0.749023 0.029687 0.076172
2 0.796875 0.824219 0.028125 0.074219
2 0.794531 0.020508 0.029687 0.041016
2 0.792969 0.077148 0.029687 0.076172
2 0.792969 0.897461 0.029687 0.076172
0 0.790625 0.223633 0.028125 0.076172
2 0.789844 0.967773 0.029687 0.064453
2 0.786719 0.297852 0.029687 0.076172
2 0.784375 0.374023 0.031250 0.076172
1 0.782813 0.449219 0.028125 0.074219
2 0.781250 0.524414 0.031250 0.076172
2 0.778125 0.600586 0.031250 0.076172
1 0.771875 0.747070 0.028125 0.076172
2 0.768750 0.822266 0.031250 0.074219
2 0.764844 0.895508 0.029687 0.072266
2 0.760938 0.964844 0.028125 0.070312
0 0.792188 0.149414 0.031250 0.076172
2 0.773438 0.671875 0.031250 0.074219
