2 0.969531 0.206055 0.057813 0.033203
2 0.909375 0.203125 0.059375 0.035156
2 0.850781 0.202148 0.057813 0.033203
2 0.790625 0.194336 0.062500 0.037109
2 0.732812 0.191406 0.056250 0.035156
0 0.967187 0.171875 0.056250 0.031250
0 0.907813 0.169922 0.059375 0.031250
2 0.848437 0.166992 0.059375 0.033203
2 0.788281 0.162109 0.060937 0.031250
2 0.730469 0.160156 0.057813 0.031250
2 0.964063 0.145508 0.056250 0.021484
0 0.903906 0.143555 0.060937 0.025391
2 0.847656 0.139648 0.057813 0.025391
2 0.789062 0.134766 0.056250 0.027344
0 0.732031 0.132812 0.054688 0.023438
