2 0.341406 0.190430 0.023438 0.076172
2 0.340625 0.262695 0.025000 0.072266
0 0.343750 0.041016 0.021875 0.074219
2 0.342187 0.115234 0.021875 0.074219
2 0.391406 0.263672 0.026562 0.074219
2 0.369531 0.038086 0.029687 0.076172
2 0.364844 0.264648 0.029687 0.072266
1 0.367188 0.189453 0.028125 0.078125
2 0.367188 0.115234 0.025000 0.078125
2 0.396875 0.040039 0.025000 0.076172
2 0.395313 0.114258 0.028125 0.076172
2 0.393750 0.189453 0.028125 0.078125
2 0.190625 0.019531 0.025000 0.039062
2 0.237500 0.017578 0.025000 0.035156
2 0.214844 0.019531 0.020313 0.039062
