2 0.056250 0.877930 0.056250 0.025391
2 0.051562 0.846680 0.056250 0.033203
2 0.051562 0.475586 0.059375 0.033203
2 0.089063 0.276367 0.059375 0.037109
2 0.088281 0.206055 0.060937 0.033203
2 0.028906 0.205078 0.057813 0.035156
2 0.240625 0.047852 0.059375 0.033203
2 0.207813 0.280273 0.059375 0.037109
2 0.108594 0.410156 0.060937 0.035156
2 0.148438 0.278320 0.059375 0.037109
2 0.046875 0.408203 0.062500 0.035156
2 0.267969 0.281250 0.060937 0.035156
2 0.063281 0.040039 0.057813 0.033203
2 0.327344 0.281250 0.057813 0.035156
2 0.170313 0.448242 0.059375 0.033203
2 0.226562 0.414062 0.059375 0.035156
1 0.167187 0.413086 0.062500 0.037109
2 0.121875 0.042969 0.059375 0.035156
2 0.227344 0.448242 0.057813 0.033203
2 0.182812 0.043945 0.059375 0.037109
0 0.110937 0.445312 0.062500 0.035156
0 0.049219 0.442383 0.060937 0.033203
2 0.360938 0.084961 0.059375 0.033203
2 0.170313 0.682617 0.056250 0.029297
2 0.419531 0.052734 0.060937 0.035156
2 0.113281 0.478516 0.060937 0.031250
1 0.358594 0.050781 0.057813 0.039062
2 0.170313 0.480469 0.059375 0.035156
2 0.300000 0.048828 0.059375 0.035156
2 0.228906 0.480469 0.057813 0.035156
2 0.113281 0.679688 0.060937 0.031250
2 0.168750 0.619141 0.056250 0.039062
2 0.110156 0.614258 0.060937 0.033203
2 0.050000 0.611328 0.059375 0.031250
2 0.053906 0.678711 0.057813 0.033203
2 0.053125 0.643555 0.059375 0.033203
0 0.168750 0.653320 0.056250 0.029297
2 0.110937 0.647461 0.059375 0.033203
0 0.300781 0.083984 0.060937 0.035156
2 0.123438 0.078125 0.059375 0.039062
2 0.242188 0.083008 0.059375 0.037109
1 0.064062 0.076172 0.059375 0.039062
2 0.049219 0.815430 0.057813 0.033203
2 0.182031 0.081055 0.057813 0.037109
1 0.240625 0.014648 0.062500 0.029297
2 0.179688 0.013672 0.059375 0.027344
2 0.120313 0.012695 0.059375 0.025391
0 0.062500 0.011719 0.059375 0.023438
0 0.419531 0.089844 0.057813 0.035156
2 0.359375 0.016602 0.059375 0.033203
2 0.300000 0.015625 0.059375 0.031250
2 0.418750 0.017578 0.059375 0.035156
2 0.030469 0.274414 0.060937 0.037109
2 0.327344 0.248047 0.060937 0.035156
2 0.267188 0.245117 0.059375 0.037109
2 0.207031 0.243164 0.060937 0.037109
2 0.147656 0.241211 0.060937 0.037109
2 0.146094 0.205078 0.057813 0.035156
2 0.087500 0.238281 0.059375 0.035156
2 0.029687 0.238281 0.059375 0.035156
1 0.207031 0.206055 0.060937 0.033203
2 0.326562 0.211914 0.059375 0.037109
2 0.267188 0.209961 0.059375 0.037109
