2 0.753906 0.892578 0.060937 0.039062
2 0.272656 0.893555 0.060937 0.037109
1 0.813281 0.892578 0.060937 0.039062
0 0.721094 0.082031 0.057813 0.035156
2 0.693750 0.889648 0.059375 0.037109
2 0.662500 0.079102 0.059375 0.033203
2 0.728906 0.753906 0.060937 0.039062
2 0.970313 0.768555 0.059375 0.041016
2 0.788281 0.759766 0.060937 0.039062
2 0.910156 0.764648 0.060937 0.041016
2 0.850781 0.762695 0.060937 0.041016
2 0.212500 0.889648 0.059375 0.037109
2 0.101562 0.848633 0.053125 0.037109
2 0.334375 0.866211 0.056250 0.037109
2 0.781250 0.084961 0.059375 0.033203
2 0.275000 0.860352 0.059375 0.033203
2 0.158594 0.855469 0.057813 0.039062
2 0.186719 0.087891 0.054688 0.031250
2 0.217188 0.856445 0.056250 0.037109
2 0.153906 0.885742 0.057813 0.033203
2 0.514062 0.878906 0.059375 0.035156
2 0.453125 0.875000 0.059375 0.035156
2 0.394531 0.870117 0.060937 0.037109
2 0.633594 0.884766 0.060937 0.039062
2 0.840625 0.089844 0.059375 0.035156
2 0.573438 0.884766 0.059375 0.035156
2 0.097656 0.883789 0.054688 0.037109
2 0.692187 0.923828 0.059375 0.035156
2 0.753125 0.963867 0.059375 0.041016
2 0.150000 0.921875 0.062500 0.039062
2 0.632812 0.920898 0.059375 0.037109
2 0.244531 0.088867 0.057813 0.033203
2 0.873437 0.897461 0.059375 0.037109
2 0.332031 0.899414 0.054688 0.037109
2 0.932813 0.899414 0.059375 0.037109
2 0.303906 0.090820 0.054688 0.033203
2 0.898438 0.093750 0.059375 0.031250
2 0.451562 0.910156 0.059375 0.035156
2 0.391406 0.905273 0.060937 0.037109
0 0.572656 0.917969 0.060937 0.035156
2 0.510938 0.914062 0.059375 0.035156
2 0.092188 0.916016 0.056250 0.039062
2 0.692969 0.958984 0.060937 0.039062
2 0.210156 0.925781 0.057813 0.039062
2 0.329688 0.935547 0.056250 0.035156
2 0.753125 0.925781 0.059375 0.035156
2 0.932031 0.933594 0.060937 0.031250
2 0.814063 0.929688 0.059375 0.035156
2 0.873437 0.931641 0.059375 0.035156
2 0.270313 0.931641 0.062500 0.035156
1 0.957812 0.097656 0.059375 0.035156
2 0.450000 0.946289 0.059375 0.037109
2 0.389844 0.940430 0.060937 0.033203
2 0.362500 0.094727 0.056250 0.033203
2 0.421875 0.096680 0.056250 0.033203
2 0.510156 0.949219 0.060937 0.039062
2 0.630469 0.957031 0.060937 0.039062
2 0.571875 0.955078 0.059375 0.039062
2 0.359375 0.125977 0.056250 0.033203
2 0.601562 0.106445 0.059375 0.033203
2 0.813281 0.964844 0.060937 0.039062
2 0.873437 0.967773 0.059375 0.041016
2 0.542188 0.104492 0.056250 0.033203
4 0.482031 0.099609 0.057813 0.035156
2 0.934375 0.970703 0.062500 0.042969
2 0.900781 0.123047 0.057813 0.031250
2 0.781250 0.117188 0.059375 0.035156
2 0.720313 0.112305 0.059375 0.029297
2 0.661719 0.110352 0.057813 0.033203
2 0.301563 0.122070 0.056250 0.037109
2 0.182031 0.119141 0.054688 0.035156
2 0.840625 0.123047 0.059375 0.035156
2 0.240625 0.121094 0.059375 0.035156
1 0.420312 0.128906 0.056250 0.035156
2 0.721094 0.144531 0.060937 0.035156
2 0.960156 0.127930 0.060937 0.029297
2 0.660937 0.143555 0.059375 0.033203
2 0.480469 0.131836 0.057813 0.037109
0 0.600781 0.140625 0.057813 0.035156
0 0.539844 0.135742 0.057813 0.033203
0 0.900000 0.156250 0.059375 0.035156
2 0.840625 0.153320 0.059375 0.033203
2 0.782031 0.150391 0.060937 0.035156
2 0.960156 0.161133 0.060937 0.037109
2 0.364063 0.063477 0.056250 0.033203
2 0.306250 0.059570 0.056250 0.033203
2 0.247656 0.057617 0.054688 0.033203
2 0.221094 0.489258 0.057813 0.033203
2 0.763281 0.485352 0.057813 0.037109
2 0.164062 0.486328 0.059375 0.035156
2 0.764062 0.518555 0.059375 0.033203
2 0.946094 0.564453 0.060937 0.035156
0 0.400781 0.500000 0.057813 0.035156
2 0.823438 0.491211 0.059375 0.037109
2 0.942969 0.497070 0.060937 0.037109
2 0.281250 0.490234 0.056250 0.035156
2 0.341406 0.498047 0.060937 0.035156
2 0.882812 0.492188 0.059375 0.035156
2 0.041406 0.508789 0.051562 0.037109
2 0.160938 0.517578 0.059375 0.039062
2 0.521094 0.504883 0.060937 0.033203
2 0.460938 0.502930 0.059375 0.037109
2 0.703906 0.516602 0.060937 0.037109
2 0.582031 0.509766 0.060937 0.035156
2 0.642188 0.514648 0.059375 0.037109
2 0.100781 0.512695 0.054688 0.041016
2 0.399219 0.536133 0.060937 0.033203
2 0.884375 0.562500 0.059375 0.039062
2 0.823438 0.523438 0.059375 0.035156
2 0.217188 0.522461 0.056250 0.037109
2 0.338281 0.532227 0.060937 0.033203
2 0.278125 0.527344 0.059375 0.035156
2 0.944531 0.530273 0.060937 0.033203
2 0.884375 0.526367 0.059375 0.033203
2 0.825000 0.557617 0.059375 0.033203
2 0.581250 0.543945 0.059375 0.041016
2 0.519531 0.541016 0.060937 0.039062
2 0.458594 0.538086 0.060937 0.033203
2 0.190625 0.054688 0.053125 0.031250
2 0.763281 0.555664 0.060937 0.037109
2 0.642969 0.549805 0.060937 0.037109
2 0.703125 0.551758 0.059375 0.037109
2 0.609375 0.676758 0.059375 0.041016
2 0.066406 0.708984 0.054688 0.039062
2 0.073438 0.676758 0.056250 0.033203
2 0.250000 0.654297 0.056250 0.039062
2 0.192188 0.649414 0.056250 0.037109
2 0.134375 0.646484 0.056250 0.035156
2 0.078906 0.642578 0.057813 0.035156
2 0.425000 0.066406 0.056250 0.031250
2 0.369531 0.664062 0.057813 0.039062
2 0.308594 0.659180 0.060937 0.037109
2 0.548438 0.671875 0.059375 0.035156
2 0.489063 0.670898 0.059375 0.037109
2 0.428906 0.667969 0.057813 0.039062
2 0.546875 0.708984 0.059375 0.035156
2 0.247656 0.690430 0.057813 0.037109
2 0.669531 0.682617 0.060937 0.041016
2 0.130469 0.680664 0.054688 0.037109
2 0.789062 0.688477 0.059375 0.037109
2 0.484375 0.067383 0.059375 0.033203
1 0.729688 0.685547 0.059375 0.039062
2 0.188281 0.684570 0.054688 0.041016
2 0.487500 0.704102 0.059375 0.033203
2 0.907813 0.696289 0.059375 0.037109
2 0.848437 0.692383 0.059375 0.037109
2 0.305469 0.693359 0.057813 0.035156
0 0.542969 0.071289 0.057813 0.033203
2 0.366406 0.696289 0.057813 0.037109
2 0.426563 0.702148 0.059375 0.037109
1 0.967969 0.698242 0.057813 0.037109
2 0.603125 0.076172 0.059375 0.035156
2 0.244531 0.722656 0.057813 0.035156
2 0.607812 0.712891 0.059375 0.039062
2 0.729688 0.719727 0.059375 0.033203
2 0.125000 0.711914 0.053125 0.037109
2 0.185156 0.717773 0.054688 0.037109
2 0.667188 0.715820 0.059375 0.037109
2 0.485938 0.740234 0.059375 0.039062
2 0.305469 0.725586 0.060937 0.037109
2 0.849219 0.724609 0.057813 0.035156
2 0.789062 0.722656 0.059375 0.035156
2 0.424219 0.734375 0.057813 0.039062
2 0.908594 0.728516 0.060937 0.031250
2 0.968750 0.732422 0.059375 0.031250
2 0.364063 0.731445 0.059375 0.037109
2 0.606250 0.748047 0.059375 0.039062
2 0.546094 0.744141 0.060937 0.039062
2 0.667969 0.751953 0.060937 0.035156
2 0.095312 0.248047 0.053125 0.027344
2 0.628125 0.272461 0.059375 0.033203
0 0.687500 0.276367 0.059375 0.033203
0 0.566406 0.270508 0.057813 0.033203
2 0.642969 0.480469 0.060937 0.035156
0 0.509375 0.267578 0.059375 0.031250
2 0.446875 0.264648 0.056250 0.033203
2 0.388281 0.262695 0.054688 0.033203
2 0.327344 0.259766 0.057813 0.035156
2 0.269531 0.256836 0.054688 0.033203
2 0.210938 0.253906 0.056250 0.035156
2 0.153125 0.249023 0.056250 0.033203
2 0.564844 0.333008 0.057813 0.033203
0 0.445312 0.295898 0.056250 0.033203
2 0.146875 0.282227 0.053125 0.033203
2 0.462500 0.469727 0.059375 0.037109
2 0.089844 0.279297 0.054688 0.031250
2 0.385156 0.292969 0.054688 0.031250
2 0.264062 0.285156 0.053125 0.027344
2 0.206250 0.284180 0.053125 0.033203
2 0.746875 0.282227 0.059375 0.033203
2 0.046094 0.479492 0.051562 0.037109
2 0.926562 0.292969 0.059375 0.035156
2 0.807031 0.286133 0.057813 0.033203
2 0.325000 0.292969 0.056250 0.031250
0 0.867969 0.289062 0.060937 0.035156
2 0.504687 0.330078 0.056250 0.035156
2 0.142969 0.312500 0.054688 0.035156
2 0.566406 0.302734 0.057813 0.035156
2 0.505469 0.299805 0.054688 0.033203
2 0.582812 0.475586 0.059375 0.037109
2 0.747656 0.311523 0.057813 0.029297
2 0.626563 0.303711 0.059375 0.033203
2 0.085156 0.308594 0.051562 0.035156
2 0.686719 0.309570 0.057813 0.033203
0 0.521875 0.471680 0.059375 0.037109
2 0.443750 0.327148 0.056250 0.033203
2 0.808594 0.316406 0.060937 0.035156
2 0.262500 0.316406 0.056250 0.035156
2 0.202344 0.315430 0.054688 0.033203
2 0.383594 0.323242 0.054688 0.033203
2 0.867969 0.319336 0.060937 0.033203
2 0.928125 0.322266 0.059375 0.031250
2 0.322656 0.322266 0.054688 0.035156
2 0.402344 0.464844 0.057813 0.035156
2 0.343750 0.461914 0.059375 0.037109
2 0.929688 0.355469 0.059375 0.035156
2 0.626563 0.337891 0.059375 0.035156
2 0.870313 0.350586 0.059375 0.037109
2 0.686719 0.340820 0.060937 0.033203
2 0.808594 0.348633 0.060937 0.037109
2 0.749219 0.342773 0.060937 0.037109
1 0.283594 0.457031 0.057813 0.035156
2 0.167187 0.451172 0.059375 0.035156
2 0.108594 0.447266 0.051562 0.035156
2 0.052344 0.446289 0.051562 0.033203
2 0.226562 0.456055 0.059375 0.033203
2 0.104688 0.480469 0.056250 0.035156
2 0.703906 0.482422 0.060937 0.039062
