2 0.566406 0.622070 0.060937 0.033203
2 0.027344 0.621094 0.051562 0.039062
2 0.505469 0.615234 0.060937 0.031250
2 0.443750 0.612305 0.062500 0.033203
2 0.924219 0.609375 0.057813 0.035156
2 0.074219 0.959961 0.060937 0.037109
2 0.383594 0.610352 0.060937 0.033203
2 0.865625 0.606445 0.059375 0.037109
2 0.323437 0.605469 0.059375 0.035156
1 0.806250 0.602539 0.059375 0.033203
2 0.264062 0.602539 0.059375 0.033203
1 0.747656 0.599609 0.060937 0.035156
1 0.203906 0.597656 0.060937 0.035156
2 0.688281 0.594727 0.060937 0.033203
2 0.142969 0.594727 0.060937 0.033203
2 0.627344 0.590820 0.060937 0.037109
2 0.085938 0.588867 0.059375 0.033203
1 0.567187 0.585938 0.059375 0.035156
2 0.506250 0.581055 0.062500 0.033203
2 0.028906 0.585938 0.057813 0.035156
2 0.446875 0.579102 0.059375 0.033203
2 0.385156 0.576172 0.060937 0.031250
2 0.326562 0.572266 0.059375 0.035156
2 0.266406 0.569336 0.060937 0.033203
2 0.206250 0.563477 0.059375 0.033203
2 0.147656 0.560547 0.060937 0.035156
2 0.089063 0.555664 0.059375 0.037109
2 0.032031 0.551758 0.060937 0.037109
2 0.963281 0.477539 0.060937 0.033203
2 0.904687 0.474609 0.059375 0.031250
2 0.843750 0.469727 0.062500 0.033203
2 0.783594 0.462891 0.060937 0.035156
2 0.725000 0.460938 0.059375 0.035156
2 0.663281 0.456055 0.060937 0.037109
2 0.602344 0.453125 0.060937 0.039062
2 0.961719 0.446289 0.060937 0.029297
2 0.539844 0.445312 0.060937 0.035156
2 0.478906 0.443359 0.060937 0.035156
2 0.903906 0.442383 0.060937 0.033203
2 0.417969 0.440430 0.060937 0.037109
2 0.357031 0.437500 0.060937 0.035156
2 0.842969 0.435547 0.060937 0.035156
0 0.296094 0.433594 0.060937 0.035156
1 0.235937 0.429688 0.059375 0.035156
2 0.782813 0.425781 0.059375 0.035156
2 0.175781 0.426758 0.064062 0.037109
2 0.722656 0.424805 0.060937 0.033203
2 0.114844 0.423828 0.057813 0.035156
2 0.663281 0.422852 0.060937 0.029297
2 0.057031 0.417969 0.057813 0.035156
2 0.602344 0.418945 0.060937 0.029297
2 0.541406 0.414062 0.060937 0.027344
2 0.960156 0.412109 0.060937 0.039062
0 0.480469 0.410156 0.060937 0.035156
2 0.901563 0.407227 0.059375 0.037109
2 0.419531 0.406250 0.060937 0.035156
2 0.359375 0.402344 0.062500 0.035156
2 0.297656 0.400391 0.060937 0.035156
2 0.841406 0.401367 0.060937 0.033203
2 0.239063 0.396484 0.059375 0.035156
1 0.724219 0.394531 0.060937 0.031250
0 0.782031 0.394531 0.057813 0.031250
2 0.179688 0.390625 0.059375 0.035156
2 0.663281 0.390625 0.060937 0.035156
2 0.120313 0.388672 0.059375 0.035156
2 0.615625 0.037109 0.059375 0.035156
2 0.553906 0.033203 0.060937 0.039062
2 0.970313 0.030273 0.059375 0.037109
2 0.494531 0.031250 0.060937 0.039062
2 0.433594 0.030273 0.060937 0.033203
2 0.914062 0.027344 0.059375 0.035156
2 0.372656 0.026367 0.064062 0.033203
2 0.313281 0.024414 0.064062 0.033203
2 0.853125 0.022461 0.059375 0.033203
2 0.794531 0.018555 0.060937 0.033203
2 0.252344 0.017578 0.064062 0.035156
2 0.193750 0.017578 0.062500 0.035156
2 0.735156 0.015625 0.060937 0.031250
2 0.133594 0.014648 0.067187 0.029297
2 0.074219 0.014648 0.064062 0.029297
2 0.942187 0.883789 0.059375 0.041016
2 0.882031 0.878906 0.060937 0.039062
2 0.823438 0.878906 0.059375 0.039062
2 0.761719 0.875000 0.060937 0.035156
2 0.702344 0.868164 0.060937 0.037109
2 0.641406 0.865234 0.060937 0.039062
0 0.580469 0.862305 0.060937 0.041016
2 0.520312 0.858398 0.059375 0.037109
2 0.457813 0.857422 0.062500 0.039062
2 0.397656 0.852539 0.060937 0.041016
2 0.336719 0.845703 0.057813 0.039062
2 0.941406 0.844727 0.060937 0.037109
2 0.428906 0.983398 0.057813 0.033203
2 0.881250 0.842773 0.059375 0.033203
2 0.276562 0.841797 0.062500 0.039062
2 0.823438 0.839844 0.059375 0.035156
2 0.761719 0.838867 0.060937 0.037109
2 0.216406 0.834961 0.057813 0.037109
2 0.157031 0.832031 0.060937 0.035156
2 0.703125 0.833008 0.059375 0.037109
0 0.642969 0.828125 0.060937 0.035156
2 0.096875 0.827148 0.062500 0.037109
2 0.037500 0.826172 0.062500 0.035156
0 0.582031 0.825195 0.060937 0.033203
2 0.367969 0.979492 0.057813 0.037109
2 0.520312 0.822266 0.059375 0.039062
2 0.460938 0.819336 0.062500 0.037109
2 0.399219 0.814453 0.060937 0.035156
2 0.339062 0.812500 0.059375 0.035156
2 0.939844 0.811523 0.060937 0.037109
2 0.879687 0.808594 0.059375 0.035156
0 0.278906 0.805664 0.060937 0.033203
2 0.822656 0.804688 0.057813 0.035156
2 0.761719 0.802734 0.060937 0.035156
2 0.219531 0.801758 0.064062 0.033203
2 0.160938 0.797852 0.059375 0.037109
2 0.701562 0.797852 0.059375 0.033203
0 0.641406 0.793945 0.060937 0.033203
0 0.100781 0.791016 0.064062 0.035156
2 0.042188 0.791016 0.062500 0.035156
2 0.581250 0.790039 0.059375 0.033203
0 0.521875 0.787109 0.059375 0.031250
2 0.310156 0.979492 0.057813 0.037109
2 0.460938 0.784180 0.059375 0.033203
2 0.401562 0.779297 0.059375 0.035156
1 0.341406 0.777344 0.060937 0.035156
2 0.281250 0.773438 0.062500 0.031250
1 0.223438 0.767578 0.059375 0.031250
2 0.104688 0.757812 0.059375 0.031250
2 0.163281 0.764648 0.060937 0.029297
0 0.044531 0.755859 0.057813 0.035156
2 0.250000 0.973633 0.059375 0.037109
2 0.192188 0.967773 0.059375 0.037109
2 0.928125 0.677734 0.059375 0.035156
2 0.868750 0.676758 0.059375 0.033203
2 0.807813 0.671875 0.059375 0.035156
2 0.747656 0.669922 0.060937 0.039062
2 0.687500 0.666016 0.059375 0.039062
2 0.625781 0.661133 0.060937 0.037109
2 0.565625 0.656250 0.059375 0.039062
2 0.504687 0.653320 0.062500 0.041016
2 0.442969 0.648438 0.060937 0.039062
2 0.382031 0.645508 0.060937 0.037109
2 0.926562 0.643555 0.059375 0.033203
2 0.866406 0.642578 0.060937 0.035156
2 0.321875 0.641602 0.059375 0.037109
2 0.260937 0.637695 0.062500 0.037109
2 0.807813 0.636719 0.059375 0.035156
2 0.748437 0.632812 0.059375 0.035156
2 0.202344 0.632812 0.057813 0.039062
2 0.141406 0.629883 0.060937 0.037109
1 0.132031 0.960938 0.057813 0.039062
2 0.688281 0.627930 0.060937 0.033203
2 0.080469 0.624023 0.057813 0.041016
2 0.627344 0.625977 0.060937 0.033203
0 0.603125 0.384766 0.059375 0.035156
2 0.061719 0.384766 0.060937 0.035156
0 0.541406 0.379883 0.060937 0.037109
2 0.482812 0.376953 0.059375 0.035156
2 0.422656 0.375000 0.060937 0.035156
2 0.361719 0.371094 0.060937 0.031250
0 0.302344 0.367188 0.060937 0.035156
2 0.241406 0.362305 0.057813 0.033203
2 0.184375 0.359375 0.059375 0.031250
1 0.125000 0.355469 0.059375 0.035156
0 0.066406 0.351562 0.060937 0.031250
2 0.939844 0.270508 0.060937 0.033203
2 0.880469 0.266602 0.057813 0.033203
2 0.821094 0.261719 0.060937 0.031250
2 0.760156 0.255859 0.060937 0.031250
2 0.700000 0.253906 0.059375 0.035156
2 0.639844 0.251953 0.060937 0.035156
2 0.578906 0.248047 0.060937 0.035156
2 0.518750 0.243164 0.059375 0.037109
2 0.458594 0.239258 0.060937 0.033203
2 0.938281 0.238281 0.060937 0.031250
2 0.397656 0.236328 0.060937 0.035156
2 0.880469 0.235352 0.060937 0.029297
2 0.819531 0.230469 0.060937 0.031250
2 0.336719 0.230469 0.060937 0.031250
2 0.275000 0.228516 0.059375 0.031250
2 0.759375 0.225586 0.059375 0.029297
2 0.216406 0.222656 0.060937 0.035156
2 0.700000 0.223633 0.059375 0.029297
2 0.153906 0.221680 0.065625 0.033203
2 0.095312 0.219727 0.059375 0.033203
2 0.639844 0.218750 0.060937 0.031250
2 0.578906 0.213867 0.060937 0.033203
2 0.035937 0.212891 0.062500 0.035156
0 0.935156 0.209961 0.060937 0.033203
0 0.520312 0.208984 0.059375 0.031250
2 0.459375 0.207031 0.062500 0.031250
2 0.877344 0.205078 0.060937 0.031250
2 0.398438 0.203125 0.062500 0.031250
2 0.817187 0.200195 0.059375 0.033203
2 0.336719 0.200195 0.060937 0.029297
2 0.278906 0.197266 0.060937 0.031250
2 0.758594 0.195312 0.057813 0.031250
2 0.217969 0.193359 0.060937 0.027344
2 0.700000 0.193359 0.059375 0.031250
2 0.159375 0.191406 0.062500 0.031250
2 0.100781 0.187500 0.057813 0.031250
2 0.639844 0.185547 0.060937 0.031250
2 0.042969 0.183594 0.060937 0.031250
2 0.578906 0.181641 0.060937 0.031250
0 0.520312 0.178711 0.059375 0.029297
2 0.460938 0.175781 0.059375 0.031250
2 0.401562 0.173828 0.062500 0.027344
2 0.341406 0.168945 0.060937 0.029297
0 0.282031 0.165039 0.060937 0.029297
0 0.222656 0.164062 0.060937 0.031250
2 0.164844 0.163086 0.064062 0.033203
2 0.104688 0.158203 0.059375 0.031250
1 0.046094 0.153320 0.064062 0.031250
2 0.971094 0.064453 0.057813 0.031250
2 0.914844 0.061523 0.060937 0.033203
2 0.855469 0.056641 0.060937 0.035156
2 0.794531 0.052734 0.060937 0.035156
2 0.733594 0.049805 0.060937 0.033203
2 0.675000 0.043945 0.059375 0.037109
