2 0.176563 0.451172 0.028125 0.074219
2 0.175781 0.526367 0.029687 0.076172
2 0.173437 0.598633 0.028125 0.072266
2 0.725000 0.050781 0.028125 0.074219
2 0.535156 0.082031 0.026562 0.074219
2 0.532813 0.157227 0.028125 0.076172
2 0.504687 0.232422 0.028125 0.074219
2 0.503125 0.306641 0.028125 0.074219
2 0.496875 0.530273 0.028125 0.072266
2 0.501563 0.381836 0.028125 0.076172
2 0.497656 0.457031 0.026562 0.074219
2 0.532031 0.232422 0.026562 0.074219
2 0.510938 0.023438 0.028125 0.046875
2 0.507812 0.082031 0.028125 0.074219
2 0.507812 0.157227 0.028125 0.076172
2 0.529687 0.307617 0.028125 0.076172
2 0.522656 0.534180 0.026562 0.072266
2 0.526563 0.384766 0.028125 0.074219
2 0.524219 0.458984 0.026562 0.074219
0 0.723437 0.125000 0.028125 0.074219
2 0.557813 0.231445 0.028125 0.076172
2 0.537500 0.022461 0.028125 0.044922
0 0.666406 0.201172 0.029687 0.074219
2 0.556250 0.307617 0.028125 0.076172
2 0.550781 0.534180 0.029687 0.076172
2 0.553125 0.383789 0.028125 0.076172
2 0.550781 0.459961 0.026562 0.076172
1 0.662500 0.277344 0.028125 0.074219
2 0.564844 0.021484 0.026562 0.042969
2 0.561719 0.082031 0.026562 0.074219
2 0.560156 0.155273 0.026562 0.076172
2 0.661719 0.350586 0.029687 0.076172
2 0.654687 0.575195 0.028125 0.072266
2 0.660156 0.426758 0.029687 0.076172
2 0.657031 0.500977 0.029687 0.076172
2 0.721875 0.200195 0.028125 0.076172
2 0.668750 0.050781 0.028125 0.074219
2 0.667969 0.126953 0.029687 0.074219
0 0.689844 0.275391 0.029687 0.074219
2 0.689844 0.352539 0.029687 0.076172
2 0.682813 0.579102 0.028125 0.072266
2 0.687500 0.427734 0.028125 0.074219
2 0.684375 0.501953 0.028125 0.074219
2 0.720313 0.274414 0.028125 0.076172
2 0.696875 0.049805 0.028125 0.076172
2 0.696094 0.125977 0.026562 0.076172
2 0.694531 0.199219 0.029687 0.074219
2 0.716406 0.352539 0.029687 0.076172
2 0.711719 0.580078 0.029687 0.074219
2 0.714063 0.429688 0.028125 0.074219
2 0.712500 0.505859 0.028125 0.074219
2 0.205469 0.302734 0.029687 0.074219
1 0.178125 0.301758 0.025000 0.076172
2 0.178125 0.375977 0.028125 0.076172
2 0.203906 0.375977 0.026562 0.076172
2 0.185938 0.079102 0.028125 0.076172
2 0.183594 0.153320 0.026562 0.076172
2 0.181250 0.229492 0.025000 0.072266
2 0.200781 0.452148 0.026562 0.072266
0 0.189062 0.020508 0.025000 0.041016
2 0.200000 0.526367 0.025000 0.076172
2 0.200000 0.599609 0.025000 0.074219
2 0.394531 0.039062 0.026562 0.074219
2 0.391406 0.190430 0.026562 0.076172
2 0.394531 0.115234 0.026562 0.074219
2 0.204687 0.228516 0.025000 0.074219
2 0.389844 0.264648 0.026562 0.076172
2 0.210156 0.077148 0.026562 0.076172
2 0.226562 0.376953 0.028125 0.074219
0 0.206250 0.153320 0.025000 0.076172
2 0.225781 0.453125 0.029687 0.074219
2 0.214062 0.019531 0.025000 0.039062
2 0.224219 0.527344 0.026562 0.078125
2 0.223438 0.603516 0.028125 0.074219
2 0.232813 0.151367 0.028125 0.076172
2 0.230469 0.225586 0.029687 0.076172
2 0.229687 0.302734 0.028125 0.078125
2 0.235937 0.076172 0.031250 0.074219
2 0.236719 0.019531 0.026562 0.039062
2 0.388281 0.341797 0.026562 0.074219
2 0.367969 0.115234 0.026562 0.074219
2 0.336719 0.339844 0.026562 0.074219
2 0.385937 0.416992 0.025000 0.076172
2 0.369531 0.041992 0.026562 0.076172
2 0.384375 0.493164 0.025000 0.076172
0 0.382812 0.568359 0.025000 0.074219
2 0.335938 0.416016 0.028125 0.074219
2 0.332813 0.490234 0.028125 0.074219
2 0.332031 0.564453 0.026562 0.070312
2 0.340625 0.191406 0.028125 0.074219
2 0.365625 0.190430 0.028125 0.076172
2 0.360156 0.415039 0.026562 0.076172
2 0.338281 0.264648 0.026562 0.076172
2 0.358594 0.491211 0.026562 0.076172
2 0.342969 0.115234 0.026562 0.074219
2 0.357031 0.565430 0.026562 0.072266
2 0.344531 0.041992 0.026562 0.076172
2 0.363281 0.339844 0.026562 0.074219
2 0.363281 0.264648 0.026562 0.076172
