2 0.104688 0.249023 0.062500 0.033203
2 0.291406 0.201172 0.060937 0.031250
2 0.483594 0.828125 0.064062 0.039062
2 0.385937 0.036133 0.062500 0.029297
2 0.157812 0.454102 0.065625 0.037109
2 0.359375 0.852539 0.059375 0.041016
2 0.059375 0.183594 0.062500 0.031250
2 0.769531 0.442383 0.060937 0.033203
2 0.355469 0.890625 0.064062 0.035156
3 0.894531 0.280273 0.060937 0.033203
3 0.906250 0.862305 0.059375 0.037109
2 0.748437 0.092773 0.062500 0.029297
2 0.284375 0.403320 0.062500 0.033203
2 0.237500 0.839844 0.059375 0.039062
2 0.419531 0.858398 0.060937 0.037109
2 0.527344 0.248047 0.060937 0.031250
2 0.601562 0.909180 0.062500 0.041016
0 0.591406 0.250977 0.060937 0.033203
2 0.277344 0.466797 0.067187 0.035156
2 0.339062 0.469727 0.062500 0.037109
1 0.532031 0.214844 0.060937 0.031250
1 0.953906 0.284180 0.060937 0.033203
2 0.651563 0.256836 0.062500 0.033203
2 0.786719 0.854492 0.060937 0.037109
2 0.567187 0.016602 0.059375 0.029297
2 0.725781 0.849609 0.060937 0.039062
2 0.506250 0.013672 0.062500 0.027344
3 0.966406 0.905273 0.060937 0.041016
2 0.771875 0.239258 0.059375 0.033203
2 0.725781 0.919922 0.060937 0.035156
0 0.033594 0.014648 0.054688 0.029297
2 0.169531 0.223633 0.060937 0.033203
2 0.415625 0.894531 0.062500 0.039062
2 0.060937 0.822266 0.059375 0.039062
3 0.869531 0.041016 0.060937 0.031250
2 0.585156 0.456055 0.064062 0.029297
2 0.178125 0.833008 0.059375 0.037109
2 0.287500 0.230469 0.062500 0.031250
2 0.400781 0.440430 0.064062 0.029297
2 0.105469 0.415039 0.060937 0.029297
2 0.540625 0.906250 0.062500 0.039062
2 0.601562 0.874023 0.062500 0.033203
2 0.725781 0.884766 0.060937 0.035156
2 0.648438 0.428711 0.062500 0.037109
2 0.869531 0.102539 0.060937 0.029297
2 0.930469 0.107422 0.060937 0.027344
3 0.967969 0.867188 0.064062 0.035156
2 0.481250 0.858398 0.062500 0.033203
2 0.217188 0.460938 0.062500 0.035156
2 0.050000 0.246094 0.062500 0.031250
2 0.834375 0.247070 0.065625 0.033203
3 0.906250 0.898438 0.059375 0.035156
2 0.894531 0.249023 0.057813 0.029297
3 0.967969 0.942383 0.060937 0.033203
2 0.713281 0.233398 0.060937 0.033203
2 0.400000 0.474609 0.062500 0.035156
2 0.650000 0.292969 0.062500 0.035156
2 0.173437 0.868164 0.062500 0.033203
2 0.687500 0.087891 0.059375 0.031250
2 0.410156 0.207031 0.060937 0.031250
2 0.171875 0.193359 0.059375 0.031250
2 0.038281 0.447266 0.064062 0.035156
3 0.951562 0.456055 0.059375 0.033203
2 0.478125 0.897461 0.062500 0.041016
2 0.114062 0.864258 0.059375 0.033203
2 0.117188 0.189453 0.062500 0.031250
2 0.225000 0.396484 0.059375 0.031250
2 0.350000 0.206055 0.062500 0.033203
2 0.420312 0.822266 0.062500 0.039062
2 0.847656 0.896484 0.060937 0.035156
2 0.847656 0.933594 0.060937 0.039062
2 0.663281 0.916992 0.060937 0.037109
2 0.808594 0.099609 0.060937 0.031250
2 0.461719 0.480469 0.064062 0.035156
2 0.772656 0.299805 0.060937 0.037109
3 0.907813 0.936523 0.059375 0.041016
2 0.652344 0.226562 0.064062 0.031250
2 0.847656 0.858398 0.060937 0.044922
2 0.225000 0.259766 0.062500 0.031250
2 0.831250 0.480469 0.062500 0.035156
2 0.770312 0.508789 0.062500 0.033203
2 0.324219 0.033203 0.060937 0.027344
2 0.448437 0.012695 0.059375 0.025391
2 0.207031 0.025391 0.060937 0.027344
2 0.463281 0.448242 0.064062 0.029297
1 0.110156 0.386719 0.064062 0.027344
2 0.265625 0.030273 0.059375 0.025391
0 0.808594 0.036133 0.060937 0.037109
2 0.343750 0.407227 0.059375 0.037109
2 0.164844 0.255859 0.064062 0.031250
2 0.285938 0.264648 0.062500 0.033203
3 0.955469 0.319336 0.057813 0.033203
2 0.712500 0.296875 0.062500 0.031250
2 0.102344 0.448242 0.064062 0.037109
2 0.444531 0.039062 0.060937 0.027344
2 0.280469 0.433594 0.064062 0.031250
2 0.586719 0.425781 0.064062 0.031250
2 0.664062 0.880859 0.062500 0.035156
0 0.050781 0.384766 0.060937 0.031250
2 0.689063 0.027344 0.059375 0.027344
2 0.347656 0.236328 0.064062 0.031250
2 0.045312 0.414062 0.062500 0.031250
0 0.467187 0.241211 0.062500 0.029297
2 0.163281 0.420898 0.064062 0.029297
2 0.833594 0.309570 0.060937 0.029297
2 0.708594 0.434570 0.060937 0.029297
3 0.929688 0.046875 0.059375 0.031250
0 0.469531 0.212891 0.064062 0.031250
2 0.464844 0.416992 0.060937 0.037109
2 0.466406 0.275391 0.064062 0.035156
2 0.056250 0.857422 0.059375 0.035156
2 0.028906 0.043945 0.054688 0.029297
2 0.892188 0.454102 0.059375 0.037109
2 0.342187 0.437500 0.062500 0.027344
2 0.084375 0.049805 0.059375 0.029297
2 0.585156 0.487305 0.064062 0.033203
2 0.525781 0.280273 0.064062 0.033203
0 0.403906 0.407227 0.064062 0.037109
2 0.592187 0.219727 0.062500 0.029297
2 0.525000 0.419922 0.062500 0.031250
2 0.786719 0.892578 0.060937 0.039062
2 0.146875 0.020508 0.059375 0.029297
2 0.769531 0.474609 0.060937 0.031250
2 0.166406 0.395508 0.060937 0.029297
2 0.227344 0.226562 0.060937 0.031250
2 0.628125 0.022461 0.062500 0.033203
2 0.522656 0.483398 0.060937 0.033203
2 0.748437 0.033203 0.059375 0.035156
2 0.627344 0.051758 0.060937 0.029297
2 0.052344 0.215820 0.060937 0.033203
3 0.895312 0.314453 0.062500 0.031250
2 0.646875 0.461914 0.062500 0.033203
2 0.709375 0.464844 0.059375 0.031250
2 0.120313 0.830078 0.062500 0.039062
2 0.564844 0.048828 0.060937 0.031250
2 0.785937 0.928711 0.062500 0.041016
2 0.142187 0.050781 0.059375 0.027344
3 0.953125 0.491211 0.062500 0.037109
2 0.773438 0.267578 0.062500 0.031250
0 0.408594 0.239258 0.064062 0.033203
2 0.234375 0.875977 0.059375 0.037109
2 0.295312 0.882812 0.062500 0.031250
0 0.404687 0.271484 0.062500 0.035156
2 0.707812 0.500000 0.062500 0.035156
3 0.892188 0.518555 0.059375 0.037109
2 0.112500 0.218750 0.059375 0.031250
2 0.343750 0.267578 0.065625 0.031250
2 0.543750 0.833008 0.062500 0.037109
2 0.525781 0.451172 0.064062 0.031250
2 0.505469 0.042969 0.060937 0.031250
2 0.646094 0.497070 0.060937 0.033203
2 0.089063 0.018555 0.059375 0.033203
2 0.832812 0.277344 0.059375 0.031250
2 0.711719 0.264648 0.060937 0.029297
2 0.297656 0.847656 0.060937 0.039062
1 0.953125 0.253906 0.059375 0.031250
2 0.589063 0.286133 0.062500 0.033203
3 0.891406 0.486328 0.060937 0.042969
2 0.541406 0.870117 0.060937 0.033203
2 0.831250 0.516602 0.062500 0.033203
2 0.603125 0.837891 0.059375 0.039062
2 0.829688 0.444336 0.062500 0.037109
1 0.663281 0.843750 0.060937 0.042969
2 0.221094 0.427734 0.064062 0.031250
2 0.231250 0.195312 0.062500 0.031250
2 0.503125 0.661133 0.062500 0.037109
3 0.870313 0.074219 0.059375 0.031250
2 0.442969 0.618164 0.060937 0.037109
2 0.807813 0.683594 0.062500 0.035156
2 0.563281 0.664062 0.060937 0.035156
2 0.319531 0.646484 0.057813 0.035156
1 0.383594 0.614258 0.060937 0.037109
2 0.141406 0.626953 0.057813 0.035156
2 0.086719 0.589844 0.057813 0.035156
2 0.068750 0.786133 0.056250 0.037109
2 0.379688 0.648438 0.062500 0.039062
3 0.929688 0.078125 0.059375 0.031250
2 0.125000 0.791992 0.059375 0.037109
2 0.560156 0.701172 0.060937 0.039062
2 0.746094 0.715820 0.060937 0.037109
2 0.262500 0.056641 0.059375 0.027344
2 0.144531 0.594727 0.057813 0.037109
2 0.322656 0.060547 0.060937 0.027344
2 0.322656 0.610352 0.060937 0.037109
2 0.081250 0.622070 0.059375 0.033203
2 0.441406 0.655273 0.060937 0.037109
2 0.242188 0.801758 0.059375 0.037109
2 0.184375 0.795898 0.059375 0.037109
2 0.253906 0.673828 0.060937 0.035156
3 0.868750 0.656250 0.062500 0.031250
0 0.625000 0.668945 0.062500 0.037109
2 0.376563 0.682617 0.059375 0.037109
2 0.500781 0.697266 0.060937 0.039062
2 0.196094 0.667969 0.057813 0.035156
0 0.625781 0.634766 0.060937 0.035156
3 0.929688 0.661133 0.059375 0.033203
2 0.316406 0.678711 0.060937 0.041016
2 0.687500 0.675781 0.059375 0.039062
2 0.437500 0.689453 0.062500 0.035156
2 0.621875 0.706055 0.062500 0.037109
1 0.301563 0.811523 0.059375 0.037109
2 0.203906 0.600586 0.060937 0.037109
2 0.687500 0.057617 0.059375 0.033203
2 0.747656 0.646484 0.060937 0.035156
2 0.808594 0.649414 0.060937 0.033203
2 0.564844 0.628906 0.060937 0.039062
2 0.076563 0.656250 0.059375 0.035156
2 0.685937 0.637695 0.059375 0.033203
2 0.625000 0.083008 0.059375 0.033203
2 0.263281 0.603516 0.060937 0.031250
2 0.442188 0.068359 0.059375 0.031250
2 0.361719 0.814453 0.060937 0.039062
2 0.202344 0.053711 0.060937 0.029297
2 0.749219 0.064453 0.060937 0.031250
3 0.869531 0.727539 0.060937 0.041016
2 0.134375 0.661133 0.059375 0.041016
2 0.503125 0.073242 0.059375 0.029297
3 0.929688 0.729492 0.059375 0.033203
1 0.953125 0.526367 0.062500 0.033203
2 0.381250 0.065430 0.062500 0.029297
2 0.200781 0.632812 0.060937 0.035156
2 0.747656 0.677734 0.060937 0.035156
2 0.564844 0.079102 0.060937 0.029297
2 0.685937 0.709961 0.062500 0.037109
0 0.258594 0.638672 0.060937 0.039062
0 0.504687 0.625000 0.059375 0.039062
3 0.807813 0.720703 0.062500 0.035156
3 0.868750 0.689453 0.062500 0.031250
0 0.809375 0.070312 0.059375 0.031250
3 0.929688 0.693359 0.059375 0.035156
