2 0.173437 0.326172 0.059375 0.035156
2 0.233594 0.330078 0.060937 0.035156
2 0.295312 0.333984 0.059375 0.035156
2 0.355469 0.335938 0.060937 0.035156
2 0.415625 0.339844 0.059375 0.035156
2 0.055469 0.353516 0.057813 0.031250
2 0.114844 0.357422 0.057813 0.031250
2 0.173437 0.359375 0.059375 0.031250
2 0.234375 0.366211 0.059375 0.029297
2 0.295312 0.367188 0.059375 0.035156
2 0.355469 0.371094 0.060937 0.035156
2 0.414844 0.374023 0.057813 0.033203
2 0.057031 0.385742 0.057813 0.033203
2 0.116406 0.388672 0.057813 0.035156
1 0.175000 0.393555 0.059375 0.033203
2 0.235156 0.395508 0.057813 0.029297
2 0.295312 0.399414 0.059375 0.029297
2 0.354687 0.404297 0.059375 0.035156
2 0.415625 0.408203 0.059375 0.035156
2 0.034375 0.523438 0.059375 0.039062
2 0.095312 0.524414 0.059375 0.037109
2 0.155469 0.528320 0.057813 0.037109
2 0.214844 0.530273 0.060937 0.033203
2 0.275000 0.535156 0.059375 0.035156
2 0.338281 0.539062 0.060937 0.035156
2 0.397656 0.542969 0.060937 0.035156
2 0.459375 0.546875 0.062500 0.035156
2 0.521094 0.550781 0.060937 0.031250
2 0.582031 0.552734 0.060937 0.031250
2 0.036719 0.554688 0.057813 0.031250
2 0.642969 0.558594 0.060937 0.031250
2 0.096875 0.558594 0.059375 0.031250
2 0.703125 0.559570 0.059375 0.029297
2 0.156250 0.560547 0.059375 0.027344
0 0.216406 0.562500 0.060937 0.035156
2 0.764844 0.563477 0.057813 0.029297
2 0.277344 0.568359 0.060937 0.031250
2 0.338281 0.571289 0.060937 0.029297
2 0.396875 0.572266 0.059375 0.031250
2 0.458594 0.578125 0.060937 0.031250
0 0.519531 0.582031 0.060937 0.031250
2 0.039062 0.583984 0.059375 0.031250
2 0.580469 0.585938 0.060937 0.031250
1 0.098437 0.588867 0.059375 0.033203
2 0.640625 0.589844 0.059375 0.031250
2 0.157812 0.593750 0.059375 0.031250
2 0.701562 0.593750 0.059375 0.031250
2 0.760938 0.595703 0.059375 0.031250
2 0.216406 0.596680 0.057813 0.033203
2 0.276562 0.600586 0.059375 0.033203
2 0.338281 0.605469 0.060937 0.035156
2 0.397656 0.605469 0.060937 0.035156
2 0.457813 0.610352 0.059375 0.033203
2 0.517969 0.614258 0.060937 0.033203
0 0.576562 0.618164 0.059375 0.033203
2 0.639062 0.623047 0.059375 0.031250
0 0.697656 0.625977 0.057813 0.033203
4 0.757031 0.630859 0.057813 0.035156
2 0.024219 0.726562 0.048438 0.035156
2 0.077344 0.729492 0.057813 0.033203
2 0.135156 0.732422 0.057813 0.031250
2 0.197656 0.733398 0.060937 0.029297
2 0.258594 0.739258 0.060937 0.033203
2 0.317188 0.742188 0.059375 0.031250
2 0.377344 0.746094 0.060937 0.031250
0 0.915625 0.981445 0.065625 0.037109
2 0.972656 0.982422 0.054688 0.035156
2 0.436719 0.984375 0.060937 0.031250
0 0.025781 0.985352 0.051562 0.029297
2 0.053125 0.319336 0.059375 0.037109
2 0.112500 0.323242 0.059375 0.037109
2 0.439844 0.750977 0.060937 0.033203
2 0.500000 0.756836 0.062500 0.033203
2 0.024219 0.757812 0.048438 0.027344
2 0.079687 0.758789 0.056250 0.029297
2 0.560937 0.760742 0.059375 0.033203
2 0.138281 0.759766 0.057813 0.027344
2 0.622656 0.762695 0.060937 0.033203
2 0.198437 0.764648 0.059375 0.029297
2 0.682031 0.765625 0.060937 0.035156
2 0.257812 0.768555 0.059375 0.029297
2 0.742188 0.771484 0.059375 0.039062
2 0.802344 0.772461 0.060937 0.033203
2 0.317969 0.773438 0.057813 0.031250
2 0.864062 0.777344 0.062500 0.035156
2 0.378906 0.776367 0.060937 0.029297
2 0.922656 0.780273 0.060937 0.033203
2 0.439063 0.781250 0.059375 0.027344
2 0.025000 0.785156 0.050000 0.027344
0 0.498437 0.786133 0.059375 0.029297
0 0.081250 0.789062 0.059375 0.031250
2 0.559375 0.791016 0.059375 0.027344
2 0.139063 0.791992 0.056250 0.033203
2 0.619531 0.793945 0.060937 0.029297
2 0.200000 0.796875 0.059375 0.031250
2 0.679688 0.798828 0.062500 0.031250
2 0.259375 0.799805 0.059375 0.029297
2 0.739062 0.801758 0.059375 0.029297
2 0.317969 0.803711 0.057813 0.029297
2 0.800000 0.804688 0.062500 0.031250
2 0.858594 0.807617 0.060937 0.029297
1 0.378125 0.806641 0.059375 0.031250
2 0.917188 0.809570 0.059375 0.029297
0 0.439063 0.810547 0.059375 0.031250
2 0.973437 0.812500 0.053125 0.031250
0 0.498437 0.817383 0.059375 0.029297
2 0.557813 0.819336 0.059375 0.029297
2 0.617188 0.823242 0.059375 0.029297
0 0.678125 0.827148 0.059375 0.029297
2 0.738281 0.830078 0.060937 0.031250
0 0.796875 0.833008 0.059375 0.029297
2 0.853906 0.834961 0.057813 0.029297
2 0.912500 0.838867 0.059375 0.029297
2 0.971094 0.839844 0.057813 0.027344
2 0.024219 0.922852 0.048438 0.033203
0 0.079687 0.927734 0.062500 0.035156
2 0.139063 0.929688 0.059375 0.031250
2 0.197656 0.937500 0.057813 0.031250
2 0.256250 0.939453 0.059375 0.031250
2 0.317969 0.943359 0.060937 0.031250
2 0.378125 0.950195 0.059375 0.037109
2 0.438281 0.951172 0.060937 0.035156
2 0.498437 0.956055 0.062500 0.037109
0 0.025000 0.956055 0.050000 0.029297
2 0.560156 0.959961 0.064062 0.041016
0 0.080469 0.960938 0.060937 0.027344
2 0.139063 0.962891 0.059375 0.031250
2 0.618750 0.965820 0.062500 0.037109
2 0.199219 0.967773 0.057813 0.029297
2 0.677344 0.969727 0.064062 0.037109
2 0.258594 0.969727 0.060937 0.029297
2 0.739844 0.973633 0.064062 0.037109
2 0.317188 0.975586 0.059375 0.029297
2 0.797656 0.976562 0.064062 0.039062
2 0.857812 0.978516 0.065625 0.039062
2 0.378125 0.980469 0.059375 0.031250
