2 0.784375 0.765625 0.059375 0.035156
2 0.166406 0.251953 0.054688 0.035156
2 0.624219 0.079102 0.057813 0.033203
2 0.724219 0.760742 0.060937 0.037109
2 0.420312 0.740234 0.059375 0.035156
2 0.700000 0.316406 0.059375 0.031250
2 0.640625 0.281250 0.059375 0.035156
1 0.460938 0.269531 0.056250 0.031250
2 0.324219 0.092773 0.057813 0.029297
0 0.339062 0.293945 0.056250 0.033203
2 0.582031 0.923828 0.057813 0.035156
2 0.907031 0.773438 0.060937 0.035156
2 0.603906 0.717773 0.060937 0.033203
2 0.132031 0.449219 0.054688 0.035156
2 0.860938 0.094727 0.059375 0.037109
2 0.382812 0.094727 0.059375 0.033203
2 0.903906 0.738281 0.060937 0.035156
2 0.825000 0.903320 0.059375 0.037109
0 0.401562 0.265625 0.056250 0.031250
2 0.641406 0.962891 0.060937 0.035156
2 0.575781 0.339844 0.057813 0.035156
0 0.282813 0.260742 0.056250 0.033203
2 0.237500 0.726562 0.059375 0.035156
2 0.664062 0.723633 0.059375 0.033203
2 0.092969 0.081055 0.054688 0.029297
2 0.035937 0.082031 0.053125 0.031250
2 0.086719 0.115234 0.054688 0.035156
2 0.946094 0.982422 0.060937 0.035156
2 0.109375 0.250977 0.053125 0.033203
2 0.742969 0.115234 0.060937 0.031250
2 0.148438 0.086914 0.056250 0.033203
2 0.146094 0.115234 0.060937 0.031250
2 0.946094 0.946289 0.060937 0.037109
2 0.395313 0.330078 0.059375 0.035156
2 0.207813 0.086914 0.056250 0.029297
2 0.540625 0.747070 0.059375 0.037109
2 0.639062 0.311523 0.059375 0.033203
0 0.878906 0.293945 0.057813 0.033203
2 0.105469 0.281250 0.051562 0.031250
1 0.443750 0.099609 0.056250 0.031250
2 0.070312 0.475586 0.053125 0.033203
2 0.885938 0.905273 0.059375 0.037109
2 0.683594 0.081055 0.060937 0.033203
0 0.818750 0.321289 0.059375 0.033203
2 0.742188 0.084961 0.059375 0.033203
2 0.217188 0.318359 0.056250 0.035156
2 0.623437 0.107422 0.059375 0.031250
2 0.341406 0.262695 0.057813 0.029297
2 0.457031 0.332031 0.057813 0.035156
2 0.764844 0.972656 0.060937 0.035156
2 0.100000 0.311523 0.053125 0.033203
2 0.029687 0.111328 0.050000 0.035156
2 0.764844 0.900391 0.060937 0.035156
2 0.426563 0.470703 0.056250 0.035156
2 0.643750 0.890625 0.059375 0.035156
2 0.703125 0.966797 0.059375 0.035156
2 0.266406 0.092773 0.054688 0.033203
0 0.759375 0.285156 0.059375 0.035156
2 0.682813 0.111328 0.059375 0.031250
4 0.583594 0.887695 0.057813 0.037109
0 0.844531 0.736328 0.057813 0.035156
2 0.161719 0.282227 0.054688 0.033203
2 0.221094 0.288086 0.054688 0.033203
2 0.819531 0.289062 0.060937 0.035156
2 0.277344 0.290039 0.054688 0.033203
2 0.578125 0.308594 0.056250 0.031250
2 0.457813 0.298828 0.056250 0.031250
2 0.397656 0.296875 0.057813 0.031250
2 0.662500 0.757812 0.059375 0.039062
2 0.943750 0.910156 0.059375 0.035156
2 0.606250 0.479492 0.059375 0.029297
0 0.075781 0.443359 0.054688 0.031250
1 0.803125 0.088867 0.059375 0.033203
2 0.941406 0.363281 0.060937 0.035156
2 0.704688 0.895508 0.059375 0.037109
2 0.157031 0.315430 0.054688 0.033203
2 0.698438 0.283203 0.059375 0.035156
2 0.825000 0.976562 0.059375 0.035156
2 0.581250 0.959961 0.059375 0.037109
0 0.878906 0.327148 0.057813 0.033203
2 0.879687 0.359375 0.059375 0.035156
2 0.335938 0.325195 0.056250 0.033203
2 0.885156 0.979492 0.060937 0.037109
2 0.845313 0.769531 0.059375 0.035156
2 0.486719 0.472656 0.060937 0.031250
1 0.367969 0.465820 0.057813 0.033203
0 0.820312 0.353516 0.059375 0.035156
2 0.638281 0.343750 0.057813 0.035156
2 0.564063 0.076172 0.059375 0.035156
2 0.602344 0.750977 0.060937 0.033203
0 0.518750 0.303711 0.059375 0.033203
2 0.699219 0.345703 0.060937 0.031250
2 0.763281 0.936523 0.060937 0.037109
2 0.703125 0.932617 0.059375 0.037109
2 0.546875 0.474609 0.059375 0.031250
2 0.760156 0.350586 0.060937 0.033203
2 0.562500 0.106445 0.059375 0.033203
2 0.520312 0.273438 0.059375 0.031250
2 0.939063 0.330078 0.059375 0.031250
2 0.937500 0.296875 0.059375 0.035156
0 0.825000 0.939453 0.059375 0.039062
2 0.642969 0.928711 0.060937 0.037109
1 0.975781 0.101562 0.048438 0.035156
2 0.275000 0.322266 0.056250 0.035156
2 0.307812 0.463867 0.056250 0.033203
2 0.885938 0.942383 0.059375 0.037109
2 0.922656 0.096680 0.057813 0.033203
2 0.225781 0.255859 0.054688 0.031250
2 0.503125 0.102539 0.062500 0.029297
2 0.249219 0.456055 0.057813 0.033203
2 0.189844 0.453125 0.054688 0.035156
2 0.760156 0.319336 0.060937 0.033203
2 0.785156 0.732422 0.060937 0.035156
2 0.357812 0.736328 0.059375 0.035156
1 0.578906 0.277344 0.057813 0.031250
2 0.517188 0.335938 0.059375 0.035156
2 0.725000 0.727539 0.059375 0.033203
2 0.479687 0.744141 0.059375 0.035156
2 0.964063 0.740234 0.059375 0.035156
2 0.299219 0.731445 0.057813 0.037109
2 0.966406 0.774414 0.060937 0.037109
2 0.385937 0.064453 0.059375 0.031250
2 0.907031 0.498047 0.057813 0.031250
2 0.907031 0.563477 0.057813 0.033203
2 0.504687 0.070312 0.059375 0.035156
2 0.667188 0.516602 0.059375 0.033203
0 0.484375 0.679688 0.056250 0.035156
2 0.727344 0.488281 0.057813 0.031250
2 0.360938 0.532227 0.059375 0.037109
0 0.843750 0.701172 0.059375 0.035156
2 0.328125 0.063477 0.056250 0.033203
2 0.544531 0.542969 0.060937 0.035156
2 0.726562 0.521484 0.059375 0.031250
2 0.785156 0.696289 0.060937 0.037109
2 0.924219 0.157227 0.060937 0.033203
0 0.544531 0.680664 0.060937 0.033203
2 0.203906 0.117188 0.054688 0.031250
0 0.242188 0.521484 0.056250 0.035156
2 0.967187 0.569336 0.056250 0.033203
2 0.305469 0.664062 0.057813 0.031250
2 0.846875 0.527344 0.059375 0.031250
2 0.424219 0.501953 0.057813 0.031250
2 0.545312 0.507812 0.059375 0.031250
0 0.423438 0.671875 0.059375 0.035156
2 0.726562 0.555664 0.059375 0.033203
2 0.128125 0.480469 0.056250 0.031250
0 0.606250 0.512695 0.059375 0.033203
2 0.846875 0.561523 0.059375 0.033203
2 0.665625 0.549805 0.059375 0.033203
2 0.484375 0.506836 0.059375 0.033203
2 0.124219 0.515625 0.054688 0.035156
2 0.441406 0.131836 0.057813 0.033203
0 0.422656 0.704102 0.060937 0.033203
2 0.269531 0.061523 0.057813 0.033203
2 0.381250 0.125000 0.059375 0.035156
2 0.066406 0.509766 0.054688 0.039062
2 0.305469 0.492188 0.057813 0.031250
2 0.864062 0.153320 0.059375 0.033203
2 0.446094 0.065430 0.057813 0.029297
2 0.604688 0.546875 0.059375 0.035156
2 0.682813 0.141602 0.059375 0.033203
2 0.621875 0.138672 0.059375 0.035156
2 0.604688 0.684570 0.059375 0.033203
0 0.665625 0.689453 0.059375 0.039062
2 0.261719 0.120117 0.054688 0.033203
2 0.041406 0.053711 0.051562 0.029297
2 0.483594 0.537109 0.060937 0.035156
2 0.907031 0.532227 0.057813 0.033203
2 0.743750 0.146484 0.059375 0.035156
2 0.360938 0.703125 0.059375 0.035156
2 0.543750 0.712891 0.062500 0.031250
2 0.965625 0.502930 0.056250 0.029297
2 0.186719 0.488281 0.054688 0.035156
0 0.247656 0.660156 0.057813 0.031250
2 0.153906 0.057617 0.057813 0.033203
2 0.301563 0.528320 0.056250 0.037109
2 0.210156 0.057617 0.057813 0.033203
2 0.364063 0.498047 0.059375 0.031250
0 0.904687 0.704102 0.059375 0.033203
2 0.724219 0.693359 0.060937 0.039062
0 0.422656 0.534180 0.057813 0.037109
2 0.787500 0.523438 0.059375 0.031250
2 0.804688 0.150391 0.059375 0.035156
2 0.242188 0.691406 0.059375 0.035156
2 0.301563 0.698242 0.059375 0.033203
2 0.482031 0.709961 0.060937 0.033203
2 0.096875 0.053711 0.053125 0.029297
2 0.321875 0.124023 0.059375 0.033203
1 0.965625 0.704102 0.059375 0.033203
1 0.244531 0.489258 0.057813 0.033203
2 0.846875 0.495117 0.059375 0.033203
2 0.803906 0.118164 0.060937 0.033203
2 0.666406 0.482422 0.057813 0.031250
2 0.923438 0.125977 0.059375 0.033203
2 0.500781 0.135742 0.060937 0.033203
2 0.967187 0.535156 0.056250 0.031250
2 0.785937 0.492188 0.059375 0.031250
2 0.182812 0.521484 0.056250 0.035156
2 0.787500 0.557617 0.059375 0.037109
2 0.864062 0.124023 0.059375 0.033203
2 0.562500 0.136719 0.059375 0.031250
2 0.364844 0.668945 0.057813 0.033203
