2 0.081250 0.115234 0.062500 0.035156
2 0.921875 0.414062 0.059375 0.035156
2 0.874219 0.132812 0.064062 0.035156
0 0.904687 0.014648 0.059375 0.025391
2 0.442969 0.517578 0.060937 0.035156
2 0.264062 0.088867 0.062500 0.037109
3 0.075000 0.323242 0.062500 0.037109
3 0.796094 0.812500 0.064062 0.027344
2 0.200000 0.325195 0.062500 0.037109
2 0.870313 0.168945 0.065625 0.033203
2 0.506250 0.522461 0.062500 0.041016
0 0.446094 0.172852 0.060937 0.037109
2 0.142187 0.083008 0.062500 0.037109
1 0.749219 0.370117 0.060937 0.033203
0 0.508594 0.176758 0.060937 0.037109
1 0.735156 0.807617 0.060937 0.029297
2 0.570312 0.145508 0.062500 0.033203
2 0.566406 0.385742 0.060937 0.037109
3 0.257812 0.505859 0.059375 0.035156
3 0.320312 0.547852 0.062500 0.041016
2 0.628906 0.530273 0.060937 0.037109
4 0.142969 0.155273 0.060937 0.037109
2 0.749219 0.195312 0.060937 0.035156
2 0.383594 0.303711 0.064062 0.037109
3 0.382031 0.511719 0.060937 0.042969
2 0.264062 0.124023 0.062500 0.037109
2 0.634375 0.110352 0.062500 0.037109
2 0.689844 0.534180 0.060937 0.037109
2 0.754687 0.123047 0.062500 0.039062
2 0.509375 0.310547 0.062500 0.035156
2 0.445312 0.341797 0.062500 0.039062
3 0.075781 0.566406 0.060937 0.039062
2 0.928906 0.549805 0.060937 0.041016
3 0.382812 0.338867 0.062500 0.037109
2 0.685937 0.569336 0.059375 0.033203
2 0.510938 0.104492 0.062500 0.037109
2 0.930469 0.342773 0.057813 0.029297
2 0.504687 0.382812 0.062500 0.039062
2 0.868750 0.374023 0.062500 0.033203
2 0.810937 0.335938 0.059375 0.039062
2 0.867969 0.203125 0.060937 0.035156
3 0.381250 0.376953 0.062500 0.039062
2 0.693750 0.120117 0.062500 0.041016
1 0.688281 0.193359 0.060937 0.035156
2 0.198437 0.290039 0.062500 0.037109
2 0.628125 0.182617 0.062500 0.037109
3 0.321094 0.336914 0.060937 0.037109
2 0.692187 0.157227 0.062500 0.037109
2 0.387500 0.095703 0.062500 0.039062
3 0.135937 0.533203 0.062500 0.039062
3 0.319531 0.508789 0.064062 0.037109
2 0.509375 0.141602 0.062500 0.037109
2 0.506250 0.347656 0.062500 0.039062
2 0.751563 0.331055 0.059375 0.041016
2 0.385937 0.168945 0.062500 0.037109
3 0.074219 0.533203 0.064062 0.039062
2 0.928125 0.171875 0.062500 0.035156
2 0.931250 0.138672 0.062500 0.035156
2 0.631250 0.147461 0.062500 0.033203
2 0.448437 0.138672 0.062500 0.031250
3 0.200000 0.362305 0.062500 0.037109
2 0.442188 0.553711 0.062500 0.033203
2 0.807031 0.199219 0.060937 0.035156
3 0.076563 0.286133 0.062500 0.037109
1 0.203125 0.161133 0.059375 0.033203
2 0.260156 0.294922 0.060937 0.039062
2 0.625781 0.389648 0.060937 0.037109
2 0.503125 0.557617 0.062500 0.033203
2 0.626563 0.565430 0.059375 0.033203
0 0.810156 0.374023 0.060937 0.033203
3 0.074219 0.494141 0.064062 0.039062
2 0.325781 0.091797 0.060937 0.039062
2 0.967969 0.818359 0.057813 0.031250
0 0.864062 0.410156 0.059375 0.035156
3 0.196875 0.503906 0.059375 0.035156
2 0.747656 0.570312 0.060937 0.035156
2 0.564063 0.560547 0.062500 0.035156
2 0.869531 0.546875 0.060937 0.039062
3 0.850781 0.815430 0.048438 0.025391
3 0.260156 0.370117 0.060937 0.041016
3 0.137500 0.287109 0.062500 0.039062
3 0.260937 0.332031 0.059375 0.035156
0 0.746094 0.403320 0.060937 0.033203
2 0.080469 0.078125 0.060937 0.039062
2 0.202344 0.122070 0.060937 0.041016
2 0.960938 0.018555 0.059375 0.037109
2 0.628125 0.358398 0.062500 0.033203
2 0.692187 0.326172 0.062500 0.035156
2 0.674219 0.805664 0.060937 0.033203
4 0.081250 0.153320 0.059375 0.037109
3 0.075781 0.363281 0.064062 0.039062
2 0.809375 0.162109 0.062500 0.035156
0 0.689844 0.362305 0.060937 0.033203
2 0.325000 0.128906 0.062500 0.035156
2 0.325781 0.162109 0.060937 0.035156
2 0.804688 0.405273 0.062500 0.033203
0 0.871094 0.338867 0.060937 0.037109
2 0.141406 0.120117 0.060937 0.037109
2 0.566406 0.527344 0.060937 0.039062
2 0.203906 0.083984 0.060937 0.035156
2 0.687500 0.395508 0.059375 0.033203
2 0.446875 0.307617 0.062500 0.037109
2 0.751563 0.161133 0.062500 0.033203
0 0.925781 0.377930 0.060937 0.041016
2 0.749219 0.537109 0.060937 0.035156
2 0.814063 0.127930 0.062500 0.033203
3 0.138281 0.326172 0.060937 0.035156
2 0.444531 0.378906 0.060937 0.039062
2 0.321094 0.297852 0.060937 0.041016
0 0.925000 0.209961 0.062500 0.037109
2 0.572656 0.108398 0.064062 0.037109
3 0.135937 0.497070 0.062500 0.041016
2 0.568750 0.178711 0.062500 0.037109
3 0.319531 0.376953 0.060937 0.042969
3 0.257031 0.544922 0.060937 0.039062
2 0.264062 0.163086 0.062500 0.037109
3 0.907813 0.818359 0.062500 0.035156
2 0.570312 0.317383 0.062500 0.044922
3 0.138281 0.362305 0.060937 0.037109
2 0.567187 0.353516 0.062500 0.035156
2 0.386719 0.132812 0.064062 0.035156
2 0.811719 0.541016 0.060937 0.039062
2 0.448437 0.099609 0.062500 0.039062
3 0.382031 0.550781 0.060937 0.035156
2 0.630469 0.322266 0.064062 0.039062
3 0.196875 0.537109 0.059375 0.035156
3 0.128906 0.770508 0.064062 0.044922
2 0.859375 0.750000 0.059375 0.039062
3 0.616406 0.770508 0.060937 0.033203
3 0.249219 0.750000 0.060937 0.035156
3 0.495312 0.762695 0.062500 0.033203
3 0.067969 0.768555 0.064062 0.041016
3 0.556250 0.767578 0.062500 0.035156
2 0.919531 0.752930 0.057813 0.037109
2 0.433594 0.762695 0.064062 0.029297
3 0.309375 0.755859 0.062500 0.031250
2 0.372656 0.755859 0.060937 0.031250
2 0.680469 0.741211 0.060937 0.033203
2 0.740625 0.744141 0.059375 0.035156
2 0.801562 0.745117 0.059375 0.033203
3 0.558594 0.733398 0.060937 0.037109
3 0.129688 0.735352 0.065625 0.037109
3 0.617969 0.736328 0.060937 0.035156
3 0.614062 0.804688 0.059375 0.035156
3 0.799219 0.780273 0.060937 0.037109
2 0.971875 0.787109 0.056250 0.031250
2 0.739062 0.775391 0.059375 0.035156
2 0.371094 0.789062 0.060937 0.031250
3 0.431250 0.791016 0.062500 0.031250
3 0.493750 0.794922 0.062500 0.031250
3 0.554688 0.804688 0.062500 0.035156
3 0.309375 0.785156 0.062500 0.031250
3 0.914844 0.786133 0.057813 0.033203
3 0.858594 0.782227 0.060937 0.037109
3 0.246875 0.785156 0.062500 0.031250
3 0.067969 0.734375 0.064062 0.035156
2 0.677344 0.771484 0.060937 0.035156
3 0.065625 0.699219 0.062500 0.035156
2 0.496875 0.731445 0.062500 0.033203
3 0.248438 0.716797 0.062500 0.031250
3 0.310937 0.720703 0.062500 0.031250
3 0.373437 0.722656 0.062500 0.039062
2 0.434375 0.728516 0.062500 0.035156
2 0.860938 0.611328 0.059375 0.035156
2 0.918750 0.616211 0.059375 0.033203
2 0.622656 0.598633 0.060937 0.037109
2 0.801562 0.607422 0.059375 0.035156
2 0.561719 0.592773 0.060937 0.037109
2 0.682031 0.601562 0.060937 0.035156
2 0.742969 0.605469 0.060937 0.035156
3 0.380469 0.587891 0.060937 0.035156
3 0.441406 0.588867 0.060937 0.037109
3 0.501563 0.591797 0.059375 0.039062
3 0.136719 0.572266 0.064062 0.039062
2 0.807813 0.573242 0.059375 0.033203
3 0.320312 0.583984 0.062500 0.035156
3 0.196875 0.574219 0.059375 0.039062
2 0.865625 0.580078 0.059375 0.031250
3 0.259375 0.582031 0.062500 0.035156
2 0.923438 0.583984 0.059375 0.031250
