2 0.211719 0.662109 0.060937 0.031250
2 0.151562 0.661133 0.059375 0.033203
2 0.090625 0.659180 0.062500 0.029297
2 0.029687 0.656250 0.059375 0.035156
2 0.957031 0.567383 0.057813 0.033203
0 0.899219 0.563477 0.057813 0.033203
2 0.843750 0.559570 0.059375 0.033203
2 0.782813 0.558594 0.059375 0.035156
2 0.724219 0.554688 0.060937 0.035156
1 0.664844 0.551758 0.060937 0.037109
2 0.825781 0.954102 0.060937 0.033203
2 0.605469 0.547852 0.060937 0.037109
2 0.546094 0.545898 0.060937 0.033203
2 0.485156 0.544922 0.060937 0.031250
0 0.425781 0.539062 0.060937 0.035156
0 0.365625 0.536133 0.062500 0.037109
0 0.303906 0.536133 0.060937 0.037109
1 0.962500 0.533203 0.059375 0.035156
2 0.903125 0.532227 0.059375 0.029297
2 0.768750 0.952148 0.059375 0.029297
2 0.710938 0.952148 0.059375 0.025391
2 0.244531 0.530273 0.060937 0.033203
2 0.847656 0.530273 0.057813 0.029297
2 0.786719 0.527344 0.060937 0.031250
2 0.183594 0.526367 0.060937 0.037109
0 0.122656 0.522461 0.060937 0.037109
2 0.064844 0.523438 0.060937 0.035156
2 0.726562 0.522461 0.062500 0.033203
1 0.666406 0.518555 0.060937 0.033203
2 0.608594 0.515625 0.064062 0.031250
2 0.651563 0.951172 0.059375 0.027344
0 0.486719 0.511719 0.060937 0.035156
0 0.546094 0.510742 0.060937 0.037109
0 0.426563 0.505859 0.062500 0.035156
2 0.364063 0.500977 0.062500 0.033203
2 0.967187 0.500000 0.059375 0.031250
2 0.304688 0.499023 0.062500 0.037109
2 0.907813 0.499023 0.059375 0.037109
1 0.850000 0.497070 0.056250 0.037109
2 0.244531 0.495117 0.060937 0.037109
0 0.789844 0.492188 0.060937 0.035156
2 0.183594 0.491211 0.060937 0.031250
2 0.122656 0.489258 0.060937 0.029297
2 0.730469 0.489258 0.064062 0.037109
0 0.064062 0.487305 0.059375 0.037109
0 0.671094 0.484375 0.060937 0.039062
2 0.610156 0.479492 0.064062 0.041016
2 0.549219 0.476562 0.064062 0.035156
2 0.486719 0.474609 0.064062 0.039062
2 0.591406 0.947266 0.060937 0.031250
2 0.426563 0.471680 0.062500 0.037109
2 0.366406 0.465820 0.060937 0.037109
2 0.304688 0.462891 0.062500 0.035156
2 0.243750 0.458008 0.062500 0.037109
0 0.184375 0.458984 0.062500 0.035156
0 0.122656 0.455078 0.060937 0.039062
2 0.532031 0.944336 0.060937 0.029297
2 0.472656 0.944336 0.060937 0.029297
2 0.062500 0.453125 0.062500 0.039062
2 0.411719 0.940430 0.060937 0.029297
2 0.353906 0.938477 0.060937 0.029297
2 0.935156 0.361328 0.060937 0.035156
2 0.878906 0.359375 0.060937 0.035156
2 0.292969 0.933594 0.060937 0.031250
2 0.818750 0.354492 0.062500 0.033203
2 0.498437 0.134766 0.059375 0.035156
0 0.438281 0.132812 0.060937 0.039062
1 0.378125 0.128906 0.059375 0.039062
2 0.971875 0.126953 0.056250 0.039062
1 0.316406 0.126953 0.060937 0.039062
2 0.914062 0.126953 0.059375 0.035156
2 0.257031 0.122070 0.060937 0.037109
2 0.197656 0.121094 0.060937 0.039062
4 0.857031 0.121094 0.057813 0.039062
0 0.138281 0.120117 0.060937 0.041016
2 0.798438 0.116211 0.059375 0.037109
2 0.079687 0.116211 0.062500 0.037109
2 0.739062 0.110352 0.059375 0.037109
2 0.680469 0.107422 0.060937 0.039062
2 0.619531 0.106445 0.060937 0.033203
2 0.558594 0.104492 0.060937 0.033203
2 0.353125 0.910156 0.059375 0.027344
2 0.498437 0.098633 0.059375 0.037109
2 0.439063 0.096680 0.059375 0.033203
2 0.378906 0.093750 0.060937 0.035156
2 0.971875 0.090820 0.056250 0.037109
1 0.917969 0.088867 0.060937 0.037109
2 0.317188 0.089844 0.062500 0.035156
2 0.257031 0.086914 0.060937 0.037109
2 0.197656 0.083008 0.060937 0.033203
2 0.859375 0.083008 0.059375 0.037109
2 0.136719 0.081055 0.060937 0.037109
0 0.800781 0.079102 0.057813 0.041016
2 0.077344 0.078125 0.060937 0.035156
0 0.740625 0.075195 0.059375 0.041016
2 0.680469 0.071289 0.060937 0.037109
2 0.559375 0.069336 0.059375 0.037109
2 0.619531 0.068359 0.060937 0.039062
2 0.500000 0.061523 0.062500 0.037109
0 0.439063 0.058594 0.059375 0.042969
2 0.379688 0.056641 0.064062 0.039062
2 0.317969 0.053711 0.060937 0.037109
2 0.257031 0.048828 0.060937 0.039062
2 0.196094 0.048828 0.060937 0.035156
2 0.135937 0.044922 0.062500 0.039062
2 0.292969 0.903320 0.060937 0.029297
2 0.077344 0.041992 0.060937 0.037109
2 0.232031 0.902344 0.060937 0.027344
2 0.171875 0.898438 0.059375 0.027344
2 0.832812 0.897461 0.059375 0.029297
2 0.112500 0.895508 0.062500 0.025391
1 0.775781 0.894531 0.060937 0.031250
2 0.716406 0.894531 0.060937 0.031250
2 0.051562 0.892578 0.062500 0.027344
2 0.655469 0.892578 0.060937 0.031250
2 0.595313 0.888672 0.062500 0.031250
2 0.474219 0.886719 0.060937 0.031250
2 0.535156 0.885742 0.060937 0.033203
2 0.414844 0.885742 0.060937 0.029297
2 0.353906 0.881836 0.060937 0.029297
2 0.292969 0.875000 0.060937 0.031250
2 0.231250 0.872070 0.062500 0.033203
2 0.170313 0.871094 0.059375 0.031250
2 0.110937 0.868164 0.062500 0.029297
2 0.050000 0.863281 0.062500 0.031250
2 0.922656 0.757812 0.060937 0.031250
2 0.810156 0.754883 0.060937 0.033203
2 0.869531 0.754883 0.060937 0.033203
2 0.750781 0.753906 0.060937 0.031250
2 0.692969 0.750977 0.060937 0.033203
2 0.632812 0.748047 0.062500 0.035156
2 0.574219 0.745117 0.060937 0.033203
0 0.511719 0.744141 0.060937 0.035156
0 0.452344 0.741211 0.060937 0.033203
0 0.392969 0.739258 0.060937 0.037109
2 0.333594 0.734375 0.057813 0.035156
2 0.272656 0.732422 0.060937 0.031250
2 0.212500 0.728516 0.059375 0.035156
0 0.152344 0.727539 0.060937 0.033203
2 0.928906 0.727539 0.060937 0.033203
2 0.871875 0.724609 0.062500 0.031250
2 0.812500 0.722656 0.062500 0.031250
2 0.753906 0.722656 0.060937 0.031250
2 0.093750 0.722656 0.059375 0.031250
0 0.032813 0.719727 0.062500 0.033203
2 0.696094 0.720703 0.060937 0.031250
2 0.634375 0.714844 0.062500 0.031250
2 0.576562 0.712891 0.062500 0.031250
2 0.514844 0.710938 0.060937 0.035156
1 0.453906 0.708008 0.060937 0.033203
2 0.392969 0.706055 0.060937 0.029297
2 0.333594 0.701172 0.060937 0.035156
2 0.272656 0.698242 0.060937 0.033203
2 0.934375 0.695312 0.056250 0.031250
2 0.875781 0.694336 0.060937 0.029297
2 0.212500 0.694336 0.059375 0.033203
2 0.151562 0.692383 0.059375 0.033203
1 0.817969 0.690430 0.060937 0.033203
2 0.092188 0.689453 0.059375 0.031250
2 0.757031 0.688477 0.060937 0.033203
2 0.032031 0.688477 0.060937 0.029297
2 0.698438 0.685547 0.062500 0.035156
2 0.637500 0.683594 0.062500 0.031250
2 0.577344 0.681641 0.060937 0.035156
2 0.516406 0.676758 0.060937 0.033203
2 0.455469 0.673828 0.060937 0.035156
2 0.393750 0.671875 0.062500 0.035156
2 0.333594 0.667969 0.060937 0.031250
2 0.272656 0.666016 0.060937 0.031250
2 0.760938 0.350586 0.059375 0.037109
2 0.702344 0.348633 0.060937 0.037109
0 0.642188 0.346680 0.059375 0.037109
0 0.582812 0.344727 0.062500 0.041016
2 0.521875 0.340820 0.059375 0.033203
2 0.461719 0.337891 0.060937 0.035156
1 0.399219 0.333008 0.060937 0.037109
1 0.339844 0.330078 0.060937 0.039062
2 0.939063 0.328125 0.059375 0.031250
2 0.881250 0.323242 0.062500 0.033203
2 0.278125 0.323242 0.059375 0.037109
2 0.822656 0.322266 0.060937 0.031250
2 0.219531 0.323242 0.060937 0.037109
2 0.100000 0.319336 0.059375 0.037109
2 0.159375 0.319336 0.059375 0.037109
2 0.232813 0.930664 0.059375 0.029297
2 0.762500 0.315430 0.062500 0.033203
0 0.039844 0.315430 0.060937 0.037109
2 0.703125 0.314453 0.062500 0.035156
2 0.643750 0.310547 0.062500 0.035156
2 0.583594 0.307617 0.060937 0.037109
2 0.522656 0.303711 0.060937 0.037109
2 0.461719 0.300781 0.060937 0.039062
2 0.400781 0.295898 0.060937 0.041016
2 0.340625 0.293945 0.059375 0.041016
0 0.942187 0.294922 0.059375 0.035156
2 0.884375 0.289062 0.062500 0.035156
2 0.279687 0.288086 0.062500 0.033203
2 0.825781 0.287109 0.060937 0.035156
2 0.218750 0.284180 0.059375 0.037109
2 0.159375 0.282227 0.059375 0.037109
2 0.767188 0.282227 0.062500 0.033203
2 0.098437 0.280273 0.059375 0.037109
2 0.706250 0.279297 0.062500 0.035156
2 0.037500 0.279297 0.062500 0.035156
2 0.172656 0.926758 0.060937 0.029297
2 0.646094 0.275391 0.064062 0.039062
2 0.586719 0.268555 0.060937 0.037109
2 0.524219 0.265625 0.060937 0.039062
2 0.462500 0.261719 0.062500 0.035156
2 0.401562 0.257812 0.062500 0.035156
2 0.771094 0.925781 0.060937 0.027344
2 0.829688 0.924805 0.059375 0.025391
2 0.113281 0.924805 0.060937 0.029297
0 0.713281 0.924805 0.060937 0.029297
2 0.339844 0.256836 0.060937 0.033203
2 0.280469 0.252930 0.060937 0.033203
2 0.217188 0.249023 0.062500 0.033203
2 0.157031 0.247070 0.060937 0.033203
2 0.097656 0.245117 0.059375 0.037109
0 0.037500 0.242188 0.062500 0.039062
0 0.653125 0.921875 0.062500 0.031250
2 0.053906 0.918945 0.060937 0.029297
2 0.592969 0.917969 0.060937 0.031250
2 0.971094 0.164062 0.057813 0.035156
2 0.910937 0.160156 0.059375 0.035156
2 0.534375 0.916016 0.059375 0.027344
2 0.474219 0.916016 0.060937 0.027344
2 0.414062 0.915039 0.059375 0.025391
2 0.853125 0.158203 0.059375 0.031250
0 0.796094 0.153320 0.057813 0.037109
2 0.736719 0.151367 0.057813 0.044922
2 0.678125 0.148438 0.059375 0.042969
0 0.618750 0.141602 0.059375 0.033203
2 0.557813 0.137695 0.059375 0.033203
