0 0.772656 0.039062 0.029687 0.074219
1 0.769531 0.112305 0.026562 0.076172
2 0.766406 0.259766 0.029687 0.074219
2 0.763281 0.407227 0.026562 0.072266
2 0.643750 0.014648 0.028125 0.029297
2 0.494531 0.321289 0.029687 0.076172
2 0.335938 0.279297 0.025000 0.074219
0 0.492969 0.394531 0.029687 0.074219
2 0.330469 0.427734 0.026562 0.074219
2 0.790625 0.407227 0.028125 0.072266
2 0.479687 0.031250 0.025000 0.062500
2 0.342187 0.130859 0.025000 0.074219
2 0.340625 0.204102 0.025000 0.076172
2 0.442969 0.320312 0.026562 0.074219
2 0.346094 0.008789 0.026562 0.017578
2 0.453125 0.030273 0.025000 0.060547
2 0.450781 0.097656 0.026562 0.074219
2 0.448437 0.171875 0.025000 0.074219
2 0.474219 0.171875 0.026562 0.074219
2 0.471094 0.244141 0.026562 0.074219
2 0.468750 0.319336 0.025000 0.076172
2 0.641406 0.064453 0.029687 0.074219
2 0.639062 0.139648 0.028125 0.076172
2 0.504687 0.029297 0.028125 0.058594
2 0.501563 0.168945 0.028125 0.076172
2 0.635156 0.288086 0.029687 0.076172
2 0.610938 0.141602 0.025000 0.076172
2 0.610156 0.215820 0.023438 0.076172
2 0.607031 0.288086 0.026562 0.072266
2 0.616406 0.014648 0.026562 0.029297
2 0.662500 0.287109 0.031250 0.074219
2 0.318750 0.058594 0.025000 0.074219
2 0.671094 0.013672 0.029687 0.027344
2 0.314844 0.205078 0.023438 0.074219
2 0.178906 0.080078 0.026562 0.074219
2 0.125000 0.302734 0.025000 0.074219
2 0.794531 0.258789 0.026562 0.072266
2 0.121875 0.375000 0.021875 0.070312
2 0.819531 0.408203 0.032813 0.074219
2 0.129688 0.154297 0.021875 0.074219
2 0.823438 0.333984 0.031250 0.074219
2 0.146094 0.374023 0.023438 0.076172
2 0.175781 0.227539 0.023438 0.076172
2 0.156250 0.082031 0.021875 0.074219
2 0.171875 0.302734 0.025000 0.074219
2 0.170313 0.375977 0.025000 0.072266
2 0.312500 0.279297 0.025000 0.074219
2 0.309375 0.353516 0.025000 0.074219
2 0.286719 0.280273 0.029687 0.076172
2 0.183594 0.020508 0.023438 0.041016
2 0.285156 0.353516 0.023438 0.074219
2 0.828906 0.110352 0.029687 0.076172
2 0.278906 0.426758 0.026562 0.072266
1 0.290625 0.132812 0.028125 0.074219
2 0.298438 0.011719 0.025000 0.023438
2 0.669531 0.063477 0.026562 0.072266
2 0.666406 0.139648 0.026562 0.076172
2 0.665625 0.212891 0.028125 0.078125
2 0.658594 0.362305 0.029687 0.076172
2 0.637500 0.212891 0.028125 0.074219
2 0.632812 0.363281 0.025000 0.074219
2 0.614062 0.066406 0.025000 0.074219
2 0.606250 0.362305 0.028125 0.072266
2 0.503125 0.095703 0.028125 0.074219
2 0.496875 0.244141 0.028125 0.074219
2 0.476562 0.097656 0.025000 0.074219
2 0.466406 0.394531 0.026562 0.074219
2 0.445312 0.246094 0.025000 0.074219
2 0.439844 0.394531 0.026562 0.074219
2 0.343750 0.056641 0.025000 0.074219
2 0.333594 0.354492 0.026562 0.076172
0 0.322656 0.009766 0.023438 0.019531
2 0.317969 0.130859 0.023438 0.074219
2 0.304688 0.426758 0.025000 0.072266
2 0.295312 0.058594 0.025000 0.074219
2 0.291406 0.205078 0.026562 0.074219
2 0.830469 0.038086 0.029687 0.072266
2 0.175781 0.153320 0.023438 0.072266
2 0.826562 0.183594 0.031250 0.074219
2 0.824219 0.259766 0.032813 0.074219
2 0.158594 0.022461 0.023438 0.044922
2 0.153125 0.156250 0.021875 0.074219
2 0.151562 0.228516 0.021875 0.074219
2 0.148438 0.302734 0.018750 0.070312
2 0.135937 0.023438 0.021875 0.046875
2 0.132812 0.083984 0.021875 0.074219
2 0.128906 0.227539 0.023438 0.072266
2 0.801562 0.038086 0.028125 0.072266
0 0.800000 0.111328 0.031250 0.074219
2 0.794531 0.185547 0.029687 0.074219
2 0.793750 0.333008 0.028125 0.076172
2 0.767969 0.185547 0.026562 0.074219
2 0.764844 0.334961 0.029687 0.076172
