2 0.260156 0.250977 0.064062 0.041016
0 0.447656 0.200195 0.060937 0.033203
2 0.303125 0.666992 0.062500 0.041016
2 0.835156 0.502930 0.060937 0.037109
2 0.504687 0.234375 0.062500 0.027344
2 0.566406 0.239258 0.060937 0.029297
2 0.383594 0.227539 0.060937 0.029297
2 0.628906 0.212891 0.064062 0.031250
1 0.810156 0.224609 0.060937 0.031250
0 0.784375 0.020508 0.059375 0.033203
2 0.784375 0.050781 0.062500 0.023438
0 0.249219 0.594727 0.060937 0.037109
2 0.628125 0.242188 0.062500 0.027344
2 0.299219 0.048828 0.057813 0.039062
2 0.567969 0.208984 0.060937 0.031250
2 0.915625 0.642578 0.059375 0.035156
0 0.672656 0.626953 0.060937 0.035156
2 0.322656 0.221680 0.060937 0.025391
2 0.203125 0.212891 0.062500 0.027344
2 0.266406 0.189453 0.064062 0.031250
2 0.672656 0.659180 0.060937 0.029297
0 0.072656 0.577148 0.060937 0.041016
2 0.541406 0.067383 0.060937 0.033203
2 0.550000 0.651367 0.062500 0.029297
2 0.132031 0.585938 0.064062 0.031250
2 0.489844 0.614258 0.064062 0.033203
2 0.551562 0.618164 0.062500 0.037109
2 0.183594 0.655273 0.064062 0.037109
4 0.386719 0.195312 0.060937 0.035156
2 0.732812 0.631836 0.062500 0.033203
2 0.749219 0.253906 0.060937 0.035156
2 0.426563 0.641602 0.062500 0.025391
2 0.773438 0.496094 0.062500 0.035156
2 0.795312 0.635742 0.062500 0.033203
2 0.029687 0.208984 0.059375 0.035156
2 0.507812 0.204102 0.062500 0.029297
2 0.548438 0.686523 0.062500 0.037109
2 0.915625 0.679688 0.059375 0.035156
1 0.189062 0.589844 0.059375 0.035156
2 0.480469 0.063477 0.060937 0.033203
2 0.325781 0.193359 0.064062 0.031250
2 0.418750 0.058594 0.062500 0.035156
3 0.906250 0.063477 0.062500 0.029297
2 0.367969 0.637695 0.064062 0.029297
3 0.932031 0.234375 0.060937 0.031250
2 0.425000 0.677734 0.062500 0.042969
2 0.071875 0.612305 0.059375 0.033203
2 0.139844 0.246094 0.064062 0.035156
2 0.610938 0.654297 0.062500 0.035156
2 0.749219 0.223633 0.060937 0.029297
2 0.689063 0.246094 0.059375 0.027344
2 0.603125 0.072266 0.062500 0.031250
2 0.857031 0.706055 0.060937 0.037109
2 0.122656 0.649414 0.064062 0.037109
2 0.364844 0.672852 0.064062 0.041016
2 0.846094 0.058594 0.060937 0.031250
1 0.856250 0.639648 0.059375 0.033203
2 0.428125 0.612305 0.059375 0.037109
2 0.612500 0.622070 0.062500 0.033203
2 0.488281 0.647461 0.060937 0.029297
2 0.309375 0.599609 0.062500 0.035156
2 0.871094 0.232422 0.060937 0.031250
2 0.794531 0.703125 0.060937 0.039062
2 0.689063 0.218750 0.059375 0.027344
2 0.443750 0.231445 0.065625 0.029297
2 0.528125 0.477539 0.062500 0.037109
2 0.062500 0.647461 0.062500 0.037109
2 0.086719 0.211914 0.060937 0.033203
2 0.856250 0.672852 0.059375 0.029297
2 0.358594 0.050781 0.060937 0.039062
2 0.712500 0.491211 0.062500 0.037109
2 0.186719 0.624023 0.064062 0.033203
2 0.246094 0.629883 0.060937 0.033203
2 0.082031 0.245117 0.060937 0.033203
2 0.307812 0.632812 0.062500 0.031250
2 0.732031 0.698242 0.060937 0.037109
2 0.957031 0.509766 0.060937 0.031250
2 0.964844 0.066406 0.057813 0.031250
2 0.732031 0.664062 0.060937 0.031250
2 0.610156 0.691406 0.064062 0.035156
2 0.369531 0.605469 0.060937 0.035156
2 0.896875 0.505859 0.059375 0.031250
3 0.956250 0.475586 0.059375 0.037109
2 0.146094 0.213867 0.064062 0.029297
2 0.589844 0.484375 0.060937 0.039062
2 0.671094 0.696289 0.060937 0.041016
2 0.916406 0.712891 0.060937 0.035156
2 0.650781 0.488281 0.064062 0.035156
2 0.794531 0.666992 0.060937 0.029297
2 0.199219 0.248047 0.067187 0.035156
2 0.487500 0.680664 0.062500 0.041016
2 0.128125 0.615234 0.062500 0.035156
2 0.242969 0.664062 0.064062 0.039062
2 0.263281 0.217773 0.060937 0.025391
2 0.467187 0.472656 0.059375 0.039062
2 0.150000 0.185547 0.059375 0.031250
3 0.932031 0.267578 0.060937 0.031250
2 0.503125 0.266602 0.065625 0.033203
2 0.846094 0.088867 0.060937 0.029297
2 0.755469 0.907227 0.060937 0.041016
2 0.939844 0.887695 0.057813 0.037109
2 0.300781 0.015625 0.060937 0.031250
3 0.871094 0.296875 0.060937 0.031250
2 0.749219 0.285156 0.060937 0.027344
2 0.230469 0.393555 0.060937 0.033203
2 0.164062 0.450195 0.059375 0.037109
1 0.408594 0.403320 0.060937 0.033203
2 0.344531 0.466797 0.057813 0.035156
2 0.723437 0.077148 0.062500 0.033203
2 0.360938 0.015625 0.059375 0.031250
2 0.817969 0.875977 0.060937 0.033203
2 0.511719 0.849609 0.060937 0.027344
3 0.956250 0.440430 0.059375 0.033203
2 0.591406 0.447266 0.060937 0.031250
2 0.239844 0.045898 0.060937 0.041016
0 0.664844 0.014648 0.060937 0.029297
2 0.321094 0.253906 0.064062 0.035156
2 0.756250 0.837891 0.059375 0.035156
2 0.810156 0.256836 0.060937 0.029297
2 0.390625 0.838867 0.062500 0.029297
2 0.542188 0.036133 0.062500 0.033203
2 0.291406 0.396484 0.060937 0.035156
2 0.348438 0.433594 0.059375 0.031250
2 0.878906 0.916992 0.060937 0.041016
2 0.121875 0.040039 0.062500 0.041016
2 0.528906 0.445312 0.060937 0.035156
2 0.480469 0.031250 0.064062 0.031250
2 0.967187 0.097656 0.056250 0.027344
2 0.404687 0.469727 0.065625 0.037109
2 0.378906 0.257812 0.057813 0.039062
2 0.211719 0.828125 0.064062 0.031250
2 0.093750 0.181641 0.056250 0.035156
2 0.226562 0.423828 0.059375 0.027344
1 0.038281 0.779297 0.064062 0.039062
2 0.223438 0.455078 0.062500 0.035156
2 0.050781 0.411133 0.057813 0.033203
2 0.055469 0.379883 0.057813 0.033203
2 0.100000 0.782227 0.059375 0.033203
2 0.167969 0.417969 0.057813 0.027344
2 0.207813 0.862305 0.059375 0.037109
2 0.514844 0.817383 0.064062 0.033203
2 0.532031 0.411133 0.060937 0.037109
2 0.282813 0.457031 0.059375 0.035156
2 0.510938 0.883789 0.062500 0.041016
0 0.114062 0.984375 0.059375 0.031250
2 0.755469 0.871094 0.060937 0.031250
2 0.061719 0.039062 0.054688 0.042969
2 0.809375 0.290039 0.059375 0.033203
2 0.287500 0.426758 0.062500 0.029297
2 0.103906 0.448242 0.060937 0.037109
1 0.878906 0.879883 0.060937 0.033203
2 0.663281 0.076172 0.060937 0.031250
2 0.817969 0.839844 0.060937 0.039062
2 0.773438 0.461914 0.062500 0.033203
2 0.725000 0.017578 0.059375 0.031250
2 0.635938 0.828125 0.059375 0.039062
2 0.152344 0.821289 0.060937 0.033203
2 0.045312 0.441406 0.059375 0.035156
2 0.846094 0.027344 0.060937 0.035156
2 0.713281 0.424805 0.060937 0.033203
2 0.664062 0.041992 0.059375 0.029297
2 0.036719 0.816406 0.064062 0.035156
2 0.170313 0.389648 0.056250 0.037109
2 0.602344 0.040039 0.060937 0.033203
2 0.455469 0.813477 0.060937 0.033203
2 0.592187 0.416016 0.059375 0.035156
2 0.329688 0.837891 0.062500 0.027344
2 0.450000 0.881836 0.059375 0.044922
0 0.471094 0.408203 0.064062 0.035156
2 0.723437 0.044922 0.062500 0.027344
2 0.785937 0.082031 0.062500 0.039062
2 0.270313 0.831055 0.062500 0.033203
1 0.835938 0.432617 0.062500 0.033203
2 0.267969 0.869141 0.060937 0.042969
2 0.938281 0.848633 0.057813 0.041016
2 0.032813 0.176758 0.059375 0.033203
3 0.896094 0.435547 0.060937 0.031250
2 0.574219 0.856445 0.064062 0.029297
3 0.906250 0.031250 0.062500 0.031250
2 0.153906 0.788086 0.060937 0.033203
2 0.817187 0.913086 0.062500 0.041016
2 0.713281 0.456055 0.060937 0.033203
2 0.030469 0.847656 0.060937 0.035156
0 0.089844 0.851562 0.064062 0.039062
2 0.328906 0.872070 0.060937 0.041016
2 0.332813 0.803711 0.062500 0.037109
2 0.628906 0.272461 0.064062 0.033203
2 0.055469 0.980469 0.057813 0.039062
2 0.451562 0.845703 0.059375 0.027344
3 0.966406 0.036133 0.057813 0.029297
2 0.150781 0.856445 0.060937 0.037109
1 0.878906 0.842773 0.060937 0.041016
2 0.092969 0.815430 0.064062 0.037109
2 0.696875 0.832031 0.059375 0.039062
2 0.242188 0.012695 0.059375 0.025391
2 0.870313 0.264648 0.059375 0.033203
2 0.652344 0.454102 0.060937 0.033203
2 0.939063 0.922852 0.059375 0.033203
3 0.907031 0.095703 0.060937 0.035156
2 0.564063 0.271484 0.062500 0.031250
2 0.420312 0.028320 0.059375 0.033203
2 0.688281 0.276367 0.060937 0.033203
2 0.108594 0.414062 0.060937 0.031250
1 0.215625 0.794922 0.062500 0.035156
2 0.394531 0.807617 0.064062 0.033203
1 0.275000 0.798828 0.062500 0.035156
2 0.653125 0.418945 0.062500 0.037109
3 0.931250 0.296875 0.059375 0.027344
2 0.114062 0.383789 0.059375 0.033203
0 0.835156 0.463867 0.060937 0.037109
1 0.773438 0.426758 0.062500 0.037109
2 0.635938 0.865234 0.059375 0.035156
2 0.407813 0.434570 0.062500 0.033203
2 0.389844 0.875000 0.060937 0.042969
2 0.575781 0.823242 0.060937 0.037109
2 0.442188 0.261719 0.065625 0.035156
2 0.696875 0.868164 0.059375 0.033203
2 0.179688 0.041992 0.056250 0.041016
0 0.468750 0.440430 0.059375 0.033203
2 0.350781 0.398438 0.057813 0.035156
2 0.208594 0.186523 0.060937 0.029297
2 0.572656 0.893555 0.060937 0.041016
2 0.634375 0.898438 0.059375 0.039062
2 0.696094 0.904297 0.060937 0.039062
3 0.896875 0.470703 0.059375 0.035156
