2 0.481250 0.566406 0.031250 0.078125
2 0.485938 0.491211 0.034375 0.080078
2 0.488281 0.413086 0.029687 0.080078
2 0.479687 0.644531 0.031250 0.078125
2 0.477344 0.721680 0.029687 0.076172
2 0.490625 0.336914 0.031250 0.076172
2 0.139844 0.899414 0.032813 0.076172
2 0.493750 0.257812 0.031250 0.078125
2 0.494531 0.990234 0.026562 0.019531
2 0.496875 0.182617 0.034375 0.076172
2 0.496875 0.948242 0.025000 0.080078
2 0.500000 0.873047 0.028125 0.078125
2 0.500000 0.107422 0.034375 0.074219
0 0.503906 0.797852 0.026562 0.080078
2 0.502344 0.035156 0.029687 0.070312
2 0.505469 0.721680 0.026562 0.076172
2 0.142187 0.825195 0.031250 0.076172
2 0.141406 0.749023 0.026562 0.076172
2 0.509375 0.643555 0.025000 0.080078
2 0.514062 0.490234 0.028125 0.078125
2 0.510938 0.568359 0.028125 0.082031
2 0.516406 0.416016 0.029687 0.078125
0 0.518750 0.340820 0.028125 0.076172
2 0.520312 0.991211 0.028125 0.017578
2 0.521875 0.260742 0.028125 0.080078
2 0.522656 0.947266 0.029687 0.078125
2 0.524219 0.186523 0.026562 0.080078
2 0.525781 0.109375 0.026562 0.074219
2 0.525781 0.872070 0.026562 0.072266
0 0.528906 0.796875 0.026562 0.074219
2 0.530469 0.039062 0.026562 0.078125
0 0.533594 0.645508 0.023438 0.076172
2 0.537500 0.569336 0.028125 0.076172
1 0.539844 0.493164 0.026562 0.076172
2 0.532813 0.720703 0.025000 0.078125
2 0.544531 0.338867 0.026562 0.080078
2 0.542188 0.416016 0.021875 0.078125
2 0.546875 0.264648 0.025000 0.076172
2 0.550000 0.190430 0.028125 0.072266
2 0.146875 0.672852 0.028125 0.076172
2 0.553906 0.116211 0.026562 0.076172
2 0.556250 0.042969 0.028125 0.074219
2 0.149219 0.600586 0.026562 0.072266
2 0.635938 0.895508 0.028125 0.072266
2 0.633594 0.966797 0.026562 0.066406
2 0.636719 0.821289 0.026562 0.076172
2 0.639844 0.745117 0.029687 0.076172
2 0.644531 0.667969 0.026562 0.074219
2 0.645312 0.591797 0.028125 0.078125
2 0.648438 0.514648 0.028125 0.076172
2 0.650000 0.437500 0.028125 0.074219
2 0.656250 0.283203 0.025000 0.078125
2 0.653125 0.362305 0.028125 0.076172
2 0.657813 0.207031 0.028125 0.078125
2 0.658594 0.964844 0.026562 0.070312
2 0.660156 0.894531 0.023438 0.074219
2 0.662500 0.130859 0.025000 0.078125
2 0.664062 0.818359 0.025000 0.074219
2 0.663281 0.056641 0.026562 0.074219
2 0.667188 0.009766 0.028125 0.019531
2 0.666406 0.743164 0.026562 0.080078
2 0.670312 0.667969 0.025000 0.074219
2 0.672656 0.590820 0.026562 0.076172
2 0.678906 0.363281 0.026562 0.078125
2 0.682813 0.287109 0.028125 0.078125
2 0.677344 0.438477 0.026562 0.076172
2 0.674219 0.513672 0.026562 0.078125
2 0.684375 0.210938 0.025000 0.078125
2 0.682031 0.964844 0.026562 0.070312
2 0.685937 0.893555 0.025000 0.076172
2 0.687500 0.136719 0.025000 0.078125
2 0.689844 0.059570 0.026562 0.076172
2 0.689844 0.819336 0.026562 0.076172
2 0.692187 0.743164 0.025000 0.076172
0 0.692187 0.012695 0.025000 0.025391
2 0.696094 0.591797 0.023438 0.078125
2 0.695312 0.668945 0.025000 0.076172
0 0.700781 0.516602 0.026562 0.076172
2 0.703125 0.440430 0.025000 0.076172
2 0.704688 0.365234 0.025000 0.074219
2 0.706250 0.289062 0.025000 0.078125
2 0.710156 0.214844 0.023438 0.074219
1 0.713281 0.142578 0.023438 0.078125
0 0.717187 0.015625 0.021875 0.031250
0 0.714063 0.067383 0.025000 0.072266
0 0.169531 0.966797 0.029687 0.066406
2 0.794531 0.964844 0.026562 0.070312
2 0.796094 0.895508 0.023438 0.076172
2 0.799219 0.819336 0.023438 0.076172
2 0.171094 0.825195 0.029687 0.076172
1 0.171094 0.899414 0.029687 0.076172
2 0.808594 0.668945 0.026562 0.080078
2 0.805469 0.744141 0.026562 0.074219
2 0.810937 0.593750 0.028125 0.074219
0 0.815625 0.515625 0.028125 0.078125
2 0.817187 0.967773 0.025000 0.064453
0 0.172656 0.749023 0.032813 0.076172
2 0.819531 0.363281 0.029687 0.078125
2 0.816406 0.440430 0.026562 0.080078
2 0.821094 0.894531 0.026562 0.078125
2 0.821094 0.289062 0.029687 0.074219
2 0.825000 0.819336 0.025000 0.076172
2 0.825000 0.211914 0.028125 0.076172
2 0.827344 0.138672 0.026562 0.074219
2 0.828125 0.061523 0.028125 0.076172
2 0.829688 0.011719 0.028125 0.023438
0 0.831250 0.746094 0.025000 0.074219
0 0.835938 0.593750 0.025000 0.074219
2 0.835156 0.670898 0.023438 0.076172
0 0.839844 0.518555 0.023438 0.076172
2 0.840625 0.444336 0.021875 0.076172
2 0.842187 0.365234 0.021875 0.074219
2 0.843750 0.964844 0.025000 0.070312
2 0.845313 0.893555 0.028125 0.076172
2 0.846094 0.217773 0.023438 0.076172
2 0.848437 0.820312 0.028125 0.078125
2 0.846875 0.291016 0.021875 0.078125
2 0.175000 0.674805 0.028125 0.080078
2 0.852344 0.138672 0.026562 0.078125
2 0.854688 0.743164 0.021875 0.072266
2 0.854688 0.066406 0.025000 0.074219
2 0.854688 0.014648 0.021875 0.029297
1 0.857812 0.667969 0.025000 0.074219
0 0.860938 0.593750 0.021875 0.074219
2 0.863281 0.518555 0.026562 0.076172
2 0.865625 0.443359 0.028125 0.078125
2 0.176563 0.600586 0.028125 0.072266
2 0.876563 0.071289 0.021875 0.076172
2 0.878125 0.016602 0.021875 0.033203
2 0.199219 0.966797 0.029687 0.066406
2 0.200781 0.898438 0.029687 0.074219
2 0.206250 0.600586 0.031250 0.072266
2 0.201563 0.824219 0.031250 0.078125
2 0.203125 0.747070 0.028125 0.076172
2 0.205469 0.673828 0.029687 0.078125
2 0.873437 0.146484 0.025000 0.074219
2 0.870313 0.218750 0.025000 0.074219
2 0.302344 0.981445 0.029687 0.037109
2 0.867188 0.292969 0.025000 0.074219
2 0.138281 0.968750 0.032813 0.062500
2 0.867188 0.368164 0.025000 0.076172
2 0.307031 0.927734 0.029687 0.074219
2 0.308594 0.852539 0.032813 0.076172
2 0.313281 0.773438 0.032813 0.078125
2 0.317188 0.696289 0.031250 0.076172
2 0.320312 0.618164 0.034375 0.076172
2 0.323437 0.469727 0.031250 0.076172
2 0.322656 0.545898 0.029687 0.076172
2 0.325781 0.392578 0.029687 0.078125
2 0.327344 0.314453 0.029687 0.078125
2 0.333594 0.236328 0.029687 0.074219
2 0.335938 0.161133 0.031250 0.076172
2 0.337500 0.084961 0.028125 0.072266
2 0.339062 0.848633 0.031250 0.076172
2 0.338281 0.925781 0.039062 0.078125
2 0.344531 0.772461 0.029687 0.080078
2 0.347656 0.696289 0.029687 0.072266
2 0.350000 0.623047 0.031250 0.074219
2 0.351562 0.546875 0.031250 0.078125
2 0.353125 0.468750 0.031250 0.074219
2 0.357031 0.392578 0.029687 0.078125
2 0.360938 0.239258 0.031250 0.076172
2 0.357812 0.315430 0.031250 0.080078
2 0.362500 0.980469 0.025000 0.039062
2 0.364844 0.089844 0.026562 0.070312
1 0.365625 0.849609 0.025000 0.074219
2 0.366406 0.924805 0.020313 0.076172
2 0.367969 0.774414 0.023438 0.076172
2 0.376563 0.546875 0.021875 0.074219
2 0.374219 0.696289 0.020313 0.072266
2 0.376563 0.621094 0.021875 0.074219
2 0.379688 0.473633 0.021875 0.072266
2 0.333594 0.980469 0.032813 0.039062
2 0.364844 0.166016 0.026562 0.078125
2 0.389062 0.245117 0.025000 0.076172
2 0.389844 0.166016 0.026562 0.078125
1 0.382812 0.395508 0.018750 0.076172
2 0.385156 0.319336 0.023438 0.076172
2 0.391406 0.092773 0.029687 0.072266
2 0.468750 0.949219 0.031250 0.078125
2 0.472656 0.874023 0.029687 0.080078
2 0.475000 0.798828 0.031250 0.082031
