2 0.321094 0.988281 0.029687 0.023438
2 0.292969 0.940430 0.029687 0.076172
2 0.290625 0.989258 0.028125 0.021484
2 0.298438 0.715820 0.028125 0.076172
2 0.294531 0.866211 0.029687 0.076172
2 0.296094 0.791016 0.029687 0.074219
1 0.264844 0.866211 0.026562 0.076172
2 0.267969 0.791016 0.029687 0.074219
2 0.269531 0.716797 0.029687 0.074219
2 0.264062 0.942383 0.028125 0.072266
2 0.264844 0.988281 0.026562 0.023438
2 0.322656 0.939453 0.029687 0.074219
2 0.324219 0.865234 0.029687 0.074219
2 0.325000 0.790039 0.028125 0.076172
2 0.325000 0.715820 0.028125 0.072266
2 0.428125 0.975586 0.028125 0.048828
2 0.134375 0.967773 0.028125 0.064453
1 0.430469 0.916016 0.029687 0.078125
2 0.431250 0.841797 0.028125 0.074219
2 0.135156 0.896484 0.029687 0.074219
0 0.456250 0.973633 0.028125 0.052734
2 0.458594 0.840820 0.026562 0.072266
2 0.458594 0.912109 0.026562 0.074219
2 0.138281 0.824219 0.026562 0.074219
2 0.482812 0.972656 0.025000 0.054688
2 0.484375 0.912109 0.028125 0.074219
2 0.484375 0.838867 0.028125 0.072266
2 0.139063 0.750000 0.028125 0.074219
1 0.140625 0.676758 0.031250 0.072266
2 0.142187 0.600586 0.028125 0.076172
2 0.591406 0.974609 0.026562 0.050781
2 0.595313 0.914062 0.031250 0.070312
2 0.617969 0.974609 0.026562 0.050781
0 0.622656 0.914062 0.023438 0.070312
2 0.643750 0.972656 0.025000 0.054688
2 0.646094 0.912109 0.023438 0.070312
2 0.162500 0.966797 0.031250 0.066406
2 0.164844 0.897461 0.029687 0.072266
2 0.166406 0.822266 0.029687 0.074219
0 0.167187 0.749023 0.028125 0.076172
2 0.167969 0.673828 0.026562 0.074219
0 0.171875 0.600586 0.028125 0.072266
2 0.110156 0.968750 0.020313 0.062500
2 0.110937 0.900391 0.021875 0.074219
1 0.111719 0.824219 0.023438 0.078125
2 0.113281 0.675781 0.026562 0.074219
2 0.112500 0.750000 0.025000 0.074219
2 0.114062 0.601562 0.028125 0.074219
