2 0.136719 0.907227 0.026562 0.076172
2 0.461719 0.631836 0.029687 0.076172
2 0.463281 0.557617 0.026562 0.076172
2 0.464062 0.481445 0.025000 0.076172
0 0.468750 0.407227 0.028125 0.076172
0 0.471094 0.332031 0.029687 0.078125
0 0.471094 0.254883 0.029687 0.076172
2 0.474219 0.983398 0.023438 0.033203
2 0.138281 0.835938 0.023438 0.074219
2 0.138281 0.763672 0.020313 0.074219
2 0.475781 0.180664 0.026562 0.076172
2 0.475781 0.934570 0.023438 0.072266
2 0.478125 0.858398 0.025000 0.076172
2 0.478906 0.104492 0.029687 0.076172
0 0.482031 0.033203 0.029687 0.066406
2 0.482031 0.783203 0.026562 0.078125
1 0.485156 0.708008 0.026562 0.076172
2 0.487500 0.635742 0.025000 0.080078
2 0.139063 0.689453 0.021875 0.074219
0 0.490625 0.483398 0.028125 0.076172
0 0.491406 0.557617 0.029687 0.076172
0 0.495312 0.408203 0.028125 0.078125
2 0.499219 0.330078 0.026562 0.078125
2 0.500781 0.255859 0.029687 0.078125
2 0.500781 0.986328 0.029687 0.027344
1 0.502344 0.937500 0.029687 0.070312
2 0.503906 0.180664 0.029687 0.076172
0 0.506250 0.862305 0.028125 0.076172
2 0.506250 0.104492 0.025000 0.076172
2 0.508594 0.033203 0.023438 0.066406
2 0.508594 0.788086 0.029687 0.080078
0 0.512500 0.713867 0.031250 0.076172
2 0.516406 0.637695 0.032813 0.080078
2 0.518750 0.561523 0.028125 0.080078
2 0.520312 0.483398 0.031250 0.080078
2 0.142187 0.614258 0.025000 0.076172
2 0.522656 0.408203 0.029687 0.078125
2 0.527344 0.333008 0.029687 0.076172
2 0.529687 0.255859 0.028125 0.078125
2 0.533594 0.179688 0.029687 0.078125
0 0.532813 0.105469 0.028125 0.078125
0 0.535937 0.033203 0.031250 0.066406
2 0.144531 0.540039 0.023438 0.076172
2 0.144531 0.465820 0.023438 0.076172
2 0.147656 0.389648 0.023438 0.076172
2 0.149219 0.317383 0.023438 0.076172
2 0.612500 0.967773 0.028125 0.064453
2 0.153125 0.241211 0.025000 0.076172
2 0.616406 0.898438 0.026562 0.078125
2 0.619531 0.826172 0.029687 0.074219
2 0.621094 0.752930 0.029687 0.076172
0 0.622656 0.677734 0.029687 0.074219
0 0.624219 0.603516 0.032813 0.078125
2 0.627344 0.527344 0.026562 0.074219
2 0.629687 0.452148 0.028125 0.076172
1 0.633594 0.374023 0.029687 0.076172
1 0.635938 0.299805 0.031250 0.076172
2 0.641406 0.968750 0.026562 0.062500
2 0.641406 0.222656 0.029687 0.074219
2 0.642188 0.903320 0.025000 0.076172
2 0.641406 0.149414 0.029687 0.076172
2 0.644531 0.018555 0.029687 0.037109
2 0.644531 0.074219 0.029687 0.074219
2 0.155469 0.166016 0.023438 0.074219
2 0.647656 0.828125 0.026562 0.078125
2 0.648438 0.753906 0.028125 0.078125
2 0.651563 0.679688 0.028125 0.078125
2 0.653906 0.604492 0.029687 0.076172
2 0.657031 0.528320 0.029687 0.076172
2 0.659375 0.452148 0.031250 0.076172
2 0.663281 0.375977 0.032813 0.076172
2 0.664844 0.300781 0.032813 0.074219
2 0.668750 0.970703 0.028125 0.058594
2 0.669531 0.224609 0.026562 0.078125
2 0.670312 0.907227 0.028125 0.076172
2 0.672656 0.148438 0.029687 0.074219
2 0.674219 0.074219 0.029687 0.074219
2 0.674219 0.833984 0.026562 0.078125
2 0.675781 0.017578 0.029687 0.035156
2 0.676562 0.757812 0.028125 0.078125
2 0.158594 0.090820 0.023438 0.076172
2 0.679688 0.682617 0.031250 0.080078
2 0.685156 0.608398 0.029687 0.076172
2 0.687500 0.530273 0.031250 0.076172
2 0.690625 0.453125 0.028125 0.078125
2 0.693750 0.376953 0.028125 0.078125
2 0.159375 0.838867 0.021875 0.076172
2 0.160156 0.912109 0.020313 0.074219
2 0.160156 0.027344 0.023438 0.054688
0 0.160156 0.766602 0.023438 0.076172
2 0.694531 0.299805 0.026562 0.076172
2 0.697656 0.225586 0.026562 0.076172
2 0.700781 0.146484 0.026562 0.078125
2 0.702344 0.071289 0.026562 0.076172
2 0.703906 0.016602 0.029687 0.033203
0 0.162500 0.691406 0.025000 0.078125
2 0.165625 0.616211 0.025000 0.076172
2 0.771875 0.988281 0.028125 0.023438
2 0.167187 0.542969 0.021875 0.074219
2 0.167187 0.467773 0.021875 0.076172
2 0.167969 0.392578 0.020313 0.074219
2 0.773438 0.941406 0.025000 0.074219
0 0.777344 0.870117 0.029687 0.072266
2 0.778906 0.795898 0.035937 0.072266
2 0.781250 0.722656 0.034375 0.074219
0 0.786719 0.648438 0.026562 0.074219
2 0.789844 0.572266 0.026562 0.074219
2 0.792188 0.498047 0.028125 0.074219
0 0.793750 0.422852 0.031250 0.076172
1 0.796875 0.347656 0.031250 0.074219
1 0.798438 0.270508 0.031250 0.076172
2 0.798438 0.990234 0.028125 0.019531
2 0.802344 0.196289 0.029687 0.076172
2 0.803125 0.122070 0.031250 0.076172
4 0.803125 0.946289 0.031250 0.072266
0 0.803906 0.047852 0.032813 0.076172
2 0.807031 0.873047 0.029687 0.074219
2 0.811719 0.798828 0.029687 0.074219
2 0.814063 0.725586 0.031250 0.076172
2 0.814844 0.649414 0.026562 0.076172
2 0.816406 0.573242 0.026562 0.076172
2 0.171875 0.316406 0.021875 0.074219
2 0.821094 0.498047 0.029687 0.074219
2 0.822656 0.423828 0.026562 0.074219
2 0.825000 0.348633 0.028125 0.076172
1 0.828906 0.992188 0.029687 0.015625
2 0.828125 0.271484 0.028125 0.078125
2 0.830469 0.196289 0.029687 0.076172
2 0.833594 0.122070 0.026562 0.076172
2 0.833594 0.949219 0.029687 0.074219
2 0.296094 0.887695 0.026562 0.076172
2 0.296094 0.961914 0.026562 0.076172
2 0.296875 0.813477 0.025000 0.076172
2 0.299219 0.741211 0.026562 0.076172
2 0.301563 0.666016 0.028125 0.078125
2 0.303906 0.592773 0.026562 0.076172
0 0.304688 0.514648 0.028125 0.076172
0 0.307031 0.440430 0.026562 0.076172
0 0.308594 0.366211 0.029687 0.076172
2 0.312500 0.291992 0.028125 0.072266
2 0.314063 0.215820 0.025000 0.076172
2 0.317188 0.140625 0.028125 0.074219
0 0.317969 0.065430 0.026562 0.076172
2 0.320312 0.962891 0.025000 0.074219
2 0.321875 0.890625 0.025000 0.078125
2 0.321875 0.817383 0.025000 0.076172
2 0.321875 0.014648 0.025000 0.029297
2 0.323437 0.745117 0.025000 0.076172
2 0.328125 0.667969 0.025000 0.078125
2 0.329688 0.595703 0.025000 0.078125
2 0.331250 0.518555 0.028125 0.076172
1 0.333594 0.442383 0.026562 0.076172
2 0.335156 0.366211 0.023438 0.076172
2 0.339062 0.291992 0.028125 0.076172
2 0.341406 0.215820 0.026562 0.076172
2 0.344531 0.965820 0.023438 0.068359
2 0.344531 0.140625 0.026562 0.074219
2 0.346094 0.064453 0.026562 0.074219
1 0.347656 0.897461 0.026562 0.076172
2 0.348438 0.013672 0.025000 0.027344
2 0.349219 0.821289 0.026562 0.076172
2 0.351562 0.748047 0.028125 0.078125
2 0.353125 0.671875 0.025000 0.078125
2 0.354687 0.596680 0.028125 0.076172
2 0.358594 0.520508 0.026562 0.076172
2 0.360938 0.444336 0.028125 0.076172
2 0.362500 0.367188 0.028125 0.078125
2 0.365625 0.291992 0.025000 0.076172
2 0.367188 0.215820 0.025000 0.076172
2 0.370312 0.139648 0.025000 0.076172
2 0.371094 0.064453 0.026562 0.074219
2 0.372656 0.013672 0.023438 0.027344
0 0.449219 0.981445 0.026562 0.037109
2 0.452344 0.929688 0.026562 0.074219
2 0.453125 0.853516 0.028125 0.074219
2 0.456250 0.780273 0.028125 0.076172
1 0.458594 0.706055 0.029687 0.076172
2 0.835156 0.045898 0.029687 0.076172
0 0.836719 0.875977 0.032813 0.072266
0 0.839844 0.800781 0.032813 0.074219
2 0.842969 0.725586 0.029687 0.076172
2 0.844531 0.574219 0.029687 0.074219
2 0.845313 0.649414 0.031250 0.076172
2 0.850781 0.500000 0.029687 0.078125
0 0.853125 0.423828 0.034375 0.074219
2 0.854688 0.349609 0.031250 0.078125
2 0.857031 0.272461 0.029687 0.076172
2 0.860938 0.196289 0.031250 0.076172
2 0.860938 0.120117 0.028125 0.076172
2 0.864062 0.044922 0.031250 0.078125
2 0.177344 0.241211 0.023438 0.076172
2 0.178125 0.165039 0.021875 0.076172
2 0.181250 0.089844 0.021875 0.074219
2 0.182031 0.916016 0.023438 0.074219
2 0.183594 0.027344 0.020313 0.054688
1 0.184375 0.844727 0.025000 0.076172
2 0.184375 0.770508 0.025000 0.076172
2 0.185938 0.694336 0.025000 0.076172
2 0.189062 0.619141 0.025000 0.078125
2 0.190625 0.467773 0.025000 0.076172
2 0.191406 0.543945 0.026562 0.076172
2 0.191406 0.393555 0.023438 0.076172
2 0.194531 0.317383 0.023438 0.076172
2 0.200000 0.241211 0.025000 0.076172
2 0.202344 0.164062 0.026562 0.078125
2 0.203125 0.087891 0.025000 0.074219
2 0.205469 0.026367 0.023438 0.052734
