2 0.832031 0.914062 0.060937 0.039062
0 0.228906 0.841797 0.060937 0.035156
2 0.635938 0.697266 0.062500 0.035156
2 0.757031 0.740234 0.060937 0.039062
2 0.770312 0.324219 0.062500 0.031250
2 0.464844 0.309570 0.060937 0.033203
2 0.268750 0.711914 0.062500 0.037109
2 0.528906 0.934570 0.060937 0.037109
2 0.389844 0.718750 0.060937 0.035156
2 0.341406 0.303711 0.057813 0.037109
0 0.108594 0.229492 0.060937 0.029297
2 0.332031 0.680664 0.060937 0.033203
2 0.289062 0.847656 0.059375 0.039062
2 0.225781 0.916016 0.057813 0.039062
2 0.166406 0.230469 0.057813 0.035156
2 0.891406 0.915039 0.060937 0.037109
2 0.951562 0.918945 0.059375 0.037109
2 0.876563 0.675781 0.056250 0.035156
2 0.817187 0.672852 0.062500 0.037109
2 0.053125 0.831055 0.059375 0.037109
2 0.071094 0.431641 0.060937 0.031250
2 0.589844 0.937500 0.060937 0.039062
2 0.707812 0.291992 0.062500 0.033203
0 0.112500 0.836914 0.059375 0.037109
2 0.464844 0.279297 0.060937 0.031250
2 0.452344 0.723633 0.060937 0.037109
2 0.878125 0.708984 0.059375 0.035156
2 0.647656 0.289062 0.060937 0.035156
0 0.887500 0.271484 0.062500 0.035156
2 0.827344 0.267578 0.060937 0.035156
2 0.342969 0.272461 0.060937 0.029297
2 0.039844 0.291016 0.060937 0.035156
0 0.102344 0.259766 0.060937 0.035156
2 0.393750 0.685547 0.059375 0.035156
2 0.284375 0.236328 0.062500 0.039062
2 0.226562 0.233398 0.062500 0.033203
2 0.345313 0.923828 0.062500 0.035156
2 0.028906 0.698242 0.057813 0.037109
0 0.206250 0.708984 0.059375 0.039062
2 0.757031 0.705078 0.060937 0.035156
2 0.817187 0.708008 0.062500 0.033203
2 0.767969 0.265625 0.060937 0.035156
2 0.281250 0.297852 0.059375 0.033203
2 0.830469 0.330078 0.060937 0.035156
2 0.410156 0.852539 0.060937 0.033203
2 0.935156 0.710938 0.060937 0.035156
2 0.950781 0.339844 0.060937 0.031250
2 0.285156 0.919922 0.060937 0.035156
2 0.513281 0.726562 0.060937 0.039062
2 0.876563 0.743164 0.062500 0.033203
2 0.469531 0.858398 0.060937 0.033203
2 0.401562 0.306641 0.062500 0.035156
2 0.344531 0.243164 0.060937 0.033203
2 0.404687 0.246094 0.062500 0.035156
2 0.647656 0.259766 0.060937 0.035156
0 0.588281 0.255859 0.057813 0.031250
2 0.044531 0.257812 0.057813 0.031250
2 0.707812 0.260742 0.062500 0.033203
2 0.163281 0.261719 0.060937 0.031250
1 0.527344 0.251953 0.060937 0.031250
2 0.221094 0.264648 0.060937 0.029297
2 0.817187 0.742188 0.062500 0.035156
2 0.100000 0.292969 0.059375 0.035156
2 0.404687 0.274414 0.062500 0.029297
2 0.525781 0.314453 0.060937 0.031250
2 0.407031 0.926758 0.060937 0.037109
2 0.453906 0.687500 0.060937 0.035156
2 0.935156 0.677734 0.060937 0.035156
1 0.948438 0.273438 0.059375 0.035156
2 0.696094 0.735352 0.060937 0.037109
2 0.328906 0.713867 0.060937 0.037109
2 0.888281 0.299805 0.060937 0.033203
2 0.919531 0.133789 0.060937 0.029297
2 0.219531 0.294922 0.060937 0.035156
2 0.146094 0.704102 0.057813 0.041016
2 0.862500 0.128906 0.059375 0.031250
0 0.586719 0.286133 0.060937 0.033203
2 0.574219 0.692383 0.060937 0.037109
2 0.282031 0.265625 0.064062 0.035156
2 0.464844 0.249023 0.060937 0.033203
2 0.525781 0.284180 0.060937 0.033203
2 0.937500 0.747070 0.059375 0.037109
0 0.128906 0.431641 0.060937 0.035156
2 0.171094 0.836914 0.060937 0.037109
0 0.948438 0.306641 0.062500 0.035156
2 0.529687 0.863281 0.059375 0.035156
2 0.468750 0.932617 0.062500 0.037109
2 0.349219 0.850586 0.060937 0.037109
2 0.211719 0.673828 0.060937 0.039062
2 0.709375 0.324219 0.062500 0.031250
2 0.803125 0.123047 0.059375 0.035156
2 0.634375 0.731445 0.062500 0.037109
2 0.586719 0.318359 0.060937 0.031250
2 0.652344 0.940430 0.060937 0.037109
2 0.696875 0.700195 0.059375 0.037109
2 0.889844 0.332031 0.060937 0.031250
2 0.086719 0.700195 0.060937 0.037109
2 0.048438 0.229492 0.059375 0.029297
2 0.757031 0.668945 0.060937 0.037109
2 0.771094 0.296875 0.060937 0.027344
2 0.830469 0.297852 0.060937 0.033203
2 0.158594 0.294922 0.060937 0.035156
2 0.646875 0.320312 0.062500 0.035156
2 0.272656 0.674805 0.060937 0.037109
2 0.514062 0.689453 0.062500 0.035156
0 0.188281 0.435547 0.060937 0.039062
2 0.573438 0.729492 0.062500 0.041016
2 0.789062 0.468750 0.062500 0.035156
2 0.528906 0.896484 0.060937 0.035156
2 0.244531 0.474609 0.060937 0.035156
2 0.425781 0.514648 0.060937 0.029297
2 0.549219 0.487305 0.060937 0.033203
2 0.711719 0.946289 0.060937 0.037109
0 0.368750 0.444336 0.059375 0.037109
2 0.681250 0.083984 0.059375 0.027344
2 0.104688 0.906250 0.059375 0.039062
2 0.272656 0.641602 0.060937 0.033203
1 0.499219 0.046875 0.060937 0.031250
2 0.832812 0.876953 0.059375 0.035156
2 0.682031 0.114258 0.057813 0.029297
2 0.500781 0.074219 0.060937 0.027344
2 0.288281 0.882812 0.060937 0.039062
2 0.257812 0.061523 0.059375 0.029297
2 0.559375 0.108398 0.059375 0.029297
2 0.950000 0.882812 0.062500 0.039062
2 0.490625 0.453125 0.059375 0.035156
2 0.892969 0.953125 0.060937 0.039062
2 0.621094 0.112305 0.064062 0.033203
2 0.488281 0.483398 0.060937 0.033203
2 0.547656 0.522461 0.060937 0.037109
2 0.681250 0.056641 0.059375 0.031250
2 0.620313 0.052734 0.062500 0.031250
2 0.636719 0.661133 0.060937 0.033203
2 0.791406 0.500977 0.060937 0.037109
2 0.036719 0.627930 0.057813 0.037109
2 0.610156 0.525391 0.060937 0.035156
2 0.367188 0.479492 0.062500 0.033203
2 0.732031 0.530273 0.060937 0.033203
0 0.165625 0.910156 0.062500 0.039062
2 0.061719 0.496094 0.060937 0.035156
2 0.242969 0.508789 0.060937 0.037109
2 0.852344 0.504883 0.060937 0.033203
2 0.610156 0.459961 0.060937 0.037109
1 0.968750 0.476562 0.062500 0.031250
2 0.079687 0.056641 0.059375 0.031250
2 0.500000 0.102539 0.059375 0.029297
2 0.095312 0.632812 0.059375 0.039062
2 0.347656 0.887695 0.060937 0.033203
2 0.670312 0.495117 0.062500 0.033203
2 0.575781 0.658203 0.060937 0.035156
2 0.364063 0.514648 0.062500 0.037109
0 0.066406 0.461914 0.060937 0.033203
2 0.770312 0.875977 0.062500 0.037109
2 0.732031 0.497070 0.060937 0.033203
2 0.740625 0.087891 0.062500 0.031250
2 0.150781 0.668945 0.060937 0.041016
2 0.913281 0.541992 0.060937 0.037109
2 0.514844 0.657227 0.060937 0.041016
2 0.969531 0.509766 0.060937 0.031250
2 0.076563 0.086914 0.059375 0.029297
2 0.257031 0.092773 0.057813 0.033203
0 0.228125 0.878906 0.059375 0.039062
2 0.711719 0.872070 0.060937 0.037109
2 0.181250 0.501953 0.062500 0.035156
2 0.771875 0.949219 0.059375 0.039062
2 0.317969 0.063477 0.060937 0.033203
2 0.650781 0.868164 0.060937 0.037109
2 0.741406 0.119141 0.060937 0.031250
2 0.304688 0.476562 0.059375 0.031250
2 0.800000 0.064453 0.059375 0.035156
1 0.335156 0.646484 0.060937 0.031250
2 0.196094 0.087891 0.060937 0.031250
2 0.589844 0.900391 0.060937 0.035156
2 0.453906 0.652344 0.060937 0.035156
2 0.091406 0.666016 0.060937 0.035156
2 0.201563 0.032227 0.059375 0.025391
2 0.032031 0.664062 0.057813 0.035156
2 0.730469 0.465820 0.060937 0.037109
2 0.144531 0.029297 0.060937 0.031250
2 0.439844 0.073242 0.060937 0.029297
2 0.050000 0.868164 0.059375 0.033203
1 0.917969 0.074219 0.060937 0.031250
1 0.394531 0.650391 0.060937 0.035156
2 0.589844 0.865234 0.060937 0.035156
2 0.671094 0.528320 0.060937 0.037109
1 0.155469 0.633789 0.060937 0.033203
2 0.858594 0.066406 0.057813 0.031250
2 0.970313 0.543945 0.059375 0.037109
0 0.167969 0.875000 0.060937 0.039062
2 0.860938 0.097656 0.059375 0.031250
2 0.121875 0.499023 0.059375 0.041016
0 0.320312 0.035156 0.059375 0.031250
2 0.378906 0.068359 0.060937 0.031250
2 0.850000 0.473633 0.059375 0.037109
2 0.183594 0.467773 0.060937 0.037109
2 0.908594 0.476562 0.060937 0.035156
2 0.440625 0.041992 0.059375 0.033203
2 0.889844 0.880859 0.060937 0.035156
2 0.801562 0.092773 0.059375 0.029297
2 0.409375 0.887695 0.062500 0.037109
2 0.261719 0.032227 0.060937 0.029297
2 0.741406 0.059570 0.060937 0.029297
1 0.307812 0.442383 0.062500 0.037109
2 0.140625 0.059570 0.059375 0.029297
2 0.380469 0.039062 0.060937 0.035156
2 0.486719 0.517578 0.060937 0.035156
2 0.670312 0.464844 0.062500 0.035156
2 0.199219 0.058594 0.060937 0.027344
2 0.110156 0.870117 0.060937 0.037109
2 0.136719 0.087891 0.060937 0.027344
2 0.920312 0.104492 0.059375 0.029297
2 0.303906 0.508789 0.060937 0.037109
1 0.084375 0.025391 0.059375 0.031250
2 0.771875 0.912109 0.059375 0.035156
2 0.792969 0.537109 0.060937 0.035156
2 0.954688 0.957031 0.059375 0.039062
2 0.428906 0.480469 0.064062 0.039062
2 0.316406 0.095703 0.060937 0.031250
2 0.248438 0.440430 0.062500 0.037109
2 0.696094 0.666016 0.060937 0.039062
2 0.711719 0.907227 0.060937 0.037109
2 0.550000 0.455078 0.059375 0.035156
2 0.610156 0.492188 0.060937 0.031250
2 0.833594 0.952148 0.060937 0.041016
2 0.853906 0.539062 0.060937 0.035156
0 0.123438 0.463867 0.059375 0.033203
2 0.427344 0.450195 0.067187 0.041016
2 0.561719 0.078125 0.060937 0.027344
2 0.559375 0.048828 0.059375 0.031250
2 0.439063 0.102539 0.062500 0.029297
2 0.910156 0.507812 0.060937 0.031250
2 0.468750 0.893555 0.059375 0.037109
2 0.377344 0.099609 0.060937 0.031250
2 0.621094 0.081055 0.060937 0.029297
2 0.213281 0.636719 0.060937 0.035156
2 0.650781 0.904297 0.060937 0.035156
2 0.045312 0.901367 0.059375 0.037109
