2 0.675000 0.901367 0.025000 0.076172
2 0.698438 0.968750 0.028125 0.062500
2 0.353125 0.735352 0.028125 0.076172
2 0.676562 0.064453 0.028125 0.074219
2 0.815625 0.792969 0.028125 0.078125
2 0.326562 0.659180 0.031250 0.076172
2 0.332031 0.505859 0.029687 0.078125
2 0.347656 0.046875 0.029687 0.074219
2 0.334375 0.428711 0.031250 0.076172
2 0.342969 0.198242 0.029687 0.076172
2 0.345313 0.123047 0.028125 0.074219
2 0.676562 0.967773 0.021875 0.064453
2 0.695312 0.369141 0.028125 0.074219
2 0.703906 0.070312 0.026562 0.070312
0 0.850000 0.564453 0.025000 0.078125
2 0.339844 0.276367 0.029687 0.076172
2 0.839063 0.109375 0.028125 0.078125
2 0.667188 0.368164 0.031250 0.072266
2 0.822656 0.566406 0.029687 0.078125
1 0.725000 0.221680 0.028125 0.072266
0 0.681250 0.750977 0.025000 0.076172
2 0.694531 0.445312 0.026562 0.078125
2 0.678125 0.825195 0.025000 0.076172
2 0.832031 0.412109 0.029687 0.078125
2 0.846875 0.641602 0.025000 0.076172
2 0.161719 0.679688 0.029687 0.074219
0 0.673438 0.139648 0.028125 0.072266
2 0.729688 0.072266 0.025000 0.074219
2 0.705469 0.016602 0.026562 0.033203
2 0.723437 0.297852 0.028125 0.072266
0 0.707031 0.750000 0.026562 0.074219
2 0.164844 0.603516 0.032813 0.074219
2 0.719531 0.447266 0.029687 0.074219
2 0.373437 0.126953 0.028125 0.074219
2 0.840625 0.791992 0.025000 0.076172
2 0.854688 0.489258 0.021875 0.072266
2 0.842969 0.715820 0.023438 0.076172
2 0.371875 0.961914 0.031250 0.076172
2 0.336719 0.352539 0.029687 0.076172
2 0.835156 0.259766 0.029687 0.074219
2 0.832812 0.334961 0.028125 0.076172
2 0.817969 0.717773 0.029687 0.076172
2 0.834375 0.943359 0.028125 0.078125
2 0.819531 0.640625 0.029687 0.078125
0 0.714844 0.597656 0.026562 0.074219
2 0.688281 0.597656 0.023438 0.074219
2 0.347656 0.887695 0.026562 0.076172
0 0.704688 0.826172 0.025000 0.074219
2 0.321094 0.811523 0.029687 0.076172
2 0.325781 0.734375 0.032813 0.078125
2 0.157812 0.754883 0.028125 0.076172
2 0.837500 0.183594 0.028125 0.074219
2 0.345313 0.961914 0.028125 0.076172
2 0.696875 0.294922 0.028125 0.074219
2 0.685156 0.674805 0.026562 0.076172
2 0.353906 0.659180 0.026562 0.076172
2 0.700781 0.142578 0.026562 0.074219
0 0.842187 0.035156 0.028125 0.070312
2 0.721875 0.372070 0.028125 0.076172
0 0.709375 0.672852 0.028125 0.076172
2 0.170313 0.373047 0.028125 0.074219
2 0.329688 0.583008 0.031250 0.076172
0 0.714844 0.523438 0.026562 0.074219
0 0.726562 0.145508 0.028125 0.076172
3 0.804688 0.991211 0.028125 0.017578
2 0.375000 0.885742 0.028125 0.076172
2 0.164844 0.526367 0.029687 0.076172
2 0.315625 0.962891 0.031250 0.074219
2 0.361719 0.430664 0.026562 0.076172
2 0.838281 0.868164 0.029687 0.076172
2 0.665625 0.443359 0.031250 0.074219
2 0.366406 0.354492 0.026562 0.076172
2 0.367969 0.278320 0.026562 0.076172
1 0.700000 0.900391 0.028125 0.074219
2 0.371875 0.202148 0.028125 0.076172
2 0.357031 0.582031 0.026562 0.078125
2 0.828906 0.490234 0.032813 0.074219
2 0.671094 0.214844 0.029687 0.074219
2 0.360938 0.505859 0.028125 0.078125
2 0.690625 0.521484 0.025000 0.074219
0 0.699219 0.217773 0.026562 0.072266
2 0.812500 0.867188 0.031250 0.078125
2 0.349219 0.811523 0.026562 0.076172
2 0.807813 0.944336 0.028125 0.076172
2 0.678125 0.013672 0.028125 0.027344
2 0.175781 0.296875 0.029687 0.074219
2 0.169531 0.450195 0.029687 0.076172
0 0.668750 0.291992 0.031250 0.072266
2 0.662500 0.519531 0.031250 0.074219
2 0.730469 0.017578 0.026562 0.035156
2 0.319531 0.887695 0.029687 0.076172
3 0.831250 0.990234 0.025000 0.019531
0 0.889844 0.043945 0.020313 0.072266
0 0.884375 0.264648 0.021875 0.076172
2 0.509375 0.243164 0.031250 0.076172
2 0.394531 0.282227 0.026562 0.076172
2 0.516406 0.027344 0.029687 0.054688
2 0.486719 0.776367 0.029687 0.076172
2 0.532031 0.322266 0.026562 0.074219
2 0.477344 0.984375 0.029687 0.031250
2 0.519531 0.626953 0.026562 0.074219
2 0.564844 0.098633 0.026562 0.076172
2 0.200781 0.375000 0.029687 0.074219
0 0.860938 0.339844 0.025000 0.074219
2 0.875781 0.565430 0.026562 0.076172
2 0.564063 0.173828 0.028125 0.074219
2 0.548438 0.626953 0.028125 0.074219
2 0.534375 0.247070 0.025000 0.076172
2 0.861719 0.940430 0.029687 0.076172
2 0.862500 0.866211 0.028125 0.076172
4 0.543750 0.702148 0.028125 0.076172
2 0.189062 0.679688 0.028125 0.074219
2 0.379688 0.734375 0.028125 0.074219
2 0.378906 0.008789 0.026562 0.017578
2 0.181250 0.143555 0.031250 0.076172
2 0.494531 0.548828 0.026562 0.074219
0 0.230469 0.376953 0.029687 0.074219
2 0.859375 0.413086 0.025000 0.076172
2 0.180469 0.970703 0.029687 0.058594
2 0.212500 0.904297 0.031250 0.074219
2 0.193750 0.604492 0.028125 0.076172
2 0.537500 0.168945 0.025000 0.076172
2 0.216406 0.018555 0.029687 0.037109
2 0.182812 0.905273 0.028125 0.076172
2 0.539844 0.852539 0.029687 0.076172
2 0.197656 0.451172 0.029687 0.074219
1 0.385156 0.584961 0.029687 0.076172
2 0.867969 0.041016 0.023438 0.074219
2 0.568750 0.031250 0.025000 0.062500
2 0.152344 0.972656 0.029687 0.054688
2 0.214062 0.074219 0.031250 0.074219
2 0.205469 0.298828 0.029687 0.074219
2 0.557813 0.323242 0.028125 0.076172
2 0.377344 0.051758 0.026562 0.076172
0 0.654687 0.751953 0.031250 0.074219
2 0.392188 0.356445 0.028125 0.076172
2 0.386719 0.507812 0.026562 0.074219
0 0.233594 0.302734 0.029687 0.074219
2 0.881250 0.415039 0.021875 0.076172
2 0.862500 0.264648 0.025000 0.076172
3 0.858594 0.988281 0.029687 0.023438
2 0.389062 0.432617 0.028125 0.076172
2 0.510938 0.091797 0.028125 0.074219
2 0.863281 0.187500 0.023438 0.078125
2 0.397656 0.206055 0.026562 0.076172
2 0.512500 0.852539 0.028125 0.076172
2 0.534375 0.982422 0.028125 0.035156
0 0.518750 0.702148 0.028125 0.076172
2 0.210938 0.148438 0.028125 0.074219
2 0.490625 0.702148 0.028125 0.076172
2 0.221875 0.604492 0.031250 0.076172
2 0.888281 0.117188 0.023438 0.078125
2 0.650781 0.902344 0.029687 0.074219
2 0.184375 0.068359 0.031250 0.074219
2 0.235156 0.226562 0.029687 0.074219
2 0.377344 0.809570 0.029687 0.076172
0 0.661719 0.597656 0.032813 0.074219
2 0.552344 0.474609 0.029687 0.074219
2 0.499219 0.471680 0.029687 0.076172
2 0.188281 0.754883 0.029687 0.076172
2 0.217188 0.754883 0.031250 0.076172
2 0.509375 0.927734 0.028125 0.074219
2 0.653125 0.828125 0.031250 0.074219
0 0.244531 0.020508 0.029687 0.041016
2 0.527344 0.473633 0.026562 0.076172
2 0.510156 0.166992 0.029687 0.076172
2 0.650000 0.969727 0.034375 0.060547
2 0.556250 0.398438 0.028125 0.078125
2 0.239063 0.152344 0.031250 0.074219
2 0.872656 0.641602 0.026562 0.076172
2 0.155469 0.831055 0.029687 0.076172
2 0.405469 0.009766 0.026562 0.019531
2 0.536719 0.927734 0.029687 0.074219
2 0.225000 0.529297 0.031250 0.074219
2 0.153125 0.907227 0.028125 0.076172
2 0.479687 0.929688 0.028125 0.074219
1 0.241406 0.076172 0.029687 0.074219
2 0.514844 0.776367 0.029687 0.076172
2 0.542969 0.776367 0.029687 0.076172
2 0.208594 0.222656 0.029687 0.074219
2 0.187500 0.015625 0.031250 0.031250
2 0.228906 0.452148 0.029687 0.076172
2 0.882812 0.338867 0.025000 0.076172
2 0.529687 0.396484 0.028125 0.078125
2 0.865625 0.792969 0.028125 0.074219
1 0.887500 0.191406 0.025000 0.074219
2 0.213281 0.830078 0.029687 0.074219
2 0.878125 0.490234 0.025000 0.074219
2 0.403906 0.056641 0.026562 0.074219
2 0.542969 0.030273 0.023438 0.060547
0 0.211719 0.970703 0.032813 0.058594
2 0.550781 0.549805 0.026562 0.076172
0 0.865625 0.115234 0.025000 0.074219
2 0.382031 0.659180 0.029687 0.076172
2 0.539062 0.095703 0.025000 0.074219
2 0.657813 0.672852 0.031250 0.076172
1 0.218750 0.679688 0.031250 0.074219
2 0.505469 0.319336 0.029687 0.076172
2 0.484375 0.852539 0.031250 0.076172
2 0.492188 0.624023 0.028125 0.076172
2 0.869531 0.715820 0.026562 0.076172
2 0.183594 0.831055 0.026562 0.076172
2 0.195312 0.526367 0.028125 0.076172
2 0.523438 0.549805 0.028125 0.076172
0 0.507812 0.982422 0.028125 0.035156
2 0.560156 0.249023 0.026562 0.076172
2 0.179688 0.220703 0.031250 0.074219
2 0.400781 0.130859 0.026562 0.074219
2 0.503125 0.395508 0.031250 0.076172
