2 0.599219 0.087891 0.057813 0.031250
2 0.669531 0.668945 0.060937 0.037109
2 0.609375 0.666016 0.059375 0.031250
2 0.963281 0.648438 0.057813 0.035156
2 0.904687 0.645508 0.056250 0.033203
2 0.786719 0.638672 0.060937 0.031250
2 0.669531 0.633789 0.057813 0.033203
2 0.939844 0.508789 0.057813 0.033203
2 0.882812 0.505859 0.059375 0.035156
2 0.823438 0.503906 0.059375 0.035156
2 0.704688 0.496094 0.059375 0.035156
0 0.584375 0.491211 0.059375 0.037109
2 0.880469 0.474609 0.060937 0.031250
2 0.821875 0.470703 0.059375 0.031250
2 0.762500 0.467773 0.059375 0.033203
2 0.644531 0.460938 0.060937 0.031250
2 0.936719 0.444336 0.057813 0.033203
2 0.821875 0.438477 0.059375 0.033203
2 0.762500 0.435547 0.059375 0.031250
2 0.703125 0.431641 0.059375 0.031250
2 0.584375 0.424805 0.059375 0.033203
2 0.915625 0.307617 0.059375 0.033203
2 0.795312 0.302734 0.059375 0.031250
2 0.736719 0.300781 0.060937 0.031250
2 0.676562 0.294922 0.059375 0.031250
2 0.557813 0.288086 0.059375 0.033203
0 0.914062 0.278320 0.059375 0.029297
2 0.795312 0.272461 0.059375 0.029297
2 0.735938 0.268555 0.059375 0.029297
2 0.676562 0.265625 0.059375 0.031250
2 0.558594 0.255859 0.057813 0.031250
2 0.910937 0.248047 0.059375 0.031250
1 0.793750 0.238281 0.059375 0.035156
2 0.735938 0.239258 0.059375 0.033203
2 0.675781 0.233398 0.060937 0.037109
2 0.558594 0.223633 0.057813 0.033203
0 0.928906 0.916016 0.060937 0.035156
2 0.811719 0.911133 0.060937 0.037109
2 0.955469 0.104492 0.060937 0.033203
2 0.896875 0.104492 0.059375 0.029297
2 0.777344 0.094727 0.057813 0.029297
2 0.717969 0.094727 0.060937 0.029297
2 0.846875 0.642578 0.059375 0.031250
2 0.764844 0.501953 0.060937 0.035156
2 0.642969 0.493164 0.060937 0.037109
2 0.727344 0.637695 0.060937 0.029297
2 0.610156 0.632812 0.057813 0.035156
2 0.938281 0.475586 0.057813 0.033203
2 0.835938 0.098633 0.059375 0.033203
2 0.616406 0.291992 0.060937 0.033203
2 0.643750 0.428711 0.059375 0.033203
2 0.854688 0.304688 0.059375 0.031250
2 0.972656 0.310547 0.054688 0.035156
2 0.704688 0.463867 0.059375 0.033203
2 0.584375 0.458008 0.059375 0.033203
2 0.880469 0.441406 0.057813 0.031250
2 0.970313 0.278320 0.059375 0.029297
2 0.869531 0.913086 0.057813 0.037109
2 0.853125 0.244141 0.059375 0.031250
2 0.979688 0.915039 0.040625 0.033203
2 0.617188 0.231445 0.059375 0.029297
2 0.853125 0.273438 0.059375 0.031250
2 0.970313 0.249023 0.059375 0.033203
2 0.617188 0.261719 0.059375 0.031250
2 0.657813 0.089844 0.059375 0.031250
2 0.967187 0.716797 0.059375 0.035156
2 0.907813 0.713867 0.059375 0.037109
2 0.849219 0.711914 0.057813 0.033203
2 0.788281 0.708008 0.060937 0.033203
2 0.729688 0.707031 0.062500 0.035156
2 0.670312 0.703125 0.059375 0.039062
2 0.610156 0.698242 0.060937 0.037109
2 0.964844 0.682617 0.057813 0.033203
2 0.906250 0.679688 0.059375 0.035156
2 0.848437 0.676758 0.059375 0.037109
2 0.788281 0.673828 0.060937 0.035156
2 0.729688 0.671875 0.059375 0.035156
2 0.753125 0.908203 0.059375 0.039062
2 0.692187 0.905273 0.059375 0.041016
0 0.952344 0.076172 0.060937 0.027344
2 0.893750 0.073242 0.059375 0.029297
2 0.834375 0.070312 0.059375 0.027344
2 0.775000 0.066406 0.059375 0.027344
2 0.717187 0.064453 0.059375 0.027344
2 0.657813 0.060547 0.056250 0.025391
2 0.600781 0.057617 0.060937 0.029297
2 0.950000 0.048828 0.062500 0.027344
2 0.890625 0.044922 0.056250 0.027344
2 0.632812 0.904297 0.059375 0.039062
2 0.832812 0.041016 0.059375 0.027344
2 0.776563 0.037109 0.059375 0.027344
2 0.717969 0.036133 0.057813 0.029297
2 0.657813 0.031250 0.059375 0.031250
2 0.600000 0.027344 0.056250 0.027344
2 0.573438 0.899414 0.059375 0.041016
2 0.978125 0.880859 0.043750 0.035156
2 0.926562 0.878906 0.059375 0.035156
2 0.869531 0.876953 0.057813 0.035156
0 0.810937 0.875000 0.059375 0.039062
2 0.751563 0.868164 0.059375 0.037109
2 0.692969 0.868164 0.057813 0.033203
2 0.633594 0.867188 0.060937 0.035156
2 0.574219 0.863281 0.057813 0.035156
2 0.976562 0.847656 0.046875 0.035156
2 0.924219 0.844727 0.057813 0.037109
0 0.868750 0.840820 0.059375 0.037109
1 0.810156 0.836914 0.060937 0.033203
2 0.751563 0.834961 0.059375 0.033203
2 0.692187 0.833008 0.059375 0.037109
2 0.632031 0.831055 0.060937 0.037109
2 0.574219 0.829102 0.057813 0.033203
