2 0.751563 0.803711 0.059375 0.037109
2 0.692187 0.800781 0.059375 0.035156
0 0.927344 0.774414 0.057813 0.033203
2 0.868750 0.774414 0.059375 0.033203
2 0.810156 0.769531 0.057813 0.035156
2 0.751563 0.768555 0.059375 0.033203
2 0.690625 0.766602 0.059375 0.033203
2 0.954688 0.976562 0.059375 0.035156
2 0.895312 0.974609 0.059375 0.035156
2 0.925781 0.742188 0.057813 0.031250
0 0.867969 0.739258 0.057813 0.033203
2 0.809375 0.736328 0.059375 0.035156
2 0.750000 0.734375 0.059375 0.035156
2 0.690625 0.732422 0.059375 0.035156
0 0.837500 0.972656 0.059375 0.035156
2 0.718750 0.970703 0.059375 0.035156
2 0.778125 0.970703 0.059375 0.035156
2 0.658594 0.969727 0.057813 0.037109
2 0.600781 0.964844 0.057813 0.039062
2 0.573438 0.653320 0.003125 0.009766
1 0.540625 0.963867 0.059375 0.041016
2 0.479687 0.962891 0.059375 0.039062
2 0.971094 0.609375 0.057813 0.035156
2 0.912500 0.608398 0.059375 0.033203
2 0.853906 0.605469 0.057813 0.035156
2 0.794531 0.602539 0.060937 0.033203
2 0.734375 0.600586 0.059375 0.033203
2 0.675000 0.598633 0.059375 0.033203
2 0.614062 0.594727 0.059375 0.037109
2 0.970313 0.576172 0.056250 0.031250
2 0.910937 0.573242 0.059375 0.033203
2 0.851562 0.572266 0.059375 0.031250
2 0.794531 0.569336 0.057813 0.033203
2 0.734375 0.567383 0.059375 0.033203
2 0.674219 0.564453 0.060937 0.035156
2 0.613281 0.559570 0.060937 0.029297
2 0.966406 0.542969 0.057813 0.035156
2 0.910156 0.540039 0.057813 0.033203
2 0.851562 0.538086 0.059375 0.037109
2 0.502344 0.183594 0.060937 0.031250
2 0.441406 0.180664 0.060937 0.033203
2 0.382031 0.176758 0.060937 0.033203
2 0.321094 0.175781 0.060937 0.031250
2 0.919531 0.172852 0.057813 0.029297
2 0.261719 0.171875 0.060937 0.031250
2 0.862500 0.170898 0.059375 0.029297
2 0.200781 0.168945 0.060937 0.033203
2 0.142969 0.166992 0.060937 0.033203
2 0.802344 0.166992 0.060937 0.029297
2 0.742188 0.162109 0.059375 0.031250
2 0.682813 0.161133 0.059375 0.029297
2 0.623437 0.157227 0.059375 0.029297
2 0.563281 0.154297 0.060937 0.031250
2 0.503125 0.152344 0.059375 0.031250
2 0.442969 0.149414 0.060937 0.029297
2 0.382031 0.145508 0.060937 0.029297
2 0.323437 0.145508 0.062500 0.029297
2 0.918750 0.145508 0.056250 0.029297
2 0.264062 0.141602 0.059375 0.029297
2 0.859375 0.141602 0.059375 0.033203
2 0.203906 0.138672 0.060937 0.027344
2 0.146875 0.138672 0.059375 0.027344
2 0.800781 0.136719 0.057813 0.031250
2 0.740625 0.135742 0.059375 0.029297
2 0.682813 0.130859 0.059375 0.031250
2 0.623437 0.126953 0.059375 0.031250
2 0.563281 0.123047 0.060937 0.031250
2 0.503125 0.123047 0.059375 0.031250
2 0.444531 0.119141 0.060937 0.031250
2 0.383594 0.116211 0.060937 0.033203
2 0.325000 0.114258 0.059375 0.033203
2 0.265625 0.113281 0.059375 0.031250
2 0.208594 0.111328 0.060937 0.031250
2 0.150000 0.109375 0.056250 0.027344
2 0.928906 0.810547 0.057813 0.035156
2 0.870313 0.808594 0.059375 0.035156
2 0.810937 0.806641 0.059375 0.035156
2 0.792969 0.535156 0.057813 0.035156
2 0.732812 0.533203 0.059375 0.035156
2 0.673438 0.531250 0.059375 0.035156
2 0.615625 0.528320 0.059375 0.037109
1 0.952344 0.940430 0.057813 0.037109
2 0.947656 0.404297 0.057813 0.031250
2 0.828906 0.400391 0.057813 0.039062
2 0.889062 0.399414 0.059375 0.037109
2 0.767969 0.395508 0.060937 0.041016
2 0.895312 0.938477 0.059375 0.037109
2 0.707812 0.391602 0.059375 0.044922
0 0.647656 0.389648 0.060937 0.041016
2 0.588281 0.384766 0.060937 0.039062
2 0.528125 0.383789 0.059375 0.037109
0 0.465625 0.381836 0.059375 0.033203
2 0.404687 0.380859 0.059375 0.035156
2 0.345313 0.377930 0.059375 0.037109
2 0.836719 0.936523 0.057813 0.033203
2 0.778125 0.935547 0.059375 0.035156
2 0.284375 0.375000 0.062500 0.035156
2 0.943750 0.373047 0.059375 0.031250
2 0.224219 0.371094 0.060937 0.035156
2 0.885938 0.370117 0.059375 0.033203
2 0.164062 0.369141 0.062500 0.035156
2 0.105469 0.367188 0.060937 0.035156
2 0.826562 0.366211 0.059375 0.029297
2 0.767969 0.359375 0.057813 0.031250
2 0.707812 0.356445 0.059375 0.029297
2 0.718750 0.934570 0.059375 0.037109
2 0.587500 0.354492 0.059375 0.029297
2 0.648438 0.354492 0.059375 0.029297
2 0.527344 0.351562 0.060937 0.031250
2 0.467969 0.350586 0.060937 0.033203
2 0.407031 0.347656 0.060937 0.031250
0 0.346875 0.343750 0.062500 0.035156
1 0.942969 0.342773 0.060937 0.037109
2 0.287500 0.342773 0.062500 0.029297
0 0.884375 0.339844 0.059375 0.035156
2 0.226562 0.336914 0.062500 0.033203
2 0.826562 0.336914 0.059375 0.033203
2 0.168750 0.336914 0.062500 0.033203
2 0.107813 0.335938 0.062500 0.031250
2 0.767188 0.332031 0.059375 0.035156
2 0.708594 0.328125 0.057813 0.031250
0 0.647656 0.325195 0.057813 0.033203
2 0.587500 0.323242 0.059375 0.033203
2 0.528906 0.320312 0.060937 0.035156
2 0.467969 0.320312 0.060937 0.035156
0 0.660156 0.931641 0.057813 0.039062
0 0.409375 0.315430 0.059375 0.033203
1 0.348438 0.312500 0.062500 0.031250
2 0.289844 0.311523 0.060937 0.033203
2 0.228906 0.307617 0.060937 0.029297
2 0.171094 0.304688 0.060937 0.031250
2 0.113281 0.303711 0.057813 0.033203
2 0.600781 0.926758 0.057813 0.037109
2 0.541406 0.923828 0.057813 0.035156
2 0.481250 0.923828 0.059375 0.035156
2 0.921875 0.202148 0.059375 0.033203
2 0.862500 0.201172 0.059375 0.035156
2 0.804688 0.198242 0.059375 0.033203
2 0.743750 0.194336 0.059375 0.033203
2 0.684375 0.191406 0.059375 0.031250
2 0.623437 0.186523 0.059375 0.037109
2 0.563281 0.184570 0.060937 0.033203
