2 0.816406 0.645508 0.060937 0.037109
2 0.753906 0.639648 0.060937 0.037109
2 0.528906 0.966797 0.060937 0.039062
2 0.935937 0.650391 0.059375 0.035156
2 0.875781 0.651367 0.057813 0.033203
2 0.589844 0.969727 0.064062 0.041016
2 0.631250 0.805664 0.062500 0.033203
2 0.143750 0.806641 0.059375 0.035156
2 0.150781 0.569336 0.060937 0.033203
2 0.691406 0.806641 0.060937 0.035156
2 0.752344 0.811523 0.060937 0.033203
2 0.754687 0.569336 0.059375 0.037109
0 0.753906 0.603516 0.057813 0.031250
0 0.510156 0.624023 0.064062 0.037109
2 0.468750 0.961914 0.062500 0.041016
2 0.693750 0.636719 0.056250 0.039062
0 0.571094 0.628906 0.057813 0.035156
2 0.632812 0.634766 0.062500 0.039062
2 0.204687 0.608398 0.059375 0.037109
2 0.935156 0.615234 0.064062 0.035156
0 0.387500 0.619141 0.056250 0.039062
2 0.449219 0.621094 0.060937 0.039062
1 0.813281 0.608398 0.064062 0.037109
2 0.325781 0.614258 0.060937 0.037109
2 0.264844 0.611328 0.064062 0.035156
2 0.875000 0.614258 0.056250 0.033203
0 0.814844 0.571289 0.057813 0.033203
2 0.143750 0.602539 0.062500 0.037109
2 0.572656 0.592773 0.057813 0.033203
2 0.027344 0.597656 0.051562 0.035156
2 0.082812 0.598633 0.059375 0.037109
0 0.632812 0.596680 0.062500 0.037109
2 0.692969 0.598633 0.060937 0.033203
2 0.208594 0.572266 0.060937 0.035156
0 0.410938 0.958984 0.062500 0.039062
0 0.510938 0.590820 0.059375 0.037109
2 0.266406 0.577148 0.060937 0.029297
2 0.934375 0.582031 0.059375 0.035156
2 0.389062 0.583008 0.059375 0.033203
2 0.450000 0.585938 0.062500 0.035156
2 0.874219 0.577148 0.060937 0.037109
2 0.328906 0.580078 0.060937 0.031250
2 0.092969 0.534180 0.057813 0.033203
2 0.572656 0.558594 0.060937 0.035156
2 0.203906 0.812500 0.064062 0.042969
0 0.030469 0.560547 0.054688 0.035156
2 0.089063 0.566406 0.062500 0.035156
2 0.630469 0.840820 0.060937 0.037109
2 0.635156 0.561523 0.060937 0.033203
2 0.694531 0.565430 0.057813 0.029297
2 0.149219 0.533203 0.054688 0.035156
0 0.350781 0.954102 0.060937 0.041016
2 0.450781 0.551758 0.060937 0.037109
2 0.513281 0.555664 0.060937 0.037109
2 0.209375 0.536133 0.059375 0.037109
2 0.389062 0.549805 0.059375 0.037109
0 0.270313 0.541992 0.062500 0.041016
2 0.329688 0.545898 0.059375 0.033203
2 0.696875 0.429688 0.059375 0.031250
2 0.231250 0.944336 0.059375 0.037109
0 0.287500 0.949219 0.059375 0.042969
2 0.756250 0.433594 0.062500 0.035156
2 0.939844 0.446289 0.060937 0.033203
2 0.227344 0.982422 0.060937 0.035156
2 0.818750 0.439453 0.059375 0.035156
2 0.878906 0.442383 0.060937 0.033203
2 0.944531 0.983398 0.060937 0.033203
2 0.510938 0.418945 0.062500 0.037109
2 0.575781 0.420898 0.064062 0.037109
2 0.637500 0.423828 0.059375 0.035156
2 0.690625 0.844727 0.059375 0.037109
2 0.450000 0.413086 0.056250 0.033203
2 0.389062 0.411133 0.062500 0.033203
2 0.170313 0.940430 0.059375 0.037109
2 0.569531 0.837891 0.060937 0.035156
2 0.322656 0.821289 0.064062 0.037109
2 0.507812 0.834961 0.062500 0.037109
0 0.885938 0.980469 0.062500 0.031250
2 0.385937 0.826172 0.059375 0.035156
2 0.446875 0.828125 0.062500 0.035156
2 0.932031 0.817383 0.060937 0.037109
2 0.264062 0.817383 0.062500 0.041016
2 0.871094 0.819336 0.064062 0.037109
2 0.811719 0.814453 0.060937 0.035156
2 0.327344 0.786133 0.064062 0.041016
2 0.083594 0.801758 0.051562 0.037109
2 0.750781 0.845703 0.064062 0.039062
2 0.812500 0.850586 0.059375 0.037109
1 0.214062 0.334961 0.056250 0.033203
2 0.582812 0.152344 0.062500 0.031250
2 0.053125 0.933594 0.065625 0.042969
2 0.151562 0.367188 0.059375 0.035156
2 0.167969 0.976562 0.057813 0.035156
4 0.273438 0.337891 0.062500 0.035156
2 0.575000 0.355469 0.062500 0.039062
2 0.634375 0.359375 0.062500 0.042969
2 0.696875 0.363281 0.062500 0.039062
2 0.334375 0.342773 0.059375 0.033203
2 0.514062 0.348633 0.059375 0.033203
2 0.394531 0.347656 0.060937 0.031250
2 0.453906 0.346680 0.060937 0.033203
3 0.521875 0.150391 0.062500 0.039062
3 0.642188 0.155273 0.059375 0.037109
3 0.764062 0.196289 0.062500 0.033203
2 0.765625 0.228516 0.062500 0.031250
2 0.825000 0.229492 0.059375 0.033203
4 0.154688 0.333008 0.059375 0.037109
2 0.884375 0.235352 0.059375 0.033203
3 0.944531 0.238281 0.060937 0.035156
2 0.286719 0.985352 0.057813 0.029297
2 0.825781 0.198242 0.057813 0.033203
2 0.582031 0.215820 0.060937 0.033203
2 0.642969 0.219727 0.060937 0.029297
2 0.703906 0.225586 0.060937 0.033203
2 0.884375 0.201172 0.059375 0.031250
2 0.518750 0.212891 0.062500 0.031250
3 0.944531 0.205078 0.057813 0.031250
2 0.460156 0.209961 0.057813 0.033203
3 0.702344 0.161133 0.064062 0.033203
3 0.705469 0.192383 0.060937 0.033203
3 0.939844 0.172852 0.057813 0.029297
3 0.460938 0.176758 0.059375 0.037109
3 0.643750 0.185547 0.062500 0.035156
2 0.520312 0.179688 0.059375 0.031250
2 0.582031 0.184570 0.064062 0.029297
3 0.764062 0.162109 0.062500 0.035156
3 0.824219 0.166016 0.060937 0.035156
2 0.882812 0.168945 0.053125 0.033203
2 0.932813 0.855469 0.062500 0.035156
2 0.873437 0.852539 0.062500 0.041016
2 0.569531 0.800781 0.060937 0.035156
2 0.757031 0.367188 0.060937 0.035156
0 0.648438 0.971680 0.059375 0.041016
2 0.210156 0.368164 0.060937 0.033203
2 0.050000 0.972656 0.062500 0.039062
0 0.146875 0.772461 0.062500 0.037109
2 0.692969 0.774414 0.064062 0.037109
2 0.932031 0.782227 0.064062 0.037109
2 0.267188 0.782227 0.062500 0.037109
1 0.830469 0.978516 0.060937 0.031250
2 0.206250 0.776367 0.062500 0.037109
1 0.869531 0.780273 0.060937 0.037109
2 0.751563 0.776367 0.062500 0.037109
2 0.812500 0.778320 0.062500 0.037109
2 0.035937 0.727539 0.059375 0.033203
2 0.510156 0.761719 0.064062 0.035156
2 0.573438 0.767578 0.062500 0.035156
2 0.629687 0.770508 0.062500 0.037109
2 0.032813 0.762695 0.059375 0.033203
2 0.107813 0.975586 0.062500 0.037109
0 0.087500 0.764648 0.062500 0.037109
0 0.767969 0.976562 0.060937 0.035156
2 0.090625 0.731445 0.062500 0.033203
2 0.329688 0.750000 0.068750 0.039062
2 0.390625 0.751953 0.065625 0.035156
2 0.450781 0.756836 0.060937 0.041016
2 0.149219 0.736328 0.060937 0.031250
2 0.269531 0.747070 0.060937 0.037109
2 0.207813 0.741211 0.068750 0.037109
2 0.710938 0.973633 0.059375 0.037109
2 0.877344 0.375000 0.060937 0.027344
2 0.511719 0.382812 0.057813 0.031250
2 0.878125 0.407227 0.065625 0.037109
2 0.327344 0.409180 0.064062 0.037109
2 0.938281 0.410156 0.060937 0.035156
2 0.574219 0.386719 0.064062 0.031250
2 0.757812 0.400391 0.062500 0.031250
2 0.266406 0.404297 0.060937 0.035156
2 0.817969 0.404297 0.060937 0.031250
2 0.634375 0.392578 0.062500 0.031250
2 0.205469 0.400391 0.060937 0.035156
2 0.696094 0.396484 0.064062 0.035156
2 0.145313 0.399414 0.062500 0.037109
2 0.113281 0.936523 0.060937 0.037109
2 0.453125 0.379883 0.059375 0.033203
2 0.392188 0.377930 0.059375 0.033203
2 0.816406 0.371094 0.057813 0.031250
2 0.332031 0.375977 0.060937 0.033203
2 0.937500 0.375000 0.062500 0.031250
2 0.270313 0.370117 0.059375 0.029297
1 0.029687 0.797852 0.056250 0.037109
2 0.508594 0.795898 0.064062 0.033203
2 0.448437 0.793945 0.062500 0.037109
2 0.387500 0.790039 0.062500 0.037109
