2 0.921875 0.822266 0.059375 0.031250
0 0.231250 0.981445 0.059375 0.029297
0 0.774219 0.984375 0.064062 0.027344
1 0.957031 0.020508 0.060937 0.041016
2 0.072656 0.083008 0.060937 0.037109
2 0.899219 0.017578 0.060937 0.035156
2 0.291406 0.985352 0.060937 0.029297
2 0.134375 0.086914 0.059375 0.037109
2 0.257031 0.092773 0.060937 0.037109
2 0.194531 0.089844 0.060937 0.039062
2 0.317188 0.097656 0.062500 0.039062
2 0.378125 0.100586 0.062500 0.037109
2 0.378906 0.136719 0.060937 0.035156
2 0.687500 0.807617 0.059375 0.033203
2 0.953906 0.959961 0.060937 0.037109
2 0.664844 0.604492 0.060937 0.037109
2 0.724219 0.609375 0.060937 0.035156
2 0.782813 0.613281 0.059375 0.035156
2 0.746094 0.811523 0.057813 0.033203
0 0.803906 0.815430 0.057813 0.033203
1 0.864062 0.817383 0.059375 0.033203
2 0.440625 0.104492 0.062500 0.037109
2 0.626563 0.805664 0.059375 0.033203
1 0.134375 0.158203 0.059375 0.035156
3 0.108594 0.914062 0.060937 0.035156
2 0.583594 0.392578 0.060937 0.039062
3 0.050000 0.943359 0.059375 0.027344
2 0.230469 0.953125 0.060937 0.031250
2 0.964063 0.591797 0.062500 0.031250
2 0.360938 0.550781 0.059375 0.035156
2 0.967969 0.555664 0.064062 0.037109
2 0.642188 0.396484 0.062500 0.039062
2 0.936719 0.419922 0.060937 0.035156
2 0.536719 0.942383 0.060937 0.037109
2 0.597656 0.943359 0.060937 0.035156
2 0.702344 0.402344 0.060937 0.039062
2 0.878906 0.416992 0.060937 0.037109
2 0.760938 0.407227 0.062500 0.037109
2 0.820312 0.413086 0.062500 0.037109
2 0.621875 0.156250 0.062500 0.035156
2 0.560937 0.151367 0.062500 0.033203
3 0.073438 0.154297 0.059375 0.039062
2 0.500781 0.144531 0.060937 0.039062
2 0.925000 0.146484 0.059375 0.035156
2 0.439063 0.140625 0.062500 0.035156
2 0.502344 0.109375 0.060937 0.039062
1 0.134375 0.124023 0.059375 0.033203
2 0.745313 0.130859 0.059375 0.039062
2 0.316406 0.133789 0.060937 0.033203
2 0.624219 0.119141 0.060937 0.039062
2 0.803906 0.135742 0.060937 0.037109
3 0.071875 0.119141 0.062500 0.035156
2 0.563281 0.116211 0.060937 0.041016
2 0.864844 0.139648 0.060937 0.037109
0 0.423438 0.555664 0.062500 0.029297
2 0.684375 0.125977 0.062500 0.037109
2 0.255469 0.129883 0.060937 0.033203
2 0.194531 0.124023 0.060937 0.033203
2 0.485938 0.557617 0.059375 0.037109
2 0.058594 0.564453 0.060937 0.039062
2 0.178906 0.572266 0.060937 0.039062
2 0.785937 0.581055 0.062500 0.033203
2 0.728125 0.574219 0.059375 0.035156
2 0.846094 0.581055 0.060937 0.037109
2 0.894531 0.958984 0.060937 0.035156
0 0.361719 0.584961 0.060937 0.037109
2 0.291406 0.957031 0.060937 0.031250
2 0.904687 0.584961 0.062500 0.037109
0 0.421875 0.589844 0.062500 0.035156
2 0.240625 0.577148 0.059375 0.037109
1 0.301563 0.580078 0.059375 0.039062
2 0.545312 0.565430 0.062500 0.033203
2 0.117969 0.568359 0.060937 0.039062
2 0.606250 0.569336 0.059375 0.033203
2 0.837500 0.956055 0.062500 0.037109
2 0.667188 0.571289 0.062500 0.033203
2 0.239063 0.510742 0.059375 0.044922
2 0.655469 0.947266 0.064062 0.035156
2 0.170313 0.950195 0.059375 0.029297
2 0.108594 0.944336 0.060937 0.029297
0 0.484375 0.593750 0.059375 0.035156
2 0.717187 0.951172 0.062500 0.039062
0 0.910937 0.549805 0.059375 0.037109
2 0.778125 0.953125 0.059375 0.039062
2 0.610156 0.531250 0.060937 0.042969
2 0.300781 0.512695 0.060937 0.044922
2 0.117969 0.537109 0.060937 0.035156
2 0.850781 0.545898 0.060937 0.037109
2 0.300781 0.545898 0.060937 0.033203
2 0.669531 0.537109 0.060937 0.039062
0 0.790625 0.544922 0.059375 0.039062
2 0.239063 0.544922 0.059375 0.035156
2 0.731250 0.539062 0.062500 0.039062
2 0.180469 0.539062 0.060937 0.035156
2 0.363281 0.517578 0.060937 0.039062
2 0.057813 0.530273 0.059375 0.033203
0 0.425781 0.521484 0.060937 0.039062
2 0.486719 0.523438 0.060937 0.039062
0 0.549219 0.529297 0.060937 0.039062
2 0.057031 0.496094 0.057813 0.035156
2 0.178906 0.505859 0.060937 0.042969
2 0.117969 0.500977 0.060937 0.037109
0 0.603906 0.601562 0.060937 0.035156
0 0.542969 0.597656 0.060937 0.035156
2 0.388281 0.721680 0.060937 0.037109
2 0.595313 0.974609 0.062500 0.031250
2 0.449219 0.726562 0.060937 0.035156
2 0.753125 0.746094 0.059375 0.035156
2 0.264844 0.749023 0.060937 0.033203
2 0.813281 0.750977 0.057813 0.037109
2 0.325781 0.752930 0.060937 0.033203
2 0.872656 0.755859 0.057813 0.039062
2 0.534375 0.972656 0.062500 0.031250
2 0.510156 0.731445 0.060937 0.037109
3 0.079687 0.734375 0.062500 0.039062
3 0.203906 0.746094 0.060937 0.035156
2 0.110156 0.973633 0.060937 0.033203
2 0.571094 0.735352 0.060937 0.037109
3 0.142187 0.740234 0.065625 0.042969
2 0.692187 0.742188 0.059375 0.035156
2 0.632031 0.738281 0.060937 0.035156
2 0.264844 0.715820 0.060937 0.037109
2 0.327344 0.719727 0.060937 0.037109
3 0.051562 0.970703 0.059375 0.031250
3 0.203906 0.710938 0.060937 0.035156
1 0.170313 0.978516 0.059375 0.031250
2 0.385156 0.790039 0.060937 0.037109
2 0.867969 0.788086 0.057813 0.029297
2 0.324219 0.786133 0.060937 0.037109
0 0.925000 0.791016 0.059375 0.031250
2 0.506250 0.796875 0.059375 0.035156
2 0.446094 0.794922 0.060937 0.035156
2 0.714844 0.980469 0.064062 0.027344
2 0.567187 0.802734 0.059375 0.031250
2 0.497656 0.180664 0.060937 0.037109
1 0.558594 0.186523 0.060937 0.037109
2 0.352344 0.929688 0.060937 0.039062
1 0.842969 0.616211 0.060937 0.033203
2 0.899219 0.620117 0.064062 0.037109
2 0.619531 0.190430 0.060937 0.033203
3 0.035937 0.285156 0.062500 0.042969
2 0.342969 0.304688 0.060937 0.039062
2 0.403125 0.308594 0.062500 0.039062
2 0.097656 0.290039 0.060937 0.044922
2 0.282031 0.299805 0.060937 0.041016
2 0.158594 0.293945 0.060937 0.041016
2 0.219531 0.296875 0.060937 0.042969
2 0.678906 0.194336 0.060937 0.033203
2 0.914844 0.212891 0.057813 0.035156
2 0.230469 0.921875 0.060937 0.035156
2 0.291406 0.924805 0.060937 0.037109
2 0.739062 0.198242 0.059375 0.033203
2 0.856250 0.206055 0.059375 0.037109
2 0.169531 0.919922 0.060937 0.039062
2 0.797656 0.204102 0.060937 0.033203
2 0.800000 0.171875 0.062500 0.035156
2 0.377344 0.173828 0.060937 0.035156
2 0.919531 0.179688 0.060937 0.035156
2 0.860156 0.175781 0.060937 0.035156
2 0.438281 0.176758 0.060937 0.037109
2 0.256250 0.164062 0.059375 0.035156
2 0.743750 0.165039 0.059375 0.033203
2 0.316406 0.166992 0.060937 0.037109
2 0.194531 0.162109 0.060937 0.035156
2 0.681250 0.161133 0.062500 0.033203
2 0.958594 0.622070 0.064062 0.037109
2 0.411719 0.965820 0.060937 0.029297
2 0.474219 0.968750 0.060937 0.031250
3 0.079687 0.700195 0.062500 0.037109
2 0.386719 0.756836 0.060937 0.033203
2 0.931250 0.758789 0.059375 0.037109
2 0.447656 0.759766 0.060937 0.035156
3 0.079687 0.766602 0.062500 0.041016
2 0.508594 0.764648 0.060937 0.033203
2 0.653906 0.977539 0.057813 0.029297
3 0.142969 0.704102 0.065625 0.041016
0 0.569531 0.769531 0.060937 0.031250
2 0.630469 0.771484 0.060937 0.031250
2 0.264062 0.784180 0.059375 0.037109
2 0.808594 0.783203 0.057813 0.031250
3 0.141406 0.773438 0.064062 0.039062
2 0.689844 0.774414 0.057813 0.033203
0 0.750781 0.779297 0.060937 0.031250
3 0.203906 0.781250 0.060937 0.035156
2 0.352344 0.961914 0.060937 0.029297
2 0.527344 0.318359 0.060937 0.039062
2 0.466406 0.316406 0.060937 0.039062
3 0.038281 0.323242 0.060937 0.037109
2 0.587500 0.324219 0.062500 0.035156
0 0.098437 0.327148 0.059375 0.033203
2 0.708594 0.333008 0.060937 0.041016
2 0.159375 0.366211 0.059375 0.033203
4 0.463281 0.384766 0.060937 0.035156
2 0.885156 0.383789 0.060937 0.033203
2 0.942187 0.387695 0.062500 0.033203
2 0.522656 0.388672 0.060937 0.035156
2 0.705469 0.368164 0.064062 0.033203
2 0.339844 0.375000 0.060937 0.039062
2 0.825000 0.377930 0.062500 0.033203
2 0.400781 0.379883 0.060937 0.037109
2 0.219531 0.369141 0.060937 0.035156
2 0.475781 0.935547 0.060937 0.035156
2 0.278906 0.372070 0.060937 0.037109
2 0.765625 0.374023 0.062500 0.033203
0 0.158594 0.333984 0.060937 0.031250
0 0.463281 0.349609 0.060937 0.035156
0 0.098437 0.363281 0.059375 0.035156
2 0.646094 0.363281 0.064062 0.035156
2 0.946875 0.353516 0.062500 0.042969
2 0.585938 0.359375 0.062500 0.035156
2 0.525000 0.354492 0.062500 0.033203
2 0.039062 0.356445 0.059375 0.041016
0 0.219531 0.334961 0.060937 0.033203
2 0.828906 0.343750 0.060937 0.035156
2 0.402344 0.344727 0.060937 0.037109
2 0.888281 0.348633 0.060937 0.041016
2 0.413281 0.932617 0.060937 0.037109
2 0.341406 0.340820 0.060937 0.037109
2 0.280469 0.337891 0.060937 0.035156
2 0.769531 0.337891 0.060937 0.039062
2 0.649219 0.329102 0.064062 0.037109
