2 0.707031 0.010742 0.023438 0.021484
4 0.706250 0.204102 0.025000 0.076172
2 0.705469 0.057617 0.026562 0.076172
1 0.704688 0.351562 0.025000 0.074219
0 0.706250 0.277344 0.025000 0.074219
2 0.705469 0.129883 0.026562 0.076172
2 0.700781 0.426758 0.023438 0.076172
2 0.702344 0.501953 0.023438 0.074219
0 0.700000 0.579102 0.025000 0.076172
2 0.700000 0.653320 0.025000 0.076172
2 0.696875 0.729492 0.025000 0.076172
2 0.694531 0.805664 0.026562 0.076172
2 0.694531 0.879883 0.026562 0.076172
1 0.692969 0.955078 0.026562 0.074219
2 0.682031 0.126953 0.023438 0.078125
2 0.684375 0.008789 0.021875 0.017578
2 0.682031 0.051758 0.023438 0.076172
2 0.680469 0.199219 0.026562 0.074219
2 0.681250 0.275391 0.028125 0.074219
2 0.678125 0.350586 0.025000 0.076172
2 0.678125 0.500977 0.021875 0.076172
2 0.677344 0.424805 0.023438 0.076172
2 0.672656 0.576172 0.029687 0.074219
2 0.671875 0.653320 0.028125 0.076172
2 0.671875 0.729492 0.025000 0.076172
2 0.667188 0.881836 0.025000 0.076172
2 0.667969 0.805664 0.026562 0.076172
2 0.667969 0.958008 0.023438 0.076172
2 0.659375 0.044922 0.031250 0.078125
2 0.656250 0.121094 0.028125 0.078125
2 0.655469 0.196289 0.026562 0.076172
2 0.653125 0.271484 0.028125 0.078125
2 0.653125 0.346680 0.028125 0.076172
2 0.652344 0.423828 0.026562 0.078125
2 0.646094 0.651367 0.023438 0.076172
2 0.644531 0.729492 0.029687 0.076172
2 0.642188 0.883789 0.028125 0.076172
2 0.642969 0.959961 0.026562 0.076172
2 0.640625 0.805664 0.028125 0.076172
0 0.864844 0.109375 0.023438 0.074219
2 0.646094 0.577148 0.023438 0.076172
0 0.865625 0.038086 0.021875 0.072266
1 0.547656 0.028320 0.026562 0.056641
0 0.864844 0.182617 0.023438 0.076172
2 0.863281 0.256836 0.023438 0.072266
2 0.546875 0.165039 0.025000 0.076172
0 0.547656 0.091797 0.026562 0.074219
2 0.545312 0.313477 0.025000 0.076172
2 0.543750 0.237305 0.025000 0.076172
2 0.541406 0.463867 0.026562 0.076172
2 0.540625 0.539062 0.028125 0.074219
2 0.863281 0.330078 0.023438 0.074219
2 0.538281 0.690430 0.026562 0.076172
2 0.539062 0.615234 0.028125 0.074219
2 0.536719 0.765625 0.026562 0.074219
2 0.533594 0.840820 0.026562 0.076172
2 0.650000 0.500977 0.031250 0.076172
2 0.842969 0.035156 0.023438 0.070312
1 0.544531 0.387695 0.026562 0.076172
1 0.532813 0.918945 0.028125 0.076172
2 0.331250 0.044922 0.031250 0.074219
2 0.330469 0.118164 0.029687 0.076172
2 0.328906 0.193359 0.026562 0.074219
2 0.325000 0.268555 0.028125 0.076172
2 0.324219 0.343750 0.029687 0.078125
2 0.321094 0.421875 0.029687 0.078125
2 0.321094 0.498047 0.026562 0.078125
2 0.841406 0.103516 0.023438 0.074219
2 0.840625 0.254883 0.021875 0.076172
2 0.317188 0.574219 0.025000 0.078125
2 0.314063 0.651367 0.028125 0.076172
2 0.314063 0.728516 0.028125 0.078125
2 0.313281 0.804688 0.029687 0.074219
2 0.313281 0.879883 0.029687 0.076172
2 0.310156 0.956055 0.029687 0.076172
2 0.840625 0.327148 0.021875 0.076172
2 0.840625 0.179688 0.025000 0.074219
2 0.839063 0.405273 0.021875 0.076172
2 0.838281 0.553711 0.023438 0.076172
2 0.838281 0.479492 0.023438 0.076172
2 0.836719 0.629883 0.023438 0.076172
2 0.834375 0.706055 0.021875 0.076172
2 0.228906 0.025391 0.029687 0.050781
2 0.832031 0.856445 0.023438 0.076172
2 0.228125 0.084961 0.025000 0.072266
2 0.223438 0.233398 0.021875 0.076172
0 0.226562 0.159180 0.025000 0.076172
2 0.221875 0.307617 0.021875 0.076172
2 0.219531 0.381836 0.023438 0.076172
2 0.833594 0.780273 0.023438 0.076172
2 0.214062 0.609375 0.025000 0.074219
1 0.214062 0.682617 0.025000 0.076172
0 0.217969 0.457031 0.023438 0.074219
0 0.217969 0.532227 0.023438 0.076172
2 0.832031 0.930664 0.023438 0.076172
2 0.829688 0.984375 0.021875 0.031250
0 0.212500 0.757812 0.021875 0.074219
2 0.207031 0.834961 0.029687 0.076172
2 0.204687 0.973633 0.031250 0.052734
2 0.201563 0.082031 0.025000 0.078125
2 0.203906 0.909180 0.029687 0.076172
2 0.202344 0.155273 0.026562 0.076172
2 0.201563 0.024414 0.028125 0.048828
2 0.199219 0.229492 0.029687 0.080078
2 0.198437 0.304688 0.031250 0.078125
2 0.191406 0.456055 0.029687 0.076172
2 0.189844 0.530273 0.029687 0.076172
0 0.190625 0.378906 0.031250 0.078125
2 0.186719 0.605469 0.035937 0.078125
2 0.186719 0.683594 0.029687 0.078125
2 0.185156 0.760742 0.029687 0.080078
2 0.176563 0.835938 0.034375 0.078125
2 0.173437 0.911133 0.031250 0.076172
2 0.174219 0.974609 0.032813 0.050781
0 0.170313 0.153320 0.037500 0.076172
2 0.173437 0.022461 0.031250 0.044922
1 0.171094 0.077148 0.035937 0.076172
2 0.168750 0.225586 0.037500 0.076172
2 0.165625 0.302734 0.034375 0.078125
2 0.160156 0.380859 0.029687 0.078125
2 0.160156 0.456055 0.029687 0.072266
2 0.157031 0.530273 0.035937 0.076172
2 0.151562 0.758789 0.034375 0.076172
2 0.154688 0.605469 0.037500 0.078125
2 0.532031 0.978516 0.026562 0.042969
2 0.863281 0.404297 0.023438 0.074219
2 0.861719 0.479492 0.023438 0.076172
2 0.860156 0.555664 0.023438 0.076172
2 0.521875 0.025391 0.025000 0.050781
2 0.521094 0.085938 0.026562 0.074219
2 0.519531 0.235352 0.026562 0.076172
2 0.519531 0.162109 0.026562 0.082031
2 0.516406 0.309570 0.029687 0.076172
2 0.517188 0.386719 0.028125 0.078125
2 0.514844 0.462891 0.026562 0.078125
2 0.514844 0.538086 0.023438 0.076172
2 0.512500 0.614258 0.025000 0.076172
2 0.510938 0.691406 0.028125 0.078125
2 0.510156 0.768555 0.026562 0.076172
2 0.860156 0.630859 0.023438 0.074219
2 0.508594 0.842773 0.023438 0.076172
2 0.504687 0.919922 0.028125 0.078125
2 0.504687 0.978516 0.028125 0.042969
2 0.495312 0.023438 0.028125 0.046875
2 0.493750 0.084961 0.028125 0.076172
2 0.859375 0.706055 0.025000 0.076172
2 0.492969 0.157227 0.026562 0.080078
2 0.492188 0.232422 0.028125 0.074219
2 0.489063 0.307617 0.028125 0.076172
2 0.489063 0.384766 0.025000 0.078125
2 0.488281 0.539062 0.026562 0.078125
2 0.488281 0.461914 0.026562 0.076172
2 0.487500 0.614258 0.028125 0.076172
2 0.484375 0.693359 0.025000 0.078125
2 0.483594 0.768555 0.029687 0.076172
2 0.481250 0.847656 0.028125 0.078125
2 0.478906 0.920898 0.029687 0.080078
2 0.856250 0.780273 0.025000 0.076172
2 0.475781 0.978516 0.026562 0.042969
1 0.855469 0.855469 0.023438 0.074219
2 0.853906 0.930664 0.023438 0.076172
2 0.853125 0.983398 0.025000 0.033203
2 0.385156 0.007812 0.026562 0.015625
2 0.385156 0.052734 0.026562 0.074219
2 0.382812 0.127930 0.028125 0.072266
2 0.381250 0.199219 0.028125 0.074219
2 0.379688 0.276367 0.028125 0.076172
2 0.379688 0.349609 0.028125 0.074219
0 0.377344 0.423828 0.026562 0.074219
2 0.375000 0.500000 0.028125 0.074219
2 0.373437 0.575195 0.028125 0.076172
2 0.370312 0.651367 0.028125 0.076172
2 0.368750 0.728516 0.028125 0.078125
2 0.367188 0.879883 0.025000 0.076172
2 0.367969 0.804688 0.026562 0.074219
0 0.365625 0.955078 0.028125 0.074219
2 0.358594 0.049805 0.026562 0.076172
2 0.355469 0.120117 0.026562 0.076172
2 0.353906 0.196289 0.026562 0.076172
2 0.351562 0.272461 0.028125 0.076172
2 0.351562 0.347656 0.028125 0.078125
0 0.350000 0.421875 0.031250 0.074219
2 0.346875 0.496094 0.028125 0.078125
2 0.344531 0.574219 0.029687 0.074219
2 0.342187 0.727539 0.025000 0.076172
2 0.342187 0.650391 0.028125 0.074219
2 0.341406 0.879883 0.026562 0.076172
2 0.339844 0.802734 0.026562 0.074219
2 0.337500 0.954102 0.028125 0.076172
2 0.151562 0.682617 0.037500 0.076172
2 0.146875 0.834961 0.031250 0.076172
2 0.146094 0.975586 0.029687 0.048828
2 0.146094 0.914062 0.029687 0.078125
2 0.818750 0.100586 0.025000 0.076172
2 0.817969 0.031250 0.023438 0.062500
2 0.817187 0.250000 0.025000 0.074219
2 0.815625 0.324219 0.025000 0.074219
2 0.814844 0.175781 0.026562 0.074219
2 0.814063 0.400391 0.025000 0.078125
2 0.814063 0.477539 0.025000 0.076172
2 0.812500 0.553711 0.025000 0.076172
2 0.812500 0.629883 0.025000 0.076172
2 0.811719 0.707031 0.023438 0.074219
2 0.808594 0.781250 0.023438 0.078125
2 0.808594 0.859375 0.023438 0.078125
2 0.806250 0.984375 0.025000 0.031250
2 0.806250 0.933594 0.025000 0.078125
