2 0.961719 0.750977 0.060937 0.037109
2 0.900781 0.747070 0.060937 0.037109
2 0.842187 0.741211 0.059375 0.037109
2 0.782031 0.739258 0.060937 0.041016
2 0.718750 0.733398 0.062500 0.041016
2 0.657031 0.728516 0.060937 0.039062
2 0.594531 0.724609 0.060937 0.042969
2 0.536719 0.721680 0.060937 0.037109
2 0.475781 0.720703 0.060937 0.039062
2 0.414062 0.717773 0.062500 0.037109
2 0.351562 0.715820 0.062500 0.037109
2 0.958594 0.713867 0.064062 0.037109
2 0.900000 0.708008 0.062500 0.041016
2 0.289062 0.708008 0.059375 0.037109
2 0.228906 0.705078 0.060937 0.039062
2 0.167969 0.703125 0.057813 0.035156
2 0.840625 0.702148 0.062500 0.048828
2 0.778906 0.701172 0.060937 0.039062
2 0.717969 0.694336 0.064062 0.037109
2 0.657031 0.690430 0.057813 0.037109
2 0.598437 0.687500 0.059375 0.039062
2 0.537500 0.685547 0.062500 0.039062
2 0.475000 0.683594 0.059375 0.039062
3 0.958594 0.681641 0.060937 0.039062
2 0.414062 0.678711 0.062500 0.037109
2 0.352344 0.677734 0.064062 0.039062
2 0.291406 0.673828 0.060937 0.039062
2 0.899219 0.671875 0.060937 0.031250
2 0.171875 0.668945 0.056250 0.033203
2 0.232813 0.668945 0.062500 0.033203
1 0.779687 0.667969 0.059375 0.031250
2 0.839844 0.666992 0.060937 0.025391
2 0.719531 0.665039 0.060937 0.029297
2 0.657031 0.657227 0.057813 0.025391
2 0.596875 0.654297 0.059375 0.027344
2 0.537500 0.654297 0.059375 0.027344
2 0.478906 0.650391 0.057813 0.027344
1 0.416406 0.646484 0.060937 0.023438
2 0.355469 0.643555 0.060937 0.029297
2 0.296094 0.638672 0.060937 0.031250
2 0.232813 0.637695 0.062500 0.033203
2 0.174219 0.635742 0.057813 0.037109
2 0.939844 0.955078 0.064062 0.039062
3 0.921094 0.541992 0.060937 0.037109
2 0.859375 0.539062 0.062500 0.039062
2 0.799219 0.534180 0.064062 0.037109
2 0.739062 0.531250 0.065625 0.039062
2 0.879687 0.952148 0.059375 0.041016
2 0.615625 0.525391 0.062500 0.039062
2 0.677344 0.528320 0.060937 0.037109
2 0.553125 0.523438 0.062500 0.039062
2 0.492969 0.517578 0.064062 0.042969
2 0.430469 0.514648 0.064062 0.037109
2 0.369531 0.511719 0.060937 0.039062
2 0.819531 0.950195 0.060937 0.041016
2 0.306250 0.507812 0.062500 0.039062
2 0.917188 0.506836 0.065625 0.033203
2 0.246094 0.503906 0.060937 0.042969
2 0.858594 0.503906 0.064062 0.031250
2 0.185938 0.500000 0.059375 0.042969
2 0.798438 0.500000 0.062500 0.035156
0 0.738281 0.495117 0.064062 0.033203
2 0.125781 0.497070 0.060937 0.037109
2 0.064844 0.495117 0.064062 0.037109
2 0.760156 0.947266 0.060937 0.039062
2 0.677344 0.493164 0.060937 0.033203
2 0.699219 0.948242 0.060937 0.033203
2 0.614844 0.488281 0.064062 0.031250
2 0.554688 0.486328 0.065625 0.035156
2 0.492188 0.482422 0.062500 0.035156
2 0.432812 0.479492 0.062500 0.037109
0 0.372656 0.476562 0.060937 0.035156
2 0.916406 0.474609 0.060937 0.035156
2 0.308594 0.472656 0.064062 0.035156
2 0.857812 0.471680 0.062500 0.037109
2 0.249219 0.469727 0.064062 0.033203
2 0.797656 0.467773 0.057813 0.033203
2 0.187500 0.467773 0.059375 0.033203
0 0.737500 0.463867 0.059375 0.033203
2 0.131250 0.461914 0.062500 0.033203
0 0.069531 0.461914 0.064062 0.033203
2 0.676562 0.458984 0.062500 0.031250
0 0.616406 0.458008 0.060937 0.029297
2 0.555469 0.453125 0.060937 0.035156
1 0.494531 0.450195 0.060937 0.033203
2 0.432812 0.447266 0.062500 0.027344
2 0.371094 0.444336 0.064062 0.033203
2 0.311719 0.441406 0.060937 0.031250
2 0.252344 0.437500 0.057813 0.035156
2 0.638281 0.941406 0.060937 0.035156
2 0.192969 0.432617 0.060937 0.033203
2 0.134375 0.429688 0.059375 0.035156
2 0.073438 0.428711 0.059375 0.033203
2 0.580469 0.938477 0.057813 0.033203
2 0.936719 0.334961 0.057813 0.033203
2 0.876563 0.333008 0.059375 0.033203
2 0.816406 0.330078 0.057813 0.035156
2 0.757031 0.329102 0.060937 0.033203
2 0.696094 0.325195 0.060937 0.037109
2 0.634375 0.319336 0.059375 0.033203
2 0.573438 0.318359 0.062500 0.035156
2 0.511719 0.314453 0.060937 0.035156
2 0.450000 0.312500 0.059375 0.035156
2 0.389844 0.308594 0.060937 0.035156
2 0.326562 0.304688 0.062500 0.031250
2 0.935937 0.303711 0.059375 0.029297
2 0.265625 0.302734 0.062500 0.035156
2 0.874219 0.301758 0.060937 0.033203
2 0.815625 0.299805 0.059375 0.029297
2 0.204687 0.296875 0.062500 0.031250
2 0.754687 0.294922 0.059375 0.031250
2 0.145313 0.295898 0.059375 0.033203
2 0.085938 0.291016 0.059375 0.035156
2 0.694531 0.291992 0.064062 0.033203
2 0.028125 0.291016 0.056250 0.031250
2 0.634375 0.287109 0.059375 0.031250
2 0.572656 0.284180 0.060937 0.033203
2 0.510938 0.282227 0.062500 0.033203
2 0.450781 0.278320 0.060937 0.033203
2 0.390625 0.276367 0.062500 0.033203
2 0.933594 0.273438 0.057813 0.027344
2 0.329688 0.271484 0.062500 0.035156
2 0.872656 0.272461 0.057813 0.033203
2 0.268750 0.269531 0.062500 0.031250
2 0.814844 0.267578 0.060937 0.031250
2 0.209375 0.265625 0.062500 0.031250
2 0.147656 0.262695 0.060937 0.033203
2 0.755469 0.262695 0.060937 0.033203
2 0.029687 0.260742 0.059375 0.033203
2 0.694531 0.259766 0.060937 0.031250
0 0.089844 0.259766 0.060937 0.031250
2 0.635156 0.255859 0.060937 0.031250
2 0.573438 0.254883 0.062500 0.029297
0 0.513281 0.249023 0.060937 0.033203
2 0.452344 0.246094 0.060937 0.031250
2 0.392188 0.244141 0.059375 0.031250
2 0.331250 0.242188 0.062500 0.031250
2 0.271875 0.237305 0.059375 0.029297
1 0.214062 0.233398 0.062500 0.029297
0 0.153906 0.232422 0.057813 0.031250
0 0.094531 0.228516 0.060937 0.027344
2 0.034375 0.226562 0.065625 0.031250
2 0.938281 0.916992 0.060937 0.037109
0 0.878125 0.913086 0.062500 0.037109
2 0.936719 0.135742 0.064062 0.033203
2 0.875000 0.131836 0.062500 0.033203
2 0.816406 0.129883 0.060937 0.029297
2 0.755469 0.125977 0.060937 0.029297
2 0.760156 0.911133 0.060937 0.037109
1 0.819531 0.911133 0.060937 0.037109
2 0.695312 0.118164 0.059375 0.033203
2 0.635156 0.114258 0.064062 0.033203
2 0.575000 0.111328 0.059375 0.035156
0 0.512500 0.105469 0.062500 0.035156
2 0.936719 0.104492 0.064062 0.029297
2 0.452344 0.104492 0.064062 0.033203
2 0.876563 0.103516 0.056250 0.031250
0 0.699219 0.909180 0.060937 0.041016
2 0.391406 0.100586 0.062500 0.037109
2 0.331250 0.098633 0.059375 0.037109
2 0.815625 0.098633 0.062500 0.033203
2 0.755469 0.093750 0.060937 0.031250
2 0.269531 0.093750 0.060937 0.035156
2 0.210938 0.090820 0.059375 0.033203
2 0.149219 0.089844 0.060937 0.035156
2 0.089844 0.087891 0.057813 0.035156
0 0.696875 0.085938 0.059375 0.031250
2 0.031250 0.085938 0.059375 0.035156
2 0.636719 0.081055 0.060937 0.029297
0 0.575000 0.080078 0.059375 0.031250
0 0.514844 0.075195 0.060937 0.029297
2 0.455469 0.074219 0.060937 0.027344
2 0.934375 0.074219 0.059375 0.031250
2 0.392188 0.072266 0.059375 0.027344
2 0.874219 0.070312 0.060937 0.031250
2 0.814844 0.068359 0.060937 0.035156
2 0.274219 0.067383 0.060937 0.029297
2 0.332813 0.066406 0.062500 0.027344
2 0.756250 0.064453 0.062500 0.035156
2 0.639844 0.906250 0.064062 0.035156
2 0.210938 0.059570 0.062500 0.033203
2 0.694531 0.056641 0.057813 0.027344
2 0.153125 0.056641 0.059375 0.031250
2 0.037500 0.055664 0.059375 0.029297
2 0.092969 0.056641 0.060937 0.027344
1 0.634375 0.052734 0.059375 0.031250
0 0.575000 0.048828 0.059375 0.027344
2 0.514844 0.045898 0.060937 0.033203
2 0.454688 0.042969 0.062500 0.035156
2 0.580469 0.904297 0.057813 0.035156
2 0.394531 0.041016 0.060937 0.031250
2 0.334375 0.041016 0.059375 0.031250
2 0.275000 0.037109 0.059375 0.031250
2 0.217188 0.033203 0.059375 0.031250
2 0.157031 0.029297 0.060937 0.027344
2 0.096094 0.027344 0.062500 0.027344
2 0.041406 0.026367 0.057813 0.025391
2 0.935937 0.877930 0.062500 0.037109
2 0.877344 0.875977 0.060937 0.037109
2 0.818750 0.874023 0.059375 0.037109
2 0.759375 0.873047 0.062500 0.039062
2 0.697656 0.871094 0.060937 0.035156
2 0.639062 0.868164 0.062500 0.037109
2 0.580469 0.867188 0.057813 0.039062
