2 0.714844 0.705078 0.060937 0.031250
2 0.775000 0.708008 0.059375 0.033203
0 0.834375 0.711914 0.059375 0.033203
0 0.893750 0.717773 0.059375 0.029297
0 0.952344 0.721680 0.057813 0.029297
2 0.654687 0.736328 0.059375 0.039062
2 0.714844 0.739258 0.060937 0.033203
2 0.775000 0.742188 0.059375 0.035156
0 0.834375 0.749023 0.059375 0.037109
2 0.894531 0.751953 0.060937 0.035156
2 0.954688 0.752930 0.059375 0.033203
2 0.653125 0.772461 0.059375 0.033203
2 0.714063 0.774414 0.062500 0.037109
2 0.775000 0.779297 0.059375 0.035156
2 0.834375 0.784180 0.059375 0.033203
2 0.894531 0.786133 0.060937 0.033203
2 0.954688 0.787109 0.059375 0.035156
2 0.439844 0.082031 0.057813 0.031250
0 0.498437 0.085938 0.059375 0.031250
2 0.557031 0.089844 0.057813 0.031250
2 0.617188 0.091797 0.059375 0.031250
2 0.676562 0.095703 0.059375 0.031250
2 0.735938 0.099609 0.059375 0.035156
2 0.795312 0.104492 0.059375 0.033203
2 0.853906 0.107422 0.057813 0.031250
2 0.437500 0.110352 0.056250 0.025391
2 0.912500 0.111328 0.059375 0.031250
2 0.496094 0.115234 0.060937 0.031250
2 0.971094 0.117188 0.057813 0.027344
2 0.556250 0.118164 0.059375 0.025391
2 0.615625 0.121094 0.059375 0.023438
2 0.675000 0.123047 0.059375 0.023438
2 0.734375 0.129883 0.059375 0.025391
2 0.793750 0.133789 0.059375 0.025391
1 0.853125 0.136719 0.059375 0.027344
2 0.434375 0.140625 0.059375 0.035156
2 0.913281 0.141602 0.060937 0.029297
2 0.971875 0.144531 0.056250 0.027344
2 0.493750 0.144531 0.059375 0.031250
2 0.553906 0.147461 0.060937 0.033203
2 0.614844 0.150391 0.060937 0.035156
2 0.675000 0.153320 0.059375 0.037109
2 0.734375 0.160156 0.059375 0.035156
2 0.793750 0.162109 0.059375 0.035156
2 0.854688 0.166992 0.059375 0.033203
2 0.914062 0.172852 0.059375 0.033203
2 0.972656 0.173828 0.054688 0.035156
2 0.957031 0.518555 0.057813 0.033203
2 0.596094 0.525391 0.060937 0.035156
2 0.535937 0.552734 0.059375 0.035156
2 0.594531 0.558594 0.060937 0.031250
0 0.656250 0.564453 0.062500 0.035156
2 0.716406 0.569336 0.060937 0.033203
0 0.838281 0.574219 0.060937 0.039062
2 0.897656 0.581055 0.060937 0.033203
1 0.657813 0.528320 0.062500 0.037109
2 0.717969 0.535156 0.060937 0.035156
2 0.838281 0.538086 0.060937 0.033203
2 0.777344 0.538086 0.060937 0.033203
2 0.293750 0.540039 0.062500 0.033203
2 0.957031 0.550781 0.057813 0.035156
2 0.353906 0.539062 0.060937 0.035156
2 0.898438 0.546875 0.059375 0.035156
2 0.476562 0.546875 0.062500 0.035156
2 0.512500 0.284180 0.059375 0.029297
2 0.896875 0.512695 0.059375 0.033203
2 0.476562 0.511719 0.059375 0.031250
0 0.655469 0.700195 0.057813 0.037109
2 0.598437 0.492188 0.059375 0.031250
2 0.507031 0.347656 0.060937 0.031250
2 0.957812 0.584961 0.059375 0.033203
0 0.810156 0.305664 0.060937 0.029297
1 0.867969 0.310547 0.057813 0.031250
1 0.979688 0.317383 0.040625 0.029297
2 0.570312 0.321289 0.062500 0.029297
2 0.750000 0.301758 0.059375 0.025391
0 0.930469 0.341797 0.060937 0.027344
0 0.750781 0.332031 0.060937 0.031250
2 0.810937 0.336914 0.059375 0.033203
2 0.870313 0.340820 0.059375 0.029297
2 0.979688 0.344727 0.040625 0.025391
2 0.750781 0.364258 0.060937 0.033203
2 0.810937 0.369141 0.059375 0.031250
2 0.980469 0.375977 0.039062 0.037109
2 0.657031 0.494141 0.060937 0.031250
2 0.717969 0.500000 0.060937 0.035156
2 0.297656 0.504883 0.060937 0.037109
1 0.356250 0.505859 0.062500 0.035156
2 0.838281 0.508789 0.060937 0.033203
2 0.537500 0.487305 0.059375 0.033203
2 0.419531 0.476562 0.057813 0.031250
0 0.478906 0.480469 0.060937 0.031250
2 0.360938 0.474609 0.062500 0.027344
2 0.572656 0.291016 0.060937 0.031250
2 0.870313 0.373047 0.059375 0.031250
2 0.932031 0.374023 0.060937 0.033203
2 0.629687 0.354492 0.062500 0.033203
2 0.690625 0.356445 0.059375 0.041016
2 0.631250 0.294922 0.059375 0.027344
2 0.690625 0.324219 0.059375 0.023438
2 0.510938 0.317383 0.062500 0.033203
0 0.690625 0.297852 0.059375 0.029297
2 0.929688 0.313477 0.059375 0.029297
2 0.630469 0.323242 0.060937 0.029297
2 0.570312 0.350586 0.062500 0.029297
2 0.300781 0.471680 0.060937 0.029297
1 0.778125 0.502930 0.059375 0.037109
2 0.417187 0.509766 0.059375 0.031250
2 0.536719 0.520508 0.060937 0.029297
2 0.414844 0.543945 0.060937 0.037109
2 0.777344 0.573242 0.060937 0.033203
