2 0.946875 0.680664 0.059375 0.037109
2 0.887500 0.676758 0.059375 0.037109
2 0.826562 0.673828 0.059375 0.035156
2 0.766406 0.669922 0.060937 0.035156
2 0.704688 0.666016 0.059375 0.035156
2 0.644531 0.664062 0.060937 0.035156
2 0.584375 0.660156 0.059375 0.035156
2 0.944531 0.646484 0.057813 0.031250
2 0.885156 0.642578 0.057813 0.031250
2 0.826562 0.640625 0.059375 0.031250
2 0.765625 0.633789 0.059375 0.029297
2 0.704688 0.632812 0.059375 0.035156
2 0.644531 0.628906 0.060937 0.035156
2 0.585156 0.625977 0.057813 0.033203
2 0.942969 0.614258 0.057813 0.033203
2 0.883594 0.611328 0.057813 0.035156
1 0.825000 0.606445 0.059375 0.033203
2 0.764844 0.604492 0.057813 0.029297
2 0.704688 0.600586 0.059375 0.029297
2 0.645312 0.595703 0.059375 0.035156
2 0.584375 0.591797 0.059375 0.035156
2 0.965625 0.476562 0.059375 0.039062
2 0.904687 0.475586 0.059375 0.037109
2 0.844531 0.471680 0.057813 0.037109
2 0.785156 0.469727 0.060937 0.033203
2 0.725000 0.464844 0.059375 0.035156
2 0.661719 0.460938 0.060937 0.035156
2 0.602344 0.457031 0.060937 0.035156
2 0.540625 0.453125 0.062500 0.035156
2 0.478906 0.449219 0.060937 0.031250
2 0.417969 0.447266 0.060937 0.031250
2 0.963281 0.445312 0.057813 0.031250
2 0.357031 0.441406 0.060937 0.031250
2 0.903125 0.441406 0.059375 0.031250
2 0.296875 0.440430 0.059375 0.029297
2 0.843750 0.439453 0.059375 0.027344
0 0.783594 0.437500 0.060937 0.035156
2 0.235156 0.436523 0.057813 0.029297
2 0.722656 0.431641 0.060937 0.031250
2 0.661719 0.428711 0.060937 0.029297
2 0.603125 0.427734 0.059375 0.031250
2 0.541406 0.421875 0.060937 0.031250
0 0.480469 0.417969 0.060937 0.031250
2 0.960938 0.416016 0.059375 0.031250
2 0.419531 0.414062 0.060937 0.031250
1 0.901563 0.411133 0.059375 0.033203
2 0.359375 0.410156 0.059375 0.031250
2 0.842187 0.406250 0.059375 0.031250
2 0.298438 0.406250 0.059375 0.031250
2 0.239063 0.404297 0.059375 0.031250
2 0.783594 0.403320 0.057813 0.033203
2 0.621875 0.049805 0.059375 0.037109
2 0.561719 0.048828 0.060937 0.035156
2 0.501563 0.043945 0.062500 0.037109
0 0.975000 0.043945 0.050000 0.029297
2 0.439844 0.040039 0.064062 0.041016
0 0.919531 0.039062 0.060937 0.027344
2 0.860938 0.037109 0.059375 0.031250
2 0.381250 0.034180 0.062500 0.037109
2 0.800781 0.032227 0.057813 0.029297
2 0.322656 0.030273 0.064062 0.037109
2 0.741406 0.030273 0.060937 0.029297
2 0.260156 0.026367 0.064062 0.037109
2 0.682813 0.024414 0.059375 0.029297
2 0.202344 0.023438 0.064062 0.039062
2 0.142187 0.021484 0.065625 0.039062
2 0.621875 0.019531 0.059375 0.031250
0 0.084375 0.018555 0.065625 0.037109
2 0.027344 0.017578 0.054688 0.035156
2 0.563281 0.015625 0.060937 0.031250
0 0.974219 0.014648 0.051562 0.029297
2 0.723437 0.399414 0.059375 0.033203
2 0.661719 0.394531 0.060937 0.035156
2 0.602344 0.394531 0.060937 0.035156
2 0.542188 0.389648 0.059375 0.033203
2 0.482031 0.385742 0.060937 0.033203
0 0.423438 0.381836 0.059375 0.033203
2 0.360938 0.376953 0.059375 0.031250
0 0.302344 0.374023 0.057813 0.033203
4 0.242969 0.369141 0.057813 0.035156
2 0.975781 0.273438 0.048438 0.035156
2 0.922656 0.270508 0.057813 0.033203
2 0.864844 0.267578 0.057813 0.031250
2 0.802344 0.266602 0.060937 0.029297
2 0.741406 0.260742 0.060937 0.033203
2 0.682813 0.257812 0.059375 0.031250
2 0.622656 0.253906 0.060937 0.031250
2 0.560156 0.249023 0.060937 0.033203
2 0.500000 0.243164 0.062500 0.033203
2 0.975781 0.242188 0.048438 0.027344
2 0.920312 0.241211 0.056250 0.029297
2 0.439063 0.239258 0.059375 0.033203
2 0.861719 0.240234 0.057813 0.027344
2 0.377344 0.237305 0.060937 0.033203
2 0.801562 0.235352 0.059375 0.029297
2 0.317969 0.234375 0.060937 0.035156
2 0.742188 0.231445 0.059375 0.029297
2 0.257812 0.228516 0.059375 0.039062
2 0.197656 0.227539 0.060937 0.033203
2 0.682031 0.226562 0.057813 0.031250
2 0.135937 0.222656 0.062500 0.035156
2 0.621094 0.223633 0.060937 0.029297
2 0.077344 0.219727 0.060937 0.033203
2 0.560937 0.218750 0.059375 0.027344
2 0.975000 0.214844 0.050000 0.027344
0 0.501563 0.213867 0.059375 0.029297
0 0.918750 0.210938 0.059375 0.031250
2 0.440625 0.208984 0.059375 0.027344
2 0.860938 0.208008 0.056250 0.033203
2 0.380469 0.206055 0.060937 0.029297
2 0.800000 0.203125 0.059375 0.031250
2 0.320312 0.201172 0.062500 0.031250
2 0.740625 0.200195 0.059375 0.029297
2 0.260937 0.198242 0.059375 0.029297
2 0.682031 0.196289 0.057813 0.029297
2 0.200000 0.195312 0.062500 0.031250
2 0.141406 0.192383 0.060937 0.029297
1 0.621875 0.193359 0.059375 0.031250
2 0.082812 0.190430 0.059375 0.029297
0 0.560937 0.189453 0.059375 0.031250
2 0.026562 0.187500 0.053125 0.031250
0 0.501563 0.182617 0.059375 0.029297
2 0.442188 0.180664 0.059375 0.029297
2 0.382812 0.176758 0.059375 0.029297
0 0.321875 0.172852 0.059375 0.029297
2 0.261719 0.169922 0.060937 0.031250
0 0.203125 0.166992 0.059375 0.029297
2 0.146094 0.165039 0.057813 0.029297
2 0.087500 0.161133 0.059375 0.029297
2 0.028906 0.160156 0.057813 0.027344
2 0.975781 0.077148 0.048438 0.033203
0 0.920312 0.072266 0.062500 0.035156
2 0.860938 0.070312 0.059375 0.031250
2 0.802344 0.062500 0.057813 0.031250
2 0.743750 0.060547 0.059375 0.031250
2 0.682031 0.056641 0.060937 0.031250
