2 0.030469 0.793945 0.057813 0.033203
2 0.090625 0.796875 0.059375 0.035156
2 0.149219 0.797852 0.057813 0.033203
2 0.209375 0.805664 0.062500 0.037109
2 0.267188 0.808594 0.056250 0.035156
0 0.032813 0.828125 0.056250 0.031250
0 0.092188 0.830078 0.059375 0.031250
2 0.151562 0.833008 0.059375 0.033203
2 0.211719 0.837891 0.060937 0.031250
2 0.269531 0.839844 0.057813 0.031250
2 0.035937 0.854492 0.056250 0.021484
0 0.096094 0.856445 0.060937 0.025391
2 0.210938 0.865234 0.056250 0.027344
2 0.152344 0.860352 0.057813 0.025391
0 0.267969 0.867188 0.054688 0.023438
