2 0.032813 0.283203 0.059375 0.035156
2 0.092188 0.286133 0.059375 0.037109
2 0.150781 0.288086 0.057813 0.033203
2 0.211719 0.291992 0.060937 0.033203
2 0.270313 0.292969 0.062500 0.035156
2 0.329688 0.296875 0.059375 0.039062
2 0.389844 0.301758 0.060937 0.037109
2 0.035156 0.317383 0.057813 0.033203
2 0.093750 0.320312 0.059375 0.035156
2 0.151562 0.323242 0.059375 0.037109
2 0.211719 0.326172 0.060937 0.035156
2 0.270313 0.328125 0.059375 0.035156
2 0.330469 0.331055 0.060937 0.037109
2 0.390625 0.333984 0.059375 0.031250
2 0.036719 0.351562 0.057813 0.035156
2 0.095312 0.354492 0.056250 0.033203
2 0.153125 0.357422 0.059375 0.031250
2 0.213281 0.361328 0.060937 0.031250
2 0.272656 0.362305 0.060937 0.029297
2 0.330469 0.366211 0.057813 0.033203
2 0.389844 0.367188 0.057813 0.035156
2 0.060156 0.491211 0.057813 0.033203
2 0.117188 0.494141 0.059375 0.035156
2 0.176563 0.496094 0.059375 0.035156
2 0.235156 0.498047 0.060937 0.035156
2 0.295312 0.503906 0.059375 0.035156
2 0.357031 0.506836 0.060937 0.037109
0 0.415625 0.508789 0.059375 0.037109
2 0.061719 0.524414 0.057813 0.033203
2 0.426563 0.100586 0.059375 0.041016
2 0.021875 0.119141 0.043750 0.035156
2 0.073438 0.121094 0.059375 0.035156
2 0.130469 0.123047 0.057813 0.035156
0 0.189062 0.125000 0.059375 0.039062
2 0.248438 0.131836 0.059375 0.037109
2 0.307031 0.131836 0.057813 0.033203
2 0.366406 0.132812 0.060937 0.035156
2 0.425781 0.136719 0.057813 0.035156
2 0.023438 0.152344 0.046875 0.035156
2 0.075781 0.155273 0.057813 0.037109
0 0.131250 0.159180 0.059375 0.037109
1 0.189844 0.163086 0.060937 0.033203
2 0.248438 0.165039 0.059375 0.033203
2 0.307812 0.166992 0.059375 0.037109
2 0.367969 0.168945 0.060937 0.037109
2 0.425781 0.170898 0.057813 0.033203
2 0.119531 0.525391 0.060937 0.031250
2 0.178125 0.529297 0.059375 0.031250
2 0.237500 0.532227 0.059375 0.033203
2 0.295312 0.536133 0.059375 0.033203
2 0.355469 0.539062 0.060937 0.031250
2 0.415625 0.541992 0.059375 0.033203
2 0.063281 0.555664 0.057813 0.033203
2 0.119531 0.558594 0.057813 0.031250
2 0.178125 0.561523 0.059375 0.033203
2 0.237500 0.564453 0.059375 0.031250
2 0.296875 0.568359 0.059375 0.031250
2 0.356250 0.571289 0.059375 0.033203
2 0.415625 0.575195 0.059375 0.033203
2 0.027344 0.689453 0.054688 0.035156
2 0.084375 0.692383 0.059375 0.033203
2 0.145313 0.695312 0.059375 0.031250
2 0.204687 0.697266 0.059375 0.031250
2 0.263281 0.699219 0.060937 0.031250
2 0.323437 0.705078 0.059375 0.031250
2 0.383594 0.708008 0.060937 0.033203
2 0.442188 0.711914 0.059375 0.033203
2 0.029687 0.721680 0.059375 0.029297
0 0.085938 0.721680 0.059375 0.029297
2 0.146875 0.726562 0.059375 0.031250
2 0.204687 0.727539 0.059375 0.029297
2 0.264062 0.731445 0.059375 0.029297
2 0.323437 0.734375 0.059375 0.031250
2 0.382812 0.738281 0.059375 0.031250
2 0.441406 0.744141 0.057813 0.031250
2 0.029687 0.750977 0.059375 0.033203
2 0.089063 0.751953 0.059375 0.031250
2 0.146875 0.755859 0.059375 0.031250
1 0.206250 0.761719 0.059375 0.035156
2 0.264062 0.760742 0.059375 0.033203
2 0.324219 0.766602 0.060937 0.037109
2 0.382812 0.768555 0.059375 0.029297
2 0.441406 0.776367 0.057813 0.033203
2 0.020313 0.084961 0.040625 0.033203
0 0.071094 0.083984 0.060937 0.035156
2 0.130469 0.086914 0.057813 0.037109
2 0.188281 0.088867 0.060937 0.037109
2 0.044531 0.895508 0.060937 0.033203
2 0.103125 0.895508 0.059375 0.029297
2 0.164062 0.901367 0.059375 0.033203
2 0.222656 0.905273 0.057813 0.029297
2 0.282031 0.905273 0.060937 0.029297
2 0.342187 0.910156 0.059375 0.031250
2 0.400781 0.912109 0.057813 0.031250
2 0.246875 0.091797 0.059375 0.039062
2 0.307812 0.094727 0.059375 0.041016
0 0.047656 0.923828 0.060937 0.027344
2 0.106250 0.926758 0.059375 0.029297
2 0.165625 0.929688 0.059375 0.027344
2 0.225000 0.933594 0.059375 0.027344
2 0.282813 0.935547 0.059375 0.027344
2 0.342187 0.939453 0.056250 0.023438
2 0.399219 0.942383 0.060937 0.029297
2 0.050000 0.951172 0.062500 0.027344
2 0.109375 0.955078 0.056250 0.027344
2 0.367188 0.095703 0.059375 0.039062
2 0.167187 0.958984 0.059375 0.027344
2 0.223438 0.962891 0.059375 0.027344
2 0.282031 0.963867 0.057813 0.029297
2 0.342187 0.968750 0.059375 0.031250
2 0.400000 0.972656 0.056250 0.027344
