2 0.746875 0.910156 0.062500 0.039062
2 0.685937 0.908203 0.059375 0.039062
2 0.628906 0.905273 0.060937 0.044922
2 0.927344 0.882812 0.057813 0.035156
2 0.867969 0.879883 0.057813 0.041016
2 0.807813 0.875977 0.062500 0.033203
2 0.687500 0.869141 0.056250 0.042969
2 0.748437 0.871094 0.059375 0.039062
2 0.628125 0.865234 0.059375 0.035156
2 0.927344 0.846680 0.057813 0.033203
2 0.866406 0.843750 0.057813 0.031250
2 0.807813 0.842773 0.059375 0.033203
1 0.688281 0.837891 0.057813 0.035156
2 0.749219 0.835938 0.057813 0.031250
2 0.629687 0.834961 0.056250 0.037109
3 0.941406 0.719727 0.057813 0.033203
3 0.939063 0.685547 0.056250 0.039062
3 0.938281 0.647461 0.057813 0.033203
2 0.927344 0.920898 0.060937 0.037109
2 0.868750 0.918945 0.059375 0.037109
2 0.808594 0.913086 0.057813 0.041016
