1 0.455469 0.612305 0.026562 0.076172
2 0.458594 0.536133 0.026562 0.076172
2 0.459375 0.460938 0.028125 0.074219
2 0.136719 0.669922 0.023438 0.074219
2 0.460938 0.384766 0.028125 0.074219
2 0.461719 0.309570 0.026562 0.076172
2 0.463281 0.234375 0.026562 0.074219
2 0.466406 0.159180 0.026562 0.076172
1 0.467187 0.081055 0.028125 0.076172
2 0.467969 0.021484 0.026562 0.042969
2 0.136719 0.595703 0.023438 0.074219
2 0.138281 0.520508 0.023438 0.076172
2 0.139844 0.444336 0.023438 0.076172
2 0.478125 0.974609 0.025000 0.050781
2 0.478906 0.914062 0.026562 0.074219
2 0.480469 0.764648 0.026562 0.076172
2 0.480469 0.837891 0.026562 0.082031
2 0.483594 0.690430 0.029687 0.076172
2 0.482812 0.613281 0.028125 0.078125
2 0.485156 0.537109 0.026562 0.078125
2 0.485156 0.461914 0.023438 0.076172
2 0.487500 0.385742 0.025000 0.076172
2 0.489063 0.308594 0.028125 0.078125
2 0.489844 0.231445 0.026562 0.076172
2 0.139844 0.369141 0.023438 0.074219
2 0.491406 0.157227 0.023438 0.076172
2 0.495312 0.080078 0.028125 0.078125
2 0.495312 0.021484 0.028125 0.042969
2 0.504687 0.976562 0.028125 0.046875
2 0.506250 0.915039 0.028125 0.076172
2 0.140625 0.293945 0.025000 0.076172
2 0.507031 0.842773 0.026562 0.080078
2 0.507812 0.767578 0.028125 0.074219
2 0.510938 0.692383 0.028125 0.076172
2 0.510938 0.615234 0.025000 0.078125
2 0.511719 0.460938 0.026562 0.078125
2 0.511719 0.538086 0.026562 0.076172
2 0.512500 0.385742 0.028125 0.076172
2 0.515625 0.306641 0.025000 0.078125
2 0.516406 0.231445 0.029687 0.076172
2 0.518750 0.152344 0.028125 0.078125
2 0.521094 0.079102 0.029687 0.080078
2 0.143750 0.219727 0.025000 0.076172
2 0.524219 0.021484 0.026562 0.042969
1 0.144531 0.144531 0.023438 0.074219
2 0.146094 0.069336 0.023438 0.076172
2 0.146875 0.016602 0.025000 0.033203
2 0.614844 0.992188 0.026562 0.015625
2 0.614844 0.947266 0.026562 0.074219
2 0.617188 0.872070 0.028125 0.072266
2 0.618750 0.800781 0.028125 0.074219
2 0.620313 0.723633 0.028125 0.076172
2 0.620313 0.650391 0.028125 0.074219
0 0.622656 0.576172 0.026562 0.074219
2 0.625000 0.500000 0.028125 0.074219
2 0.626563 0.424805 0.028125 0.076172
2 0.629687 0.348633 0.028125 0.076172
2 0.631250 0.271484 0.028125 0.078125
2 0.632812 0.120117 0.025000 0.076172
2 0.632031 0.195312 0.026562 0.074219
0 0.634375 0.044922 0.028125 0.074219
2 0.641406 0.950195 0.026562 0.076172
2 0.644531 0.879883 0.026562 0.076172
2 0.646094 0.803711 0.026562 0.076172
2 0.648438 0.727539 0.028125 0.076172
1 0.828906 0.922852 0.035937 0.076172
0 0.829688 0.846680 0.037500 0.076172
2 0.831250 0.774414 0.037500 0.076172
2 0.839844 0.619141 0.029687 0.078125
2 0.834375 0.697266 0.034375 0.078125
2 0.839844 0.543945 0.029687 0.072266
2 0.842969 0.469727 0.035937 0.076172
2 0.845313 0.394531 0.037500 0.078125
2 0.848437 0.241211 0.034375 0.076172
2 0.848437 0.317383 0.037500 0.076172
2 0.853125 0.165039 0.031250 0.076172
2 0.853906 0.024414 0.029687 0.048828
2 0.853906 0.085938 0.029687 0.078125
2 0.181250 0.899414 0.025000 0.076172
2 0.182031 0.968750 0.023438 0.062500
2 0.182812 0.750000 0.025000 0.074219
2 0.184375 0.675781 0.025000 0.074219
2 0.185156 0.824219 0.026562 0.074219
2 0.185938 0.599609 0.025000 0.078125
2 0.185938 0.522461 0.025000 0.076172
2 0.187500 0.446289 0.025000 0.076172
2 0.187500 0.370117 0.025000 0.076172
2 0.188281 0.292969 0.023438 0.074219
2 0.191406 0.218750 0.023438 0.078125
2 0.191406 0.140625 0.023438 0.078125
2 0.193750 0.015625 0.025000 0.031250
2 0.193750 0.066406 0.025000 0.078125
2 0.292969 0.989258 0.023438 0.021484
4 0.293750 0.795898 0.025000 0.076172
0 0.293750 0.722656 0.025000 0.074219
2 0.294531 0.870117 0.026562 0.076172
2 0.297656 0.498047 0.023438 0.074219
2 0.294531 0.942383 0.026562 0.076172
1 0.295312 0.648438 0.025000 0.074219
2 0.299219 0.573242 0.023438 0.076172
0 0.300000 0.420898 0.025000 0.076172
2 0.300000 0.346680 0.025000 0.076172
2 0.303125 0.270508 0.025000 0.076172
2 0.305469 0.194336 0.026562 0.076172
1 0.307031 0.044922 0.026562 0.074219
2 0.305469 0.120117 0.026562 0.076172
2 0.315625 0.991211 0.021875 0.017578
2 0.317969 0.873047 0.023438 0.078125
2 0.317969 0.948242 0.023438 0.076172
2 0.319531 0.800781 0.026562 0.074219
2 0.318750 0.724609 0.028125 0.074219
2 0.321875 0.649414 0.025000 0.076172
2 0.322656 0.575195 0.023438 0.076172
2 0.321875 0.499023 0.021875 0.076172
2 0.327344 0.423828 0.029687 0.074219
2 0.328125 0.346680 0.028125 0.076172
2 0.328125 0.270508 0.025000 0.076172
2 0.332813 0.118164 0.025000 0.076172
2 0.332031 0.194336 0.026562 0.076172
2 0.332031 0.041992 0.023438 0.076172
2 0.343750 0.878906 0.028125 0.078125
2 0.340625 0.955078 0.031250 0.078125
2 0.344531 0.803711 0.026562 0.076172
2 0.346875 0.728516 0.028125 0.078125
2 0.346875 0.653320 0.028125 0.076172
2 0.347656 0.576172 0.026562 0.078125
2 0.350000 0.499023 0.031250 0.076172
2 0.353906 0.422852 0.023438 0.076172
2 0.357812 0.116211 0.028125 0.076172
2 0.353906 0.348633 0.023438 0.076172
2 0.355469 0.270508 0.029687 0.076172
2 0.357031 0.040039 0.026562 0.076172
2 0.359375 0.194336 0.028125 0.076172
0 0.135156 0.890625 0.023438 0.074219
0 0.134375 0.961914 0.021875 0.072266
0 0.135156 0.817383 0.023438 0.076172
1 0.452344 0.971680 0.026562 0.056641
2 0.136719 0.743164 0.023438 0.072266
0 0.452344 0.908203 0.026562 0.074219
2 0.453125 0.834961 0.025000 0.076172
2 0.454688 0.686523 0.025000 0.076172
2 0.456250 0.762695 0.025000 0.076172
2 0.648438 0.652344 0.028125 0.078125
0 0.650000 0.578125 0.031250 0.074219
2 0.653125 0.503906 0.028125 0.078125
2 0.655469 0.425781 0.029687 0.074219
2 0.657813 0.272461 0.025000 0.076172
2 0.657813 0.349609 0.028125 0.074219
2 0.660156 0.197266 0.026562 0.074219
2 0.658594 0.120117 0.026562 0.076172
2 0.662500 0.045898 0.028125 0.076172
2 0.157031 0.964844 0.023438 0.070312
2 0.669531 0.881836 0.029687 0.076172
2 0.668750 0.955078 0.031250 0.074219
2 0.671094 0.806641 0.026562 0.074219
2 0.675000 0.731445 0.028125 0.076172
2 0.675781 0.656250 0.029687 0.078125
2 0.678906 0.578125 0.029687 0.078125
2 0.158594 0.896484 0.023438 0.074219
2 0.159375 0.745117 0.021875 0.076172
2 0.678906 0.501953 0.026562 0.078125
2 0.682813 0.425781 0.025000 0.078125
2 0.685937 0.271484 0.028125 0.078125
2 0.685937 0.348633 0.028125 0.076172
2 0.686719 0.195312 0.029687 0.074219
2 0.686719 0.120117 0.029687 0.076172
2 0.689844 0.043945 0.029687 0.076172
2 0.159375 0.672852 0.021875 0.076172
2 0.159375 0.820312 0.025000 0.074219
2 0.160938 0.594727 0.021875 0.076172
2 0.161719 0.520508 0.023438 0.076172
2 0.161719 0.446289 0.023438 0.076172
2 0.163281 0.370117 0.023438 0.076172
2 0.165625 0.293945 0.021875 0.076172
2 0.166406 0.219727 0.023438 0.076172
2 0.771094 0.974609 0.029687 0.050781
2 0.167969 0.143555 0.023438 0.076172
2 0.771875 0.915039 0.025000 0.072266
0 0.773438 0.840820 0.025000 0.076172
2 0.776563 0.766602 0.021875 0.076172
2 0.778125 0.692383 0.021875 0.076172
2 0.780469 0.618164 0.023438 0.076172
0 0.782031 0.542969 0.023438 0.074219
0 0.782031 0.467773 0.023438 0.076172
2 0.785937 0.390625 0.025000 0.074219
1 0.785937 0.317383 0.025000 0.076172
2 0.167969 0.069336 0.023438 0.076172
2 0.170313 0.015625 0.021875 0.031250
2 0.792969 0.165039 0.029687 0.076172
0 0.787500 0.242188 0.021875 0.074219
2 0.795312 0.026367 0.031250 0.052734
2 0.796094 0.090820 0.029687 0.076172
2 0.798438 0.917969 0.025000 0.078125
2 0.797656 0.844727 0.026562 0.076172
2 0.798438 0.975586 0.028125 0.048828
2 0.800781 0.770508 0.029687 0.080078
2 0.801562 0.695312 0.031250 0.078125
2 0.808594 0.543945 0.029687 0.076172
0 0.809375 0.621094 0.031250 0.078125
2 0.810156 0.469727 0.029687 0.076172
2 0.813281 0.394531 0.035937 0.078125
2 0.813281 0.316406 0.029687 0.078125
2 0.814844 0.239258 0.029687 0.080078
2 0.823438 0.164062 0.034375 0.078125
2 0.826562 0.088867 0.031250 0.076172
2 0.825781 0.025391 0.032813 0.050781
2 0.826562 0.977539 0.031250 0.044922
