2 0.904687 0.751953 0.053125 0.027344
2 0.846875 0.750977 0.056250 0.033203
2 0.789062 0.746094 0.056250 0.035156
2 0.730469 0.743164 0.054688 0.033203
2 0.672656 0.740234 0.057813 0.035156
2 0.611719 0.737305 0.054688 0.033203
2 0.553125 0.735352 0.056250 0.033203
0 0.490625 0.732422 0.059375 0.031250
0 0.433594 0.729492 0.057813 0.033203
2 0.371875 0.727539 0.059375 0.033203
0 0.312500 0.723633 0.059375 0.033203
2 0.910156 0.720703 0.054688 0.031250
2 0.853125 0.717773 0.053125 0.033203
2 0.253125 0.717773 0.059375 0.033203
2 0.793750 0.715820 0.053125 0.033203
2 0.735938 0.714844 0.053125 0.027344
2 0.192969 0.713867 0.057813 0.033203
0 0.132031 0.710938 0.060937 0.035156
2 0.675000 0.707031 0.056250 0.031250
2 0.541406 0.461914 0.060937 0.033203
2 0.480469 0.458984 0.060937 0.039062
2 0.418750 0.456055 0.059375 0.041016
2 0.809375 0.945312 0.053125 0.031250
2 0.357031 0.450195 0.060937 0.037109
2 0.296875 0.448242 0.059375 0.037109
2 0.236719 0.444336 0.060937 0.037109
2 0.175000 0.442383 0.059375 0.033203
2 0.115625 0.437500 0.059375 0.039062
2 0.053906 0.435547 0.060937 0.035156
2 0.752344 0.942383 0.054688 0.033203
2 0.693750 0.940430 0.056250 0.033203
2 0.635938 0.936523 0.056250 0.033203
2 0.921094 0.357422 0.057813 0.035156
2 0.575000 0.933594 0.056250 0.031250
2 0.865625 0.353516 0.056250 0.035156
2 0.807813 0.350586 0.056250 0.037109
2 0.750000 0.345703 0.056250 0.039062
2 0.691406 0.340820 0.060937 0.037109
2 0.630469 0.335938 0.057813 0.039062
2 0.571094 0.332031 0.057813 0.039062
2 0.510938 0.329102 0.059375 0.037109
2 0.451562 0.328125 0.059375 0.035156
2 0.926562 0.323242 0.056250 0.033203
2 0.390625 0.323242 0.059375 0.041016
2 0.869531 0.319336 0.054688 0.037109
2 0.330469 0.317383 0.060937 0.041016
2 0.515625 0.932617 0.059375 0.033203
2 0.811719 0.315430 0.054688 0.041016
1 0.270313 0.314453 0.059375 0.039062
2 0.210938 0.311523 0.059375 0.037109
2 0.752344 0.309570 0.057813 0.037109
2 0.694531 0.306641 0.057813 0.035156
2 0.151562 0.307617 0.059375 0.037109
2 0.092188 0.303711 0.059375 0.037109
2 0.633594 0.303711 0.057813 0.037109
1 0.032031 0.301758 0.057813 0.037109
2 0.573438 0.297852 0.059375 0.037109
0 0.457031 0.928711 0.057813 0.033203
2 0.512500 0.295898 0.059375 0.033203
2 0.453125 0.291016 0.059375 0.035156
2 0.933594 0.291016 0.054688 0.039062
2 0.392188 0.287109 0.059375 0.039062
2 0.875000 0.288086 0.053125 0.037109
2 0.332813 0.284180 0.059375 0.037109
2 0.814844 0.282227 0.054688 0.037109
2 0.270313 0.280273 0.059375 0.033203
2 0.755469 0.277344 0.057813 0.035156
2 0.210938 0.277344 0.059375 0.035156
2 0.150781 0.275391 0.057813 0.035156
2 0.694531 0.274414 0.060937 0.037109
2 0.091406 0.271484 0.060937 0.031250
2 0.635938 0.268555 0.059375 0.037109
2 0.031250 0.267578 0.059375 0.031250
2 0.575781 0.265625 0.057813 0.039062
2 0.514062 0.259766 0.059375 0.039062
2 0.396875 0.923828 0.059375 0.035156
2 0.453906 0.255859 0.060937 0.039062
2 0.393750 0.251953 0.060937 0.039062
2 0.332031 0.248047 0.060937 0.035156
2 0.271094 0.246094 0.060937 0.039062
2 0.211719 0.240234 0.060937 0.039062
2 0.149219 0.237305 0.060937 0.041016
2 0.089844 0.235352 0.060937 0.041016
2 0.029687 0.231445 0.059375 0.041016
2 0.698438 0.877930 0.056250 0.037109
2 0.099219 0.876953 0.057813 0.031250
2 0.640625 0.874023 0.056250 0.033203
2 0.039844 0.872070 0.060937 0.029297
1 0.579688 0.871094 0.056250 0.035156
2 0.519531 0.868164 0.057813 0.037109
0 0.460156 0.864258 0.057813 0.033203
0 0.399219 0.859375 0.057813 0.035156
2 0.339062 0.856445 0.059375 0.033203
2 0.278906 0.855469 0.060937 0.035156
2 0.217969 0.849609 0.060937 0.035156
2 0.159375 0.846680 0.059375 0.033203
0 0.100000 0.843750 0.059375 0.035156
2 0.039844 0.838867 0.060937 0.037109
2 0.073438 0.707031 0.059375 0.035156
2 0.614844 0.707031 0.054688 0.031250
0 0.554688 0.704102 0.056250 0.033203
2 0.494531 0.700195 0.054688 0.033203
2 0.433594 0.697266 0.057813 0.035156
2 0.373437 0.696289 0.059375 0.033203
2 0.313281 0.690430 0.057813 0.033203
2 0.914844 0.691406 0.051562 0.035156
2 0.252344 0.688477 0.057813 0.029297
2 0.857031 0.687500 0.054688 0.035156
2 0.797656 0.684570 0.054688 0.033203
2 0.737500 0.683594 0.056250 0.035156
2 0.191406 0.683594 0.060937 0.035156
2 0.132031 0.680664 0.060937 0.033203
2 0.677344 0.677734 0.054688 0.035156
2 0.071875 0.677734 0.059375 0.031250
2 0.616406 0.676758 0.054688 0.033203
2 0.556250 0.672852 0.056250 0.033203
2 0.495312 0.669922 0.056250 0.035156
2 0.435156 0.666992 0.057813 0.033203
2 0.373437 0.662109 0.059375 0.035156
2 0.313281 0.659180 0.060937 0.033203
2 0.250781 0.657227 0.060937 0.037109
2 0.191406 0.651367 0.060937 0.037109
2 0.129688 0.649414 0.059375 0.037109
2 0.070312 0.644531 0.059375 0.035156
2 0.947656 0.553711 0.051562 0.033203
2 0.891406 0.552734 0.051562 0.035156
2 0.832812 0.548828 0.059375 0.035156
2 0.773438 0.543945 0.059375 0.033203
1 0.716406 0.542969 0.057813 0.035156
2 0.656250 0.538086 0.059375 0.037109
2 0.597656 0.535156 0.057813 0.035156
2 0.537500 0.530273 0.059375 0.037109
0 0.478125 0.528320 0.059375 0.037109
2 0.417187 0.524414 0.059375 0.037109
2 0.953906 0.520508 0.051562 0.037109
2 0.357031 0.519531 0.060937 0.035156
2 0.296094 0.517578 0.060937 0.039062
2 0.895312 0.519531 0.056250 0.035156
2 0.835938 0.513672 0.059375 0.035156
2 0.236719 0.514648 0.057813 0.037109
2 0.778906 0.510742 0.057813 0.033203
2 0.176563 0.508789 0.059375 0.037109
2 0.718750 0.509766 0.056250 0.035156
2 0.117188 0.507812 0.059375 0.035156
2 0.658594 0.501953 0.060937 0.035156
2 0.057031 0.502930 0.060937 0.037109
0 0.599219 0.500000 0.057813 0.035156
2 0.539062 0.497070 0.059375 0.037109
2 0.478906 0.495117 0.060937 0.033203
2 0.958594 0.491211 0.051562 0.037109
2 0.417969 0.490234 0.060937 0.035156
2 0.899219 0.487305 0.054688 0.041016
2 0.357812 0.485352 0.059375 0.037109
2 0.296094 0.483398 0.060937 0.037109
2 0.839063 0.482422 0.059375 0.039062
2 0.235937 0.481445 0.059375 0.033203
2 0.782813 0.477539 0.056250 0.037109
2 0.176563 0.476562 0.059375 0.035156
2 0.721875 0.472656 0.059375 0.035156
2 0.115625 0.473633 0.059375 0.033203
2 0.055469 0.469727 0.060937 0.033203
2 0.661719 0.467773 0.060937 0.033203
2 0.600781 0.463867 0.060937 0.033203
2 0.337500 0.920898 0.059375 0.033203
0 0.278906 0.917969 0.057813 0.035156
2 0.218750 0.915039 0.059375 0.033203
2 0.898438 0.151367 0.053125 0.037109
2 0.841406 0.144531 0.057813 0.039062
2 0.782813 0.143555 0.056250 0.037109
2 0.813281 0.912109 0.054688 0.031250
2 0.725000 0.139648 0.059375 0.033203
2 0.665625 0.133789 0.056250 0.037109
2 0.605469 0.129883 0.060937 0.037109
2 0.546875 0.125000 0.059375 0.035156
2 0.485938 0.121094 0.059375 0.035156
2 0.159375 0.910156 0.059375 0.035156
2 0.902344 0.116211 0.054688 0.037109
2 0.426563 0.115234 0.059375 0.035156
2 0.366406 0.115234 0.060937 0.039062
2 0.846094 0.114258 0.057813 0.033203
2 0.787500 0.110352 0.059375 0.037109
2 0.306250 0.110352 0.059375 0.037109
2 0.246094 0.107422 0.060937 0.039062
1 0.186719 0.107422 0.060937 0.039062
2 0.727344 0.106445 0.060937 0.037109
2 0.126562 0.102539 0.059375 0.037109
2 0.755469 0.911133 0.057813 0.033203
2 0.696094 0.909180 0.054688 0.033203
2 0.067187 0.100586 0.059375 0.037109
2 0.667969 0.100586 0.054688 0.037109
2 0.608594 0.094727 0.060937 0.037109
2 0.548438 0.089844 0.059375 0.035156
2 0.489063 0.085938 0.059375 0.035156
2 0.907813 0.083984 0.056250 0.039062
0 0.427344 0.082031 0.060937 0.035156
2 0.101562 0.906250 0.059375 0.031250
2 0.367188 0.079102 0.059375 0.037109
2 0.850000 0.078125 0.062500 0.039062
2 0.307812 0.076172 0.059375 0.035156
2 0.246875 0.074219 0.059375 0.035156
2 0.789844 0.074219 0.057813 0.039062
2 0.185938 0.070312 0.059375 0.035156
2 0.729688 0.068359 0.062500 0.035156
2 0.126562 0.068359 0.059375 0.035156
2 0.067969 0.066406 0.060937 0.031250
2 0.670312 0.064453 0.056250 0.035156
2 0.637500 0.905273 0.056250 0.033203
2 0.610156 0.059570 0.060937 0.033203
2 0.550000 0.053711 0.059375 0.037109
2 0.489844 0.050781 0.060937 0.039062
2 0.428125 0.044922 0.059375 0.039062
2 0.369531 0.042969 0.060937 0.039062
2 0.578125 0.903320 0.056250 0.033203
1 0.042188 0.902344 0.059375 0.035156
2 0.307031 0.041016 0.060937 0.039062
2 0.246875 0.036133 0.059375 0.041016
2 0.186719 0.035156 0.060937 0.039062
2 0.126562 0.032227 0.059375 0.041016
2 0.065625 0.029297 0.062500 0.042969
4 0.517969 0.900391 0.057813 0.035156
2 0.457813 0.895508 0.056250 0.033203
2 0.398438 0.893555 0.059375 0.033203
2 0.338281 0.889648 0.057813 0.033203
2 0.279687 0.887695 0.059375 0.029297
2 0.218750 0.882812 0.059375 0.035156
2 0.817969 0.880859 0.054688 0.035156
2 0.759375 0.878906 0.059375 0.035156
2 0.159375 0.876953 0.059375 0.035156
