0 0.493750 0.090820 0.028125 0.076172
2 0.521875 0.090820 0.028125 0.076172
2 0.494531 0.028320 0.026562 0.056641
2 0.338281 0.007812 0.026562 0.015625
2 0.365625 0.007812 0.025000 0.015625
2 0.391406 0.007812 0.026562 0.015625
2 0.824219 0.031250 0.029687 0.062500
2 0.821094 0.098633 0.026562 0.076172
2 0.819531 0.175781 0.029687 0.074219
2 0.714063 0.053711 0.028125 0.076172
2 0.818750 0.248047 0.028125 0.074219
2 0.715625 0.007812 0.028125 0.015625
2 0.879687 0.099609 0.028125 0.074219
2 0.849219 0.175781 0.029687 0.074219
2 0.845313 0.249023 0.028125 0.072266
2 0.878125 0.175781 0.028125 0.074219
2 0.850000 0.099609 0.031250 0.074219
2 0.875781 0.249023 0.029687 0.072266
2 0.852344 0.031250 0.026562 0.062500
2 0.880469 0.031250 0.029687 0.062500
2 0.713281 0.129883 0.029687 0.076172
2 0.685937 0.130859 0.028125 0.074219
0 0.687500 0.007812 0.028125 0.015625
2 0.685937 0.054688 0.025000 0.078125
2 0.660156 0.008789 0.026562 0.017578
2 0.660156 0.056641 0.029687 0.074219
2 0.657813 0.131836 0.028125 0.072266
0 0.551562 0.026367 0.025000 0.052734
2 0.549219 0.089844 0.026562 0.074219
1 0.524219 0.026367 0.029687 0.052734
