2 0.689844 0.300781 0.057813 0.031250
2 0.747656 0.301758 0.060937 0.029297
2 0.807813 0.302734 0.059375 0.027344
0 0.867188 0.304688 0.059375 0.027344
2 0.748437 0.367188 0.062500 0.035156
2 0.689063 0.364258 0.059375 0.033203
2 0.807813 0.333984 0.062500 0.031250
2 0.927344 0.344727 0.060937 0.033203
2 0.869531 0.336914 0.060937 0.037109
2 0.688281 0.331055 0.057813 0.037109
1 0.748437 0.333984 0.062500 0.035156
2 0.926562 0.314453 0.059375 0.031250
2 0.897656 0.113281 0.057813 0.031250
2 0.928906 0.378906 0.060937 0.035156
2 0.867969 0.371094 0.060937 0.031250
2 0.808594 0.369141 0.060937 0.035156
2 0.957812 0.145508 0.062500 0.029297
2 0.897656 0.143555 0.057813 0.025391
2 0.956250 0.117188 0.059375 0.031250
2 0.900000 0.171875 0.056250 0.031250
0 0.959375 0.177734 0.062500 0.035156
