2 0.515625 0.914062 0.028125 0.078125
2 0.382812 0.274414 0.028125 0.072266
2 0.854688 0.203125 0.021875 0.074219
0 0.392188 0.657227 0.028125 0.076172
1 0.728125 0.540039 0.025000 0.076172
2 0.858594 0.659180 0.023438 0.076172
3 0.510938 0.975586 0.034375 0.048828
2 0.845313 0.427734 0.025000 0.074219
2 0.510156 0.606445 0.026562 0.080078
2 0.718750 0.159180 0.025000 0.076172
0 0.364844 0.656250 0.029687 0.078125
2 0.520312 0.836914 0.025000 0.076172
2 0.353125 0.884766 0.028125 0.078125
2 0.360938 0.192383 0.028125 0.076172
2 0.368750 0.579102 0.028125 0.076172
3 0.840625 0.962891 0.025000 0.074219
2 0.486719 0.914062 0.026562 0.078125
2 0.411719 0.278320 0.029687 0.076172
2 0.339062 0.575195 0.031250 0.076172
2 0.380469 0.885742 0.026562 0.076172
2 0.405469 0.428711 0.029687 0.076172
2 0.327344 0.807617 0.029687 0.076172
0 0.400000 0.505859 0.031250 0.074219
2 0.725000 0.026367 0.025000 0.052734
2 0.332031 0.732422 0.029687 0.078125
2 0.713281 0.766602 0.026562 0.076172
2 0.424219 0.055664 0.029687 0.072266
2 0.735156 0.312500 0.026562 0.078125
2 0.851562 0.278320 0.021875 0.076172
2 0.359375 0.734375 0.031250 0.074219
3 0.375000 0.960938 0.025000 0.078125
2 0.357812 0.809570 0.028125 0.076172
1 0.408594 0.354492 0.029687 0.076172
2 0.371094 0.503906 0.029687 0.078125
2 0.417187 0.204102 0.025000 0.076172
2 0.859375 0.052734 0.021875 0.074219
2 0.882031 0.660156 0.026562 0.078125
3 0.317969 0.961914 0.032813 0.076172
2 0.715625 0.234375 0.025000 0.078125
2 0.708594 0.839844 0.026562 0.074219
2 0.371094 0.042969 0.032813 0.074219
2 0.398438 0.051758 0.028125 0.072266
2 0.382812 0.809570 0.028125 0.076172
3 0.348438 0.960938 0.025000 0.078125
2 0.879687 0.133789 0.021875 0.076172
3 0.323437 0.884766 0.028125 0.078125
2 0.513281 0.528320 0.026562 0.076172
2 0.365625 0.120117 0.028125 0.072266
2 0.848437 0.811523 0.025000 0.076172
3 0.485156 0.976562 0.029687 0.046875
2 0.857031 0.127930 0.023438 0.076172
2 0.502344 0.682617 0.026562 0.076172
2 0.492969 0.837891 0.026562 0.078125
2 0.389844 0.732422 0.026562 0.074219
2 0.883594 0.058594 0.023438 0.074219
0 0.729688 0.461914 0.025000 0.080078
2 0.381250 0.349609 0.031250 0.078125
2 0.396875 0.581055 0.031250 0.076172
2 0.841406 0.503906 0.023438 0.074219
2 0.847656 0.351562 0.023438 0.078125
2 0.515625 0.452148 0.028125 0.080078
2 0.419531 0.129883 0.029687 0.076172
2 0.357031 0.270508 0.032813 0.076172
2 0.500000 0.759766 0.028125 0.078125
2 0.428125 0.009766 0.028125 0.019531
2 0.853906 0.734375 0.026562 0.074219
2 0.335156 0.652344 0.029687 0.078125
2 0.718750 0.690430 0.025000 0.080078
2 0.393750 0.125977 0.028125 0.076172
2 0.721094 0.086914 0.026562 0.076172
0 0.389062 0.198242 0.031250 0.076172
2 0.375781 0.426758 0.029687 0.076172
2 0.710938 0.309570 0.025000 0.080078
2 0.724219 0.615234 0.023438 0.078125
2 0.520312 0.375000 0.028125 0.078125
2 0.739062 0.239258 0.025000 0.076172
2 0.342187 0.500977 0.031250 0.076172
2 0.734375 0.387695 0.025000 0.076172
0 0.843750 0.886719 0.025000 0.074219
2 0.860156 0.008789 0.023438 0.017578
2 0.353906 0.345703 0.029687 0.074219
2 0.348438 0.421875 0.028125 0.078125
2 0.228125 0.171875 0.031250 0.074219
2 0.743750 0.164062 0.025000 0.078125
2 0.675781 0.532227 0.026562 0.080078
2 0.182812 0.934570 0.028125 0.076172
0 0.708594 0.385742 0.026562 0.080078
2 0.266406 0.034180 0.029687 0.068359
2 0.671094 0.611328 0.026562 0.078125
1 0.250781 0.251953 0.029687 0.074219
2 0.829688 0.734375 0.025000 0.074219
2 0.817969 0.961914 0.023438 0.076172
2 0.187500 0.319336 0.028125 0.080078
2 0.184375 0.394531 0.031250 0.078125
3 0.210156 0.985352 0.029687 0.029297
0 0.574219 0.379883 0.029687 0.080078
2 0.886719 0.583984 0.023438 0.074219
2 0.220312 0.782227 0.031250 0.076172
2 0.539062 0.532227 0.025000 0.080078
2 0.530469 0.683594 0.026562 0.078125
2 0.550000 0.302734 0.021875 0.078125
3 0.181250 0.985352 0.028125 0.029297
0 0.699219 0.614258 0.026562 0.076172
2 0.567969 0.022461 0.023438 0.044922
2 0.213281 0.399414 0.029687 0.076172
2 0.662500 0.765625 0.025000 0.078125
2 0.535156 0.606445 0.023438 0.080078
2 0.552344 0.760742 0.023438 0.076172
2 0.213281 0.476562 0.026562 0.078125
2 0.820312 0.885742 0.025000 0.076172
2 0.836719 0.581055 0.023438 0.076172
2 0.557031 0.685547 0.029687 0.078125
2 0.701562 0.534180 0.025000 0.076172
2 0.229687 0.628906 0.031250 0.074219
2 0.873437 0.810547 0.028125 0.074219
2 0.157031 0.857422 0.032813 0.078125
2 0.233594 0.554688 0.029687 0.078125
1 0.590625 0.026367 0.021875 0.052734
2 0.199219 0.167969 0.029687 0.074219
2 0.688281 0.232422 0.026562 0.078125
2 0.172656 0.626953 0.032813 0.078125
2 0.745313 0.089844 0.025000 0.074219
2 0.679688 0.458008 0.028125 0.080078
2 0.546094 0.836914 0.026562 0.076172
2 0.200781 0.626953 0.026562 0.078125
2 0.875781 0.207031 0.020313 0.074219
2 0.825781 0.810547 0.023438 0.078125
2 0.695312 0.081055 0.025000 0.080078
2 0.566406 0.456055 0.029687 0.076172
2 0.700781 0.022461 0.026562 0.044922
2 0.871094 0.356445 0.023438 0.078125
2 0.702344 0.917969 0.026562 0.082031
2 0.553125 0.225586 0.025000 0.080078
2 0.685937 0.304688 0.025000 0.082031
2 0.248438 0.327148 0.031250 0.076172
2 0.205469 0.091797 0.026562 0.078125
2 0.541406 0.454102 0.023438 0.080078
2 0.213281 0.934570 0.035937 0.076172
2 0.528125 0.761719 0.025000 0.074219
2 0.652344 0.916992 0.023438 0.076172
2 0.860938 0.581055 0.025000 0.076172
2 0.563281 0.079102 0.023438 0.080078
2 0.678125 0.916016 0.025000 0.074219
2 0.688281 0.764648 0.023438 0.076172
1 0.225000 0.704102 0.034375 0.076172
2 0.873437 0.280273 0.021875 0.076172
0 0.682813 0.380859 0.028125 0.078125
2 0.263281 0.105469 0.029687 0.074219
2 0.865625 0.506836 0.025000 0.076172
2 0.694531 0.689453 0.026562 0.078125
0 0.707031 0.458984 0.023438 0.078125
2 0.175000 0.550781 0.031250 0.078125
2 0.582812 0.156250 0.025000 0.074219
2 0.192188 0.782227 0.028125 0.076172
2 0.692187 0.156250 0.025000 0.078125
2 0.868750 0.430664 0.021875 0.076172
2 0.574219 0.304688 0.029687 0.074219
2 0.889062 0.507812 0.021875 0.078125
0 0.871094 0.885742 0.029687 0.076172
2 0.536719 0.072266 0.029687 0.082031
2 0.164062 0.782227 0.028125 0.076172
2 0.577344 0.230469 0.026562 0.078125
2 0.193750 0.244141 0.025000 0.078125
2 0.547656 0.375977 0.023438 0.080078
2 0.700781 0.978516 0.023438 0.042969
2 0.660156 0.840820 0.029687 0.076172
3 0.675781 0.977539 0.026562 0.044922
2 0.536719 0.976562 0.029687 0.046875
2 0.559375 0.608398 0.025000 0.080078
2 0.153125 0.934570 0.031250 0.076172
2 0.885156 0.011719 0.026562 0.023438
2 0.564063 0.531250 0.025000 0.078125
2 0.216406 0.858398 0.029687 0.076172
3 0.150781 0.986328 0.032813 0.027344
2 0.685937 0.841797 0.025000 0.078125
2 0.203906 0.551758 0.026562 0.076172
2 0.748437 0.030273 0.025000 0.060547
2 0.217969 0.324219 0.032813 0.074219
3 0.867188 0.961914 0.025000 0.076172
2 0.208594 0.027344 0.026562 0.054688
2 0.665625 0.687500 0.028125 0.078125
2 0.544531 0.912109 0.029687 0.078125
2 0.258594 0.177734 0.029687 0.074219
2 0.833594 0.656250 0.026562 0.074219
2 0.524219 0.298828 0.029687 0.078125
2 0.541406 0.021484 0.029687 0.042969
2 0.182031 0.472656 0.032813 0.078125
2 0.583594 0.083008 0.023438 0.076172
3 0.648438 0.977539 0.025000 0.044922
2 0.185938 0.858398 0.031250 0.076172
2 0.221875 0.247070 0.031250 0.076172
2 0.889844 0.435547 0.020313 0.074219
2 0.166406 0.704102 0.029687 0.076172
2 0.557813 0.151367 0.025000 0.080078
2 0.242188 0.400391 0.031250 0.078125
2 0.531250 0.146484 0.028125 0.078125
2 0.233594 0.097656 0.029687 0.074219
2 0.195312 0.705078 0.028125 0.078125
2 0.235937 0.032227 0.031250 0.064453
2 0.878125 0.736328 0.021875 0.074219
2 0.237500 0.479492 0.031250 0.080078
2 0.526563 0.221680 0.028125 0.083984
