2 0.337500 0.690430 0.028125 0.076172
2 0.340625 0.615234 0.028125 0.074219
2 0.342969 0.540039 0.029687 0.072266
1 0.346875 0.463867 0.028125 0.072266
2 0.349219 0.388672 0.029687 0.070312
2 0.354687 0.977539 0.028125 0.044922
2 0.357031 0.915039 0.029687 0.072266
2 0.478125 0.502930 0.028125 0.076172
2 0.520312 0.882812 0.028125 0.074219
2 0.489844 0.958984 0.026562 0.074219
2 0.503125 0.580078 0.028125 0.074219
2 0.504687 0.503906 0.028125 0.074219
2 0.516406 0.958984 0.029687 0.074219
2 0.492969 0.882812 0.026562 0.074219
2 0.500781 0.656250 0.026562 0.074219
2 0.495312 0.808594 0.028125 0.074219
2 0.496875 0.732422 0.028125 0.074219
1 0.360156 0.840820 0.029687 0.072266
2 0.850000 0.709961 0.025000 0.072266
1 0.471875 0.656250 0.031250 0.078125
2 0.474219 0.579102 0.029687 0.076172
2 0.462500 0.959961 0.031250 0.076172
2 0.468750 0.732422 0.028125 0.074219
2 0.464062 0.882812 0.031250 0.074219
2 0.467187 0.807617 0.028125 0.072266
2 0.362500 0.765625 0.031250 0.074219
2 0.374219 0.465820 0.026562 0.072266
0 0.375781 0.392578 0.026562 0.070312
2 0.848437 0.783203 0.025000 0.074219
2 0.365625 0.689453 0.031250 0.074219
0 0.371094 0.541992 0.026562 0.072266
2 0.845313 0.855469 0.025000 0.074219
2 0.367969 0.615234 0.029687 0.074219
2 0.185938 0.344727 0.031250 0.068359
2 0.309375 0.689453 0.031250 0.074219
1 0.312500 0.613281 0.031250 0.074219
2 0.329688 0.916016 0.028125 0.074219
2 0.333594 0.840820 0.026562 0.072266
2 0.335156 0.765625 0.029687 0.074219
2 0.315625 0.536133 0.031250 0.072266
0 0.327344 0.977539 0.026562 0.044922
2 0.317969 0.461914 0.032813 0.072266
2 0.321094 0.386719 0.029687 0.074219
2 0.190625 0.992188 0.028125 0.015625
2 0.214844 0.349609 0.026562 0.070312
2 0.306250 0.765625 0.031250 0.074219
0 0.839063 0.985352 0.028125 0.029297
2 0.839063 0.932617 0.021875 0.072266
0 0.303906 0.841797 0.032813 0.074219
2 0.299219 0.977539 0.032813 0.044922
2 0.301563 0.916016 0.034375 0.074219
2 0.192969 0.946289 0.029687 0.072266
2 0.205469 0.570312 0.029687 0.070312
2 0.209375 0.497070 0.025000 0.072266
2 0.210938 0.423828 0.028125 0.070312
0 0.194531 0.872070 0.029687 0.076172
2 0.204687 0.646484 0.028125 0.074219
2 0.198437 0.796875 0.028125 0.074219
0 0.201563 0.720703 0.031250 0.074219
2 0.146875 0.644531 0.034375 0.074219
2 0.169531 0.794922 0.029687 0.074219
2 0.183594 0.420898 0.029687 0.072266
2 0.173437 0.720703 0.028125 0.074219
0 0.182031 0.495117 0.029687 0.072266
0 0.177344 0.646484 0.026562 0.074219
2 0.180469 0.571289 0.026562 0.072266
2 0.149219 0.568359 0.032813 0.074219
2 0.163281 0.947266 0.032813 0.074219
0 0.825000 0.709961 0.025000 0.072266
2 0.166406 0.872070 0.032813 0.076172
2 0.825000 0.783203 0.025000 0.078125
2 0.157812 0.341797 0.028125 0.070312
0 0.153906 0.493164 0.032813 0.076172
1 0.154688 0.415039 0.031250 0.076172
2 0.816406 0.932617 0.026562 0.072266
2 0.140625 0.794922 0.034375 0.074219
2 0.143750 0.720703 0.034375 0.074219
2 0.821094 0.857422 0.023438 0.074219
2 0.137500 0.871094 0.031250 0.074219
2 0.132031 0.992188 0.029687 0.015625
2 0.133594 0.947266 0.029687 0.074219
2 0.797656 0.781250 0.029687 0.078125
2 0.801562 0.708008 0.028125 0.072266
2 0.816406 0.985352 0.023438 0.029297
2 0.793750 0.859375 0.028125 0.074219
2 0.789844 0.986328 0.029687 0.027344
2 0.791406 0.935547 0.026562 0.074219
2 0.528906 0.582031 0.029687 0.074219
2 0.531250 0.508789 0.028125 0.072266
2 0.625781 0.987305 0.026562 0.025391
2 0.527344 0.657227 0.029687 0.076172
2 0.523438 0.808594 0.028125 0.074219
2 0.524219 0.732422 0.029687 0.074219
2 0.628125 0.935547 0.028125 0.074219
2 0.689844 0.633789 0.023438 0.072266
2 0.685937 0.708984 0.028125 0.074219
2 0.632812 0.859375 0.028125 0.074219
2 0.664844 0.632812 0.023438 0.074219
2 0.675781 0.985352 0.026562 0.029297
2 0.683594 0.858398 0.026562 0.072266
2 0.685937 0.783203 0.025000 0.074219
2 0.680469 0.932617 0.026562 0.076172
0 0.661719 0.783203 0.023438 0.074219
2 0.663281 0.708984 0.023438 0.074219
2 0.653906 0.934570 0.026562 0.076172
0 0.659375 0.859375 0.025000 0.074219
2 0.636719 0.783203 0.029687 0.074219
1 0.636719 0.707031 0.029687 0.074219
2 0.651563 0.986328 0.028125 0.027344
2 0.640625 0.632812 0.028125 0.074219
