2 0.523438 0.408203 0.028125 0.070312
2 0.521875 0.483398 0.025000 0.076172
2 0.503906 0.933594 0.026562 0.074219
2 0.514062 0.708008 0.025000 0.072266
2 0.660937 0.447266 0.025000 0.070312
2 0.509375 0.108398 0.028125 0.068359
2 0.177344 0.906250 0.029687 0.074219
2 0.644531 0.825195 0.026562 0.076172
2 0.645312 0.146484 0.028125 0.070312
2 0.146094 0.972656 0.029687 0.054688
0 0.687500 0.376953 0.025000 0.070312
2 0.528906 0.259766 0.026562 0.070312
1 0.527344 0.334961 0.026562 0.072266
2 0.639844 0.294922 0.026562 0.070312
1 0.508594 0.180664 0.026562 0.072266
2 0.699219 0.022461 0.026562 0.044922
2 0.662500 0.372070 0.025000 0.072266
2 0.646875 0.750000 0.025000 0.074219
2 0.814844 0.578125 0.026562 0.074219
2 0.157031 0.678711 0.029687 0.076172
2 0.150781 0.829102 0.029687 0.076172
2 0.807813 0.008789 0.028125 0.017578
4 0.189844 0.604492 0.029687 0.072266
2 0.187500 0.679688 0.028125 0.074219
2 0.794531 0.426758 0.026562 0.072266
2 0.817969 0.503906 0.023438 0.078125
0 0.148438 0.906250 0.031250 0.074219
0 0.642969 0.898438 0.026562 0.074219
2 0.653125 0.597656 0.025000 0.070312
2 0.520312 0.558594 0.025000 0.074219
2 0.650781 0.016602 0.026562 0.033203
2 0.698438 0.083008 0.028125 0.068359
2 0.695312 0.157227 0.025000 0.068359
2 0.535156 0.186523 0.026562 0.072266
2 0.129688 0.676758 0.028125 0.076172
2 0.800781 0.955078 0.026562 0.074219
2 0.183594 0.755859 0.029687 0.074219
2 0.803906 0.202148 0.026562 0.068359
2 0.681250 0.525391 0.025000 0.074219
2 0.790625 0.578125 0.025000 0.074219
2 0.498437 0.405273 0.025000 0.072266
2 0.777344 0.955078 0.026562 0.074219
2 0.673438 0.748047 0.028125 0.074219
2 0.782813 0.804688 0.028125 0.074219
2 0.786719 0.728516 0.026562 0.074219
2 0.675000 0.675781 0.028125 0.074219
2 0.631250 0.521484 0.028125 0.074219
2 0.121875 0.831055 0.028125 0.076172
2 0.806250 0.129883 0.025000 0.068359
0 0.671875 0.824219 0.028125 0.074219
2 0.179688 0.831055 0.028125 0.076172
2 0.779687 0.880859 0.028125 0.074219
2 0.800000 0.351562 0.028125 0.074219
1 0.684375 0.451172 0.025000 0.070312
1 0.678125 0.598633 0.025000 0.072266
2 0.667969 0.221680 0.026562 0.068359
2 0.537500 0.112305 0.028125 0.068359
2 0.628125 0.594727 0.028125 0.072266
2 0.675000 0.019531 0.025000 0.039062
2 0.789062 0.652344 0.028125 0.074219
2 0.540625 0.040039 0.028125 0.068359
2 0.800781 0.277344 0.026562 0.074219
0 0.638281 0.968750 0.026562 0.062500
2 0.634375 0.446289 0.028125 0.072266
2 0.807813 0.057617 0.025000 0.076172
2 0.623437 0.749023 0.025000 0.076172
1 0.828906 0.878906 0.026562 0.074219
2 0.619531 0.825195 0.026562 0.076172
1 0.820312 0.429688 0.025000 0.070312
2 0.160938 0.602539 0.028125 0.072266
2 0.612500 0.968750 0.028125 0.062500
2 0.126562 0.753906 0.028125 0.074219
0 0.664844 0.298828 0.026562 0.070312
2 0.674219 0.077148 0.026562 0.068359
2 0.824219 0.353516 0.026562 0.074219
2 0.509375 0.784180 0.025000 0.072266
2 0.515625 0.035156 0.025000 0.070312
2 0.501563 0.330078 0.025000 0.074219
2 0.824219 0.951172 0.029687 0.074219
2 0.132031 0.601562 0.029687 0.074219
2 0.175781 0.972656 0.029687 0.054688
2 0.830469 0.134766 0.023438 0.070312
2 0.647656 0.071289 0.026562 0.068359
2 0.832031 0.802734 0.026562 0.074219
2 0.825781 0.280273 0.023438 0.072266
2 0.118750 0.906250 0.028125 0.074219
2 0.494531 0.480469 0.026562 0.074219
2 0.625000 0.672852 0.028125 0.072266
2 0.635938 0.369141 0.028125 0.074219
2 0.650781 0.673828 0.026562 0.074219
2 0.836719 0.655273 0.026562 0.072266
2 0.281250 0.985352 0.028125 0.029297
0 0.664844 0.968750 0.026562 0.062500
2 0.506250 0.857422 0.025000 0.074219
2 0.807813 0.803711 0.025000 0.076172
2 0.791406 0.500977 0.026562 0.076172
2 0.805469 0.879883 0.026562 0.076172
2 0.835156 0.012695 0.023438 0.025391
2 0.689844 0.301758 0.023438 0.072266
0 0.657031 0.523438 0.026562 0.074219
2 0.835156 0.729492 0.026562 0.076172
0 0.691406 0.228516 0.026562 0.070312
2 0.116406 0.971680 0.029687 0.056641
2 0.516406 0.632812 0.023438 0.074219
2 0.506250 0.256836 0.025000 0.072266
2 0.669531 0.151367 0.026562 0.068359
2 0.825781 0.208008 0.026562 0.068359
2 0.830469 0.060547 0.026562 0.070312
2 0.814063 0.654297 0.025000 0.074219
2 0.668750 0.899414 0.028125 0.076172
2 0.153906 0.753906 0.029687 0.074219
2 0.642188 0.218750 0.028125 0.070312
2 0.501563 0.986328 0.025000 0.027344
2 0.810937 0.728516 0.025000 0.074219
0 0.617188 0.900391 0.028125 0.074219
2 0.450781 0.933594 0.026562 0.074219
2 0.314844 0.249023 0.029687 0.072266
0 0.310937 0.930664 0.028125 0.072266
2 0.299219 0.627930 0.026562 0.076172
2 0.310937 0.322266 0.028125 0.074219
2 0.364844 0.331055 0.026562 0.072266
2 0.462500 0.630859 0.028125 0.074219
2 0.307812 0.400391 0.028125 0.074219
0 0.336719 0.403320 0.026562 0.076172
2 0.474219 0.986328 0.026562 0.027344
2 0.477344 0.251953 0.029687 0.070312
2 0.302344 0.550781 0.029687 0.074219
2 0.309375 0.983398 0.028125 0.033203
2 0.291406 0.780273 0.029687 0.076172
2 0.470313 0.479492 0.028125 0.076172
2 0.284375 0.931641 0.028125 0.074219
2 0.293750 0.703125 0.031250 0.074219
2 0.853906 0.137695 0.026562 0.072266
2 0.317969 0.781250 0.026562 0.074219
2 0.857031 0.014648 0.023438 0.029297
2 0.482812 0.103516 0.028125 0.070312
0 0.482812 0.177734 0.028125 0.070312
2 0.346875 0.177734 0.028125 0.074219
2 0.341406 0.251953 0.026562 0.074219
2 0.455469 0.783203 0.026562 0.074219
2 0.843750 0.505859 0.028125 0.074219
2 0.318750 0.171875 0.028125 0.074219
0 0.348438 0.707031 0.031250 0.074219
2 0.453906 0.859375 0.029687 0.074219
0 0.371875 0.184570 0.025000 0.072266
2 0.465625 0.555664 0.028125 0.076172
2 0.332031 0.477539 0.026562 0.076172
2 0.486719 0.708984 0.026562 0.074219
0 0.355469 0.555664 0.026562 0.076172
2 0.839063 0.580078 0.028125 0.074219
2 0.847656 0.432617 0.023438 0.072266
0 0.472656 0.403320 0.029687 0.072266
0 0.489844 0.632812 0.026562 0.074219
0 0.336719 0.984375 0.026562 0.031250
2 0.478125 0.933594 0.025000 0.074219
2 0.449219 0.986328 0.026562 0.027344
2 0.474219 0.326172 0.029687 0.074219
2 0.482812 0.783203 0.025000 0.074219
0 0.356250 0.480469 0.028125 0.070312
0 0.362500 0.404297 0.028125 0.074219
2 0.487500 0.032227 0.028125 0.064453
2 0.329688 0.554688 0.025000 0.078125
2 0.481250 0.859375 0.025000 0.074219
2 0.337500 0.326172 0.028125 0.074219
2 0.850781 0.211914 0.026562 0.072266
2 0.287500 0.855469 0.028125 0.076172
2 0.352344 0.630859 0.026562 0.074219
2 0.314063 0.856445 0.028125 0.076172
2 0.321094 0.705078 0.026562 0.074219
2 0.493750 0.556641 0.025000 0.074219
0 0.339062 0.929688 0.028125 0.074219
2 0.460156 0.707031 0.026562 0.074219
2 0.304688 0.474609 0.028125 0.074219
2 0.848437 0.357422 0.025000 0.074219
2 0.345313 0.780273 0.031250 0.076172
2 0.368750 0.256836 0.025000 0.072266
2 0.342969 0.856445 0.029687 0.076172
2 0.853906 0.067383 0.026562 0.072266
2 0.849219 0.285156 0.026562 0.070312
2 0.325781 0.629883 0.026562 0.076172
