2 0.739062 0.214844 0.062500 0.035156
2 0.616406 0.208008 0.057813 0.037109
2 0.169531 0.021484 0.057813 0.042969
2 0.677344 0.211914 0.064062 0.037109
2 0.557031 0.205078 0.060937 0.039062
2 0.375781 0.197266 0.060937 0.039062
2 0.314063 0.196289 0.059375 0.041016
2 0.110937 0.019531 0.059375 0.039062
2 0.435156 0.199219 0.060937 0.035156
2 0.496875 0.201172 0.062500 0.039062
2 0.314063 0.233398 0.059375 0.033203
0 0.253906 0.226562 0.060937 0.035156
2 0.195312 0.224609 0.059375 0.035156
2 0.135937 0.222656 0.062500 0.035156
2 0.076563 0.220703 0.059375 0.031250
2 0.024219 0.219727 0.048438 0.033203
2 0.797656 0.218750 0.057813 0.039062
2 0.137500 0.259766 0.059375 0.035156
2 0.496875 0.237305 0.062500 0.037109
0 0.435156 0.236328 0.060937 0.035156
2 0.375000 0.234375 0.059375 0.035156
2 0.077344 0.254883 0.060937 0.037109
2 0.675781 0.248047 0.060937 0.035156
2 0.615625 0.244141 0.059375 0.035156
2 0.557031 0.239258 0.060937 0.033203
2 0.023438 0.254883 0.046875 0.037109
2 0.737500 0.250977 0.059375 0.037109
2 0.228906 0.027344 0.060937 0.039062
2 0.796094 0.253906 0.057813 0.039062
2 0.253906 0.189453 0.060937 0.035156
2 0.495312 0.273438 0.059375 0.035156
2 0.254688 0.263672 0.059375 0.039062
2 0.195312 0.260742 0.059375 0.037109
2 0.289062 0.028320 0.059375 0.037109
0 0.315625 0.267578 0.059375 0.035156
2 0.435156 0.270508 0.060937 0.037109
2 0.375000 0.268555 0.059375 0.033203
2 0.193750 0.189453 0.059375 0.035156
2 0.675781 0.282227 0.060937 0.033203
2 0.614844 0.279297 0.060937 0.035156
1 0.554688 0.276367 0.062500 0.037109
2 0.407813 0.037109 0.059375 0.035156
2 0.734375 0.286133 0.059375 0.033203
2 0.348438 0.033203 0.059375 0.039062
2 0.792188 0.289062 0.056250 0.035156
2 0.052344 0.018555 0.060937 0.037109
0 0.769531 0.018555 0.057813 0.037109
2 0.710156 0.016602 0.060937 0.033203
2 0.179688 0.629883 0.059375 0.033203
2 0.062500 0.626953 0.059375 0.031250
2 0.170313 0.062500 0.059375 0.039062
2 0.541406 0.612305 0.060937 0.033203
2 0.229687 0.063477 0.062500 0.033203
2 0.481250 0.608398 0.059375 0.033203
1 0.417969 0.607422 0.060937 0.035156
2 0.060937 0.589844 0.059375 0.039062
2 0.631250 0.483398 0.059375 0.033203
2 0.511719 0.481445 0.060937 0.033203
2 0.571094 0.479492 0.057813 0.033203
2 0.357812 0.603516 0.059375 0.035156
2 0.178906 0.594727 0.060937 0.037109
2 0.120313 0.594727 0.056250 0.041016
2 0.236719 0.597656 0.060937 0.035156
2 0.017188 0.623047 0.034375 0.031250
2 0.660156 0.618164 0.057813 0.033203
2 0.451562 0.475586 0.059375 0.033203
2 0.150000 0.394531 0.059375 0.035156
2 0.091406 0.392578 0.060937 0.035156
2 0.527344 0.041016 0.060937 0.031250
2 0.031250 0.389648 0.059375 0.037109
2 0.467187 0.038086 0.059375 0.037109
2 0.601562 0.613281 0.059375 0.035156
2 0.514062 0.408203 0.062500 0.035156
2 0.587500 0.042969 0.059375 0.035156
2 0.210938 0.396484 0.059375 0.031250
2 0.453125 0.408203 0.059375 0.035156
2 0.270313 0.401367 0.059375 0.033203
2 0.390625 0.405273 0.062500 0.033203
2 0.331250 0.403320 0.059375 0.033203
2 0.211719 0.428711 0.060937 0.033203
2 0.696875 0.418945 0.059375 0.033203
2 0.636719 0.417969 0.060937 0.035156
2 0.574219 0.412109 0.060937 0.035156
2 0.151562 0.427734 0.059375 0.031250
2 0.756250 0.421875 0.059375 0.035156
2 0.092188 0.424805 0.059375 0.033203
2 0.032813 0.423828 0.062500 0.031250
2 0.391406 0.472656 0.060937 0.035156
0 0.329688 0.470703 0.059375 0.031250
1 0.634375 0.451172 0.059375 0.031250
2 0.331250 0.436523 0.059375 0.033203
2 0.271875 0.433594 0.059375 0.035156
2 0.574219 0.447266 0.060937 0.035156
0 0.391406 0.439453 0.060937 0.035156
2 0.512500 0.444336 0.059375 0.037109
2 0.452344 0.442383 0.060937 0.033203
2 0.646875 0.047852 0.059375 0.033203
2 0.035156 0.456055 0.060937 0.033203
2 0.753906 0.454102 0.060937 0.033203
2 0.694531 0.454102 0.060937 0.033203
2 0.271094 0.466797 0.057813 0.035156
2 0.095312 0.457031 0.059375 0.031250
2 0.213281 0.463867 0.060937 0.037109
2 0.154688 0.459961 0.059375 0.033203
0 0.689844 0.485352 0.060937 0.033203
2 0.053125 0.057617 0.059375 0.037109
2 0.767188 0.054688 0.056250 0.035156
2 0.708594 0.051758 0.060937 0.037109
2 0.750781 0.485352 0.057813 0.033203
2 0.015625 0.588867 0.031250 0.037109
1 0.111719 0.058594 0.057813 0.035156
2 0.561719 0.884766 0.057813 0.031250
2 0.503125 0.880859 0.059375 0.031250
2 0.120313 0.630859 0.059375 0.031250
2 0.263281 0.871094 0.057813 0.035156
2 0.766406 0.089844 0.057813 0.035156
2 0.085938 0.795898 0.059375 0.037109
2 0.064062 0.657227 0.059375 0.033203
2 0.237500 0.633789 0.059375 0.037109
2 0.297656 0.635742 0.060937 0.033203
2 0.017969 0.656250 0.035937 0.031250
2 0.288281 0.065430 0.057813 0.037109
2 0.418750 0.642578 0.059375 0.035156
4 0.357812 0.637695 0.059375 0.033203
2 0.657031 0.651367 0.057813 0.033203
2 0.478906 0.645508 0.060937 0.037109
2 0.598437 0.649414 0.059375 0.037109
2 0.539062 0.644531 0.059375 0.035156
2 0.028125 0.793945 0.056250 0.037109
2 0.478906 0.677734 0.060937 0.035156
0 0.121875 0.661133 0.056250 0.033203
2 0.179688 0.661133 0.059375 0.033203
2 0.417969 0.676758 0.060937 0.033203
2 0.239844 0.665039 0.060937 0.033203
2 0.359375 0.672852 0.059375 0.037109
0 0.298438 0.669922 0.059375 0.035156
2 0.587500 0.080078 0.059375 0.039062
2 0.597656 0.684570 0.060937 0.033203
2 0.347656 0.069336 0.060937 0.033203
2 0.537500 0.681641 0.059375 0.035156
2 0.467187 0.077148 0.059375 0.037109
2 0.656250 0.684570 0.056250 0.033203
2 0.527344 0.075195 0.060937 0.037109
2 0.407813 0.072266 0.059375 0.039062
2 0.382812 0.844727 0.059375 0.029297
2 0.323437 0.810547 0.059375 0.035156
2 0.263281 0.806641 0.060937 0.039062
2 0.203125 0.802734 0.059375 0.035156
2 0.143750 0.799805 0.059375 0.037109
2 0.204687 0.867188 0.059375 0.031250
2 0.382812 0.811523 0.059375 0.037109
2 0.028906 0.826172 0.057813 0.027344
2 0.562500 0.822266 0.059375 0.031250
2 0.442969 0.815430 0.060937 0.033203
2 0.646875 0.083008 0.059375 0.037109
2 0.504687 0.818359 0.059375 0.031250
2 0.321875 0.842773 0.059375 0.029297
2 0.085938 0.828125 0.056250 0.027344
2 0.261719 0.840820 0.060937 0.029297
2 0.203125 0.835938 0.059375 0.031250
2 0.144531 0.833008 0.060937 0.029297
2 0.088281 0.859375 0.060937 0.031250
2 0.503125 0.848633 0.059375 0.029297
0 0.442969 0.847656 0.060937 0.031250
2 0.146875 0.863281 0.056250 0.031250
2 0.028906 0.855469 0.057813 0.031250
2 0.563281 0.855469 0.057813 0.031250
2 0.323437 0.871094 0.059375 0.031250
2 0.706250 0.088867 0.059375 0.037109
2 0.442969 0.878906 0.060937 0.035156
2 0.382031 0.875000 0.060937 0.031250
2 0.133594 0.188477 0.060937 0.037109
2 0.074219 0.186523 0.057813 0.037109
2 0.022656 0.186523 0.045312 0.033203
2 0.298438 0.600586 0.059375 0.037109
