2 0.401562 0.291992 0.046875 0.123047
2 0.321875 0.294922 0.043750 0.121094
2 0.404687 0.411133 0.043750 0.119141
2 0.324219 0.416992 0.045312 0.119141
2 0.243750 0.422852 0.046875 0.123047
2 0.410156 0.533203 0.045312 0.125000
2 0.328906 0.536133 0.045312 0.123047
2 0.247656 0.543945 0.042188 0.123047
2 0.170313 0.545898 0.043750 0.119141
2 0.392969 0.055664 0.048438 0.111328
2 0.060156 0.058594 0.045312 0.113281
2 0.415625 0.654297 0.043750 0.121094
2 0.333594 0.658203 0.045312 0.117188
2 0.252344 0.664062 0.042188 0.121094
2 0.171875 0.666992 0.046875 0.119141
2 0.094531 0.670898 0.048438 0.123047
2 0.419531 0.777344 0.045312 0.117188
2 0.337500 0.780273 0.043750 0.119141
2 0.257812 0.786133 0.043750 0.115234
0 0.176563 0.786133 0.046875 0.119141
2 0.098437 0.791016 0.046875 0.117188
2 0.023438 0.793945 0.040625 0.119141
2 0.422656 0.896484 0.045312 0.121094
2 0.342187 0.901367 0.043750 0.119141
2 0.262500 0.905273 0.043750 0.123047
2 0.182812 0.907227 0.043750 0.119141
2 0.104688 0.911133 0.043750 0.115234
2 0.028906 0.913086 0.048438 0.119141
2 0.397656 0.170898 0.048438 0.123047
2 0.063281 0.173828 0.045312 0.117188
2 0.315625 0.176758 0.043750 0.119141
