2 0.613281 0.335938 0.095312 0.058594
2 0.617969 0.227539 0.095312 0.056641
4 0.621094 0.132812 0.095312 0.058594
2 0.623437 0.036133 0.096875 0.060547
2 0.685156 0.838867 0.095312 0.044922
2 0.691406 0.740234 0.098437 0.046875
2 0.712500 0.236328 0.090625 0.058594
4 0.715625 0.140625 0.093750 0.054688
2 0.716406 0.044922 0.092188 0.054688
2 0.696094 0.639648 0.098437 0.048828
2 0.710156 0.343750 0.098437 0.054688
4 0.701562 0.546875 0.093750 0.050781
2 0.705469 0.445312 0.098437 0.046875
2 0.505469 0.627930 0.092188 0.052734
2 0.601562 0.632812 0.096875 0.050781
4 0.607031 0.539062 0.095312 0.050781
2 0.610156 0.437500 0.098437 0.046875
4 0.510938 0.532227 0.093750 0.048828
2 0.528125 0.029297 0.096875 0.058594
2 0.591406 0.833984 0.098437 0.054688
2 0.596094 0.733398 0.098437 0.048828
2 0.514062 0.428711 0.093750 0.052734
4 0.526563 0.125000 0.093750 0.058594
2 0.519531 0.327148 0.092188 0.056641
2 0.521875 0.219727 0.093750 0.060547
2 0.496875 0.828125 0.096875 0.046875
0 0.785937 0.745117 0.096875 0.048828
4 0.502344 0.727539 0.092188 0.052734
2 0.792188 0.645508 0.096875 0.048828
4 0.803906 0.350586 0.095312 0.056641
4 0.795312 0.550781 0.093750 0.046875
2 0.800781 0.452148 0.101562 0.048828
2 0.782031 0.843750 0.095312 0.046875
