4 0.517188 0.010742 0.093750 0.021484
2 0.513281 0.096680 0.095312 0.048828
4 0.507031 0.187500 0.095312 0.046875
2 0.503906 0.289062 0.092188 0.050781
2 0.496875 0.386719 0.093750 0.050781
2 0.493750 0.499023 0.096875 0.056641
2 0.490625 0.596680 0.093750 0.056641
2 0.486719 0.692383 0.095312 0.056641
2 0.481250 0.793945 0.093750 0.056641
2 0.477344 0.892578 0.095312 0.050781
4 0.473438 0.982422 0.093750 0.035156
2 0.424219 0.007812 0.095312 0.015625
2 0.417187 0.088867 0.096875 0.048828
4 0.412500 0.182617 0.096875 0.048828
2 0.410156 0.280273 0.095312 0.048828
2 0.401562 0.379883 0.096875 0.048828
2 0.399219 0.490234 0.092188 0.058594
2 0.395313 0.586914 0.096875 0.056641
2 0.389844 0.685547 0.098437 0.058594
2 0.385156 0.786133 0.098437 0.052734
2 0.382031 0.885742 0.095312 0.052734
0 0.378125 0.976562 0.093750 0.046875
2 0.327344 0.005859 0.095312 0.011719
2 0.321094 0.084961 0.095312 0.048828
4 0.314844 0.174805 0.098437 0.044922
2 0.310937 0.272461 0.096875 0.044922
2 0.305469 0.375000 0.098437 0.046875
2 0.302344 0.480469 0.098437 0.054688
2 0.299219 0.577148 0.095312 0.048828
2 0.295312 0.677734 0.093750 0.054688
2 0.292187 0.778320 0.090625 0.052734
2 0.288281 0.877930 0.095312 0.052734
2 0.284375 0.973633 0.093750 0.052734
2 0.228125 0.078125 0.093750 0.046875
4 0.221875 0.168945 0.093750 0.044922
2 0.214062 0.267578 0.100000 0.042969
4 0.211719 0.365234 0.095312 0.046875
