2 0.242969 0.048828 0.035937 0.097656
2 0.322656 0.046875 0.035937 0.093750
2 0.722656 0.901367 0.045312 0.123047
4 0.800781 0.851562 0.042188 0.125000
2 0.870313 0.811523 0.037500 0.119141
0 0.941406 0.810547 0.045312 0.117188
4 0.941406 0.575195 0.045312 0.123047
2 0.088281 0.518555 0.035937 0.119141
2 0.089063 0.397461 0.037500 0.119141
2 0.580469 0.427734 0.045312 0.128906
4 0.942187 0.456055 0.046875 0.115234
2 0.582031 0.546875 0.045312 0.125000
2 0.864844 0.456055 0.045312 0.123047
2 0.655469 0.487305 0.039062 0.123047
2 0.326562 0.512695 0.040625 0.123047
2 0.246094 0.514648 0.042188 0.119141
4 0.164844 0.514648 0.039062 0.123047
2 0.721094 0.781250 0.048438 0.125000
4 0.801562 0.731445 0.043750 0.123047
2 0.868750 0.694336 0.037500 0.115234
2 0.865625 0.575195 0.046875 0.123047
2 0.944531 0.692383 0.045312 0.119141
2 0.245312 0.397461 0.040625 0.126953
4 0.164844 0.396484 0.039062 0.121094
2 0.324219 0.392578 0.042188 0.117188
4 0.655469 0.364258 0.042188 0.123047
4 0.939063 0.336914 0.046875 0.115234
2 0.861719 0.334961 0.045312 0.115234
2 0.578125 0.302734 0.043750 0.125000
2 0.869531 0.928711 0.035937 0.123047
2 0.086719 0.279297 0.035937 0.121094
4 0.164062 0.278320 0.037500 0.119141
2 0.242969 0.276367 0.042188 0.123047
2 0.323437 0.270508 0.040625 0.126953
2 0.940625 0.924805 0.043750 0.115234
4 0.653125 0.243164 0.043750 0.123047
2 0.578906 0.182617 0.042188 0.123047
2 0.088281 0.163086 0.035937 0.119141
4 0.163281 0.157227 0.032813 0.123047
2 0.244531 0.155273 0.039062 0.123047
2 0.320312 0.152344 0.037500 0.117188
2 0.652344 0.123047 0.039062 0.113281
2 0.578906 0.065430 0.042188 0.119141
4 0.088281 0.051758 0.035937 0.103516
4 0.162500 0.050781 0.031250 0.101562
