2 0.491406 0.694336 0.098437 0.052734
0 0.467187 0.191406 0.096875 0.054688
2 0.372656 0.195312 0.095312 0.054688
4 0.370312 0.099609 0.096875 0.062500
4 0.317969 0.395508 0.095312 0.056641
2 0.366406 0.015625 0.095312 0.031250
0 0.320312 0.496094 0.096875 0.050781
0 0.465625 0.095703 0.093750 0.058594
2 0.397656 0.697266 0.095312 0.054688
4 0.395313 0.291992 0.096875 0.060547
2 0.374219 0.591797 0.101562 0.050781
2 0.461719 0.012695 0.095312 0.025391
4 0.412500 0.391602 0.096875 0.052734
2 0.447656 0.790039 0.095312 0.056641
4 0.416406 0.491211 0.098437 0.056641
2 0.814063 0.408203 0.090625 0.054688
2 0.589063 0.281250 0.096875 0.062500
2 0.492188 0.287109 0.096875 0.058594
2 0.562500 0.186523 0.096875 0.056641
2 0.543750 0.788086 0.096875 0.044922
0 0.560937 0.083984 0.096875 0.058594
2 0.557813 0.008789 0.093750 0.017578
4 0.779687 0.674805 0.093750 0.048828
0 0.640625 0.900391 0.093750 0.050781
2 0.637500 0.781250 0.096875 0.046875
2 0.589063 0.685547 0.096875 0.050781
2 0.735938 0.895508 0.093750 0.052734
2 0.156250 0.921875 0.100000 0.046875
2 0.733594 0.773438 0.098437 0.054688
0 0.685937 0.679688 0.093750 0.050781
2 0.273438 0.018555 0.096875 0.037109
4 0.275781 0.104492 0.098437 0.056641
2 0.302344 0.293945 0.095312 0.064453
2 0.279687 0.600586 0.096875 0.052734
2 0.278125 0.201172 0.093750 0.062500
4 0.183594 0.110352 0.098437 0.060547
2 0.829688 0.891602 0.093750 0.048828
4 0.183594 0.209961 0.095312 0.064453
2 0.252344 0.995117 0.098437 0.009766
2 0.181250 0.022461 0.093750 0.044922
2 0.224219 0.401367 0.098437 0.056641
2 0.209375 0.304688 0.096875 0.058594
2 0.829688 0.764648 0.090625 0.056641
2 0.226562 0.502930 0.093750 0.052734
2 0.864062 0.670898 0.071875 0.044922
