2 0.725000 0.223633 0.100000 0.060547
4 0.685156 0.123047 0.098437 0.054688
2 0.655469 0.039062 0.092188 0.046875
2 0.560156 0.042969 0.098437 0.058594
2 0.537500 0.397461 0.100000 0.056641
4 0.511719 0.918945 0.098437 0.048828
2 0.511719 0.817383 0.095312 0.052734
2 0.510156 0.716797 0.098437 0.050781
2 0.489844 0.305664 0.098437 0.048828
2 0.464844 0.043945 0.098437 0.056641
2 0.442188 0.399414 0.103125 0.056641
2 0.417969 0.995117 0.095312 0.009766
2 0.417969 0.818359 0.101562 0.050781
4 0.417187 0.918945 0.096875 0.048828
2 0.414062 0.719727 0.093750 0.052734
4 0.391406 0.305664 0.098437 0.052734
2 0.367969 0.047852 0.092188 0.056641
2 0.342187 0.402344 0.100000 0.054688
2 0.842969 0.038086 0.098437 0.044922
4 0.322656 0.919922 0.095312 0.046875
2 0.321094 0.821289 0.098437 0.052734
2 0.316406 0.720703 0.101562 0.050781
4 0.294531 0.308594 0.098437 0.054688
2 0.246094 0.401367 0.098437 0.052734
4 0.225781 0.920898 0.098437 0.041016
2 0.224219 0.819336 0.098437 0.048828
2 0.221875 0.724609 0.093750 0.046875
2 0.198437 0.309570 0.090625 0.048828
4 0.140625 0.921875 0.081250 0.039062
2 0.152344 0.401367 0.095312 0.052734
2 0.139063 0.821289 0.078125 0.044922
2 0.137500 0.721680 0.075000 0.044922
4 0.781250 0.124023 0.100000 0.052734
2 0.821094 0.221680 0.098437 0.056641
2 0.749219 0.037109 0.095312 0.046875
