2 0.592969 0.220703 0.101562 0.062500
2 0.579688 0.655273 0.100000 0.056641
2 0.184375 0.456055 0.100000 0.052734
2 0.692187 0.219727 0.103125 0.064453
2 0.641406 0.121094 0.098437 0.054688
4 0.739844 0.122070 0.098437 0.052734
0 0.689844 0.345703 0.098437 0.054688
2 0.679688 0.652344 0.103125 0.058594
2 0.183594 0.354492 0.098437 0.048828
2 0.788281 0.217773 0.098437 0.056641
2 0.788281 0.347656 0.101562 0.054688
2 0.777344 0.651367 0.095312 0.052734
2 0.869531 0.215820 0.060937 0.056641
4 0.837500 0.122070 0.100000 0.052734
2 0.867188 0.347656 0.065625 0.054688
1 0.861719 0.652344 0.076563 0.054688
2 0.187500 0.659180 0.100000 0.052734
2 0.186719 0.557617 0.101562 0.048828
2 0.543750 0.124023 0.100000 0.056641
2 0.495312 0.223633 0.100000 0.060547
2 0.480469 0.657227 0.101562 0.056641
2 0.479687 0.553711 0.103125 0.052734
2 0.444531 0.127930 0.095312 0.060547
2 0.282031 0.454102 0.098437 0.052734
2 0.283594 0.554688 0.101562 0.050781
2 0.285938 0.656250 0.096875 0.054688
2 0.326562 0.027344 0.096875 0.054688
2 0.381250 0.553711 0.100000 0.052734
2 0.382031 0.658203 0.098437 0.054688
2 0.422656 0.026367 0.101562 0.052734
