2 0.267969 0.851562 0.092188 0.054688
2 0.268750 0.753906 0.093750 0.050781
2 0.271094 0.947266 0.092188 0.058594
2 0.361719 0.854492 0.095312 0.052734
2 0.363281 0.755859 0.095312 0.050781
2 0.365625 0.949219 0.093750 0.054688
2 0.455469 0.756836 0.095312 0.048828
2 0.458594 0.854492 0.092188 0.052734
2 0.458594 0.950195 0.095312 0.052734
2 0.551562 0.950195 0.090625 0.052734
2 0.552344 0.855469 0.092188 0.050781
2 0.553906 0.756836 0.095312 0.052734
2 0.645312 0.949219 0.093750 0.054688
2 0.646094 0.854492 0.092188 0.052734
2 0.646094 0.756836 0.092188 0.052734
2 0.739844 0.950195 0.095312 0.052734
2 0.739844 0.755859 0.095312 0.050781
2 0.741406 0.856445 0.092188 0.052734
2 0.835156 0.949219 0.092188 0.050781
2 0.834375 0.853516 0.093750 0.050781
2 0.835938 0.754883 0.096875 0.052734
2 0.175781 0.848633 0.092188 0.052734
2 0.175781 0.753906 0.092188 0.050781
2 0.178906 0.944336 0.092188 0.052734
