4 0.517188 0.989258 0.093750 0.021484
2 0.513281 0.903320 0.095312 0.048828
4 0.507031 0.812500 0.095312 0.046875
2 0.503906 0.710938 0.092188 0.050781
2 0.496875 0.613281 0.093750 0.050781
2 0.493750 0.500977 0.096875 0.056641
2 0.490625 0.403320 0.093750 0.056641
2 0.486719 0.307617 0.095312 0.056641
2 0.481250 0.206055 0.093750 0.056641
2 0.477344 0.107422 0.095312 0.050781
4 0.473438 0.017578 0.093750 0.035156
2 0.424219 0.992188 0.095312 0.015625
2 0.417187 0.911133 0.096875 0.048828
4 0.412500 0.817383 0.096875 0.048828
2 0.410156 0.719727 0.095312 0.048828
2 0.401562 0.620117 0.096875 0.048828
2 0.399219 0.509766 0.092188 0.058594
2 0.395313 0.413086 0.096875 0.056641
2 0.389844 0.314453 0.098437 0.058594
2 0.385156 0.213867 0.098437 0.052734
2 0.382031 0.114258 0.095312 0.052734
0 0.378125 0.023438 0.093750 0.046875
2 0.327344 0.994141 0.095312 0.011719
2 0.321094 0.915039 0.095312 0.048828
4 0.314844 0.825195 0.098437 0.044922
2 0.310937 0.727539 0.096875 0.044922
2 0.305469 0.625000 0.098437 0.046875
2 0.302344 0.519531 0.098437 0.054688
2 0.299219 0.422852 0.095312 0.048828
2 0.295312 0.322266 0.093750 0.054688
2 0.292187 0.221680 0.090625 0.052734
2 0.288281 0.122070 0.095312 0.052734
2 0.284375 0.026367 0.093750 0.052734
2 0.228125 0.921875 0.093750 0.046875
4 0.221875 0.831055 0.093750 0.044922
2 0.214062 0.732422 0.100000 0.042969
4 0.211719 0.634766 0.095312 0.046875
