2 0.732031 0.851562 0.092188 0.054688
2 0.731250 0.753906 0.093750 0.050781
2 0.260156 0.950195 0.095312 0.052734
2 0.544531 0.756836 0.095312 0.048828
2 0.634375 0.949219 0.093750 0.054688
2 0.728906 0.947266 0.092188 0.058594
2 0.636719 0.755859 0.095312 0.050781
2 0.638281 0.854492 0.095312 0.052734
2 0.353906 0.756836 0.092188 0.052734
2 0.448437 0.950195 0.090625 0.052734
2 0.541406 0.950195 0.095312 0.052734
2 0.541406 0.854492 0.092188 0.052734
2 0.353906 0.854492 0.092188 0.052734
2 0.447656 0.855469 0.092188 0.050781
2 0.354687 0.949219 0.093750 0.054688
2 0.446094 0.756836 0.095312 0.052734
2 0.824219 0.753906 0.092188 0.050781
2 0.258594 0.856445 0.092188 0.052734
2 0.260156 0.755859 0.095312 0.050781
2 0.824219 0.848633 0.092188 0.052734
2 0.164844 0.949219 0.092188 0.050781
2 0.164062 0.754883 0.096875 0.052734
2 0.165625 0.853516 0.093750 0.050781
2 0.821094 0.944336 0.092188 0.052734
