2 0.342969 0.433594 0.042188 0.121094
4 0.263281 0.607422 0.042188 0.121094
2 0.338281 0.313477 0.042188 0.119141
2 0.181250 0.372070 0.037500 0.119141
4 0.259375 0.370117 0.037500 0.115234
0 0.565625 0.467773 0.043750 0.119141
2 0.182031 0.492188 0.039062 0.117188
2 0.184375 0.612305 0.040625 0.119141
2 0.567187 0.587891 0.040625 0.121094
4 0.260937 0.490234 0.037500 0.121094
2 0.761719 0.142578 0.035937 0.117188
2 0.182812 0.250977 0.034375 0.115234
2 0.419531 0.194336 0.042188 0.119141
2 0.691406 0.110352 0.042188 0.119141
2 0.419531 0.075195 0.039062 0.119141
2 0.370312 0.926758 0.040625 0.115234
2 0.260156 0.252930 0.039062 0.119141
2 0.039062 0.063477 0.034375 0.115234
2 0.337500 0.192383 0.040625 0.119141
4 0.336719 0.075195 0.039062 0.123047
0 0.257812 0.127930 0.040625 0.123047
2 0.185156 0.131836 0.032813 0.115234
2 0.039062 0.172852 0.034375 0.115234
4 0.116406 0.100586 0.035937 0.115234
4 0.115625 0.218750 0.037500 0.117188
