2 0.545312 0.642578 0.100000 0.050781
2 0.543750 0.536133 0.096875 0.056641
2 0.448437 0.844727 0.096875 0.052734
4 0.448437 0.746094 0.096875 0.050781
2 0.446094 0.643555 0.098437 0.052734
4 0.350781 0.746094 0.098437 0.050781
2 0.642969 0.744141 0.098437 0.050781
4 0.545312 0.747070 0.100000 0.052734
2 0.642188 0.640625 0.096875 0.050781
2 0.547656 0.845703 0.098437 0.050781
2 0.641406 0.536133 0.098437 0.056641
2 0.547656 0.941406 0.098437 0.050781
2 0.738281 0.430664 0.092188 0.060547
2 0.644531 0.943359 0.095312 0.046875
2 0.642969 0.843750 0.095312 0.046875
4 0.837500 0.936523 0.096875 0.048828
4 0.837500 0.738281 0.100000 0.046875
2 0.837500 0.535156 0.093750 0.054688
4 0.835938 0.634766 0.096875 0.050781
2 0.739062 0.744141 0.096875 0.046875
2 0.833594 0.430664 0.095312 0.060547
4 0.741406 0.940430 0.095312 0.044922
2 0.739062 0.640625 0.096875 0.046875
2 0.741406 0.536133 0.098437 0.056641
2 0.740625 0.841797 0.096875 0.042969
2 0.838281 0.838867 0.095312 0.048828
