2 0.920312 0.637695 0.034375 0.123047
2 0.848437 0.549805 0.040625 0.130859
2 0.917969 0.518555 0.035937 0.123047
2 0.842969 0.311523 0.039062 0.130859
4 0.905469 0.051758 0.035937 0.103516
2 0.760938 0.475586 0.040625 0.126953
2 0.757031 0.356445 0.042188 0.134766
2 0.844531 0.429688 0.039062 0.128906
4 0.914844 0.396484 0.039062 0.128906
2 0.908594 0.158203 0.035937 0.128906
4 0.754687 0.116211 0.043750 0.130859
2 0.847656 0.672852 0.032813 0.119141
2 0.980469 0.086914 0.039062 0.119141
2 0.834375 0.071289 0.037500 0.126953
4 0.911719 0.274414 0.039062 0.126953
2 0.757031 0.232422 0.042188 0.136719
2 0.839844 0.186523 0.039062 0.126953
