2 0.352344 0.769531 0.042188 0.117188
2 0.559375 0.747070 0.034375 0.119141
4 0.275000 0.765625 0.043750 0.117188
2 0.882031 0.722656 0.032813 0.125000
2 0.957031 0.712891 0.032813 0.121094
2 0.633594 0.689453 0.039062 0.132812
2 0.353125 0.652344 0.043750 0.128906
4 0.272656 0.652344 0.042188 0.121094
2 0.559375 0.625977 0.037500 0.115234
2 0.959375 0.602539 0.031250 0.111328
2 0.882031 0.605469 0.035937 0.125000
2 0.193750 0.593750 0.043750 0.121094
2 0.632812 0.568359 0.037500 0.125000
2 0.351562 0.533203 0.040625 0.125000
4 0.273438 0.529297 0.040625 0.117188
2 0.195312 0.473633 0.043750 0.119141
2 0.879687 0.944336 0.034375 0.111328
2 0.952344 0.944336 0.032813 0.111328
2 0.347656 0.412109 0.039062 0.121094
2 0.271875 0.412109 0.043750 0.117188
4 0.417187 0.375977 0.043750 0.115234
2 0.114062 0.358398 0.043750 0.119141
2 0.194531 0.354492 0.042188 0.119141
2 0.498437 0.329102 0.043750 0.115234
0 0.273438 0.291992 0.043750 0.115234
2 0.347656 0.290039 0.039062 0.119141
4 0.416406 0.257812 0.045312 0.121094
2 0.115625 0.240234 0.046875 0.117188
2 0.630469 0.923828 0.042188 0.117188
2 0.196094 0.238281 0.045312 0.117188
2 0.497656 0.212891 0.042188 0.125000
2 0.275000 0.172852 0.040625 0.119141
2 0.347656 0.172852 0.035937 0.119141
4 0.417187 0.138672 0.043750 0.117188
2 0.117188 0.126953 0.046875 0.117188
2 0.198437 0.121094 0.040625 0.117188
2 0.498437 0.092773 0.043750 0.119141
2 0.349219 0.057617 0.039062 0.115234
2 0.559375 0.864258 0.034375 0.123047
2 0.880469 0.840820 0.035937 0.123047
2 0.953906 0.834961 0.035937 0.123047
2 0.633594 0.806641 0.035937 0.121094
