2 0.075000 0.050781 0.037500 0.101562
4 0.324219 0.049805 0.039062 0.099609
2 0.025781 0.897461 0.039062 0.123047
2 0.420312 0.833984 0.040625 0.121094
2 0.507031 0.831055 0.045312 0.119141
2 0.975781 0.809570 0.045312 0.119141
2 0.180469 0.786133 0.035937 0.119141
2 0.102344 0.786133 0.039062 0.123047
4 0.020313 0.782227 0.040625 0.119141
4 0.339844 0.782227 0.042188 0.119141
2 0.596094 0.782227 0.045312 0.119141
2 0.260156 0.780273 0.042188 0.123047
4 0.419531 0.719727 0.042188 0.123047
2 0.504687 0.712891 0.043750 0.121094
4 0.099219 0.670898 0.039062 0.119141
2 0.179688 0.666992 0.034375 0.123047
2 0.017969 0.665039 0.035937 0.123047
4 0.258594 0.666016 0.039062 0.121094
2 0.338281 0.666016 0.039062 0.121094
2 0.595313 0.660156 0.043750 0.125000
2 0.832812 0.605469 0.037500 0.113281
2 0.675781 0.602539 0.045312 0.119141
4 0.417969 0.596680 0.042188 0.119141
4 0.753906 0.594727 0.042188 0.119141
2 0.503125 0.592773 0.043750 0.126953
2 0.592969 0.541016 0.045312 0.125000
4 0.828125 0.487305 0.043750 0.119141
2 0.674219 0.481445 0.045312 0.126953
2 0.750781 0.477539 0.045312 0.126953
2 0.589844 0.420898 0.045312 0.123047
2 0.916406 0.396484 0.048438 0.121094
2 0.082031 0.393555 0.039062 0.119141
4 0.826562 0.366211 0.043750 0.119141
2 0.672656 0.359375 0.045312 0.121094
2 0.752344 0.357422 0.045312 0.117188
2 0.250000 0.331055 0.040625 0.119141
2 0.912500 0.276367 0.050000 0.119141
4 0.078906 0.274414 0.039062 0.119141
0 0.822656 0.247070 0.045312 0.123047
2 0.975000 0.921875 0.043750 0.121094
2 0.247656 0.210938 0.042188 0.125000
4 0.325000 0.159180 0.040625 0.119141
2 0.909375 0.157227 0.050000 0.119141
4 0.074219 0.155273 0.039062 0.115234
2 0.818750 0.127930 0.043750 0.115234
2 0.246875 0.090820 0.040625 0.123047
