4 0.085156 0.350586 0.035937 0.115234
2 0.164844 0.346680 0.039062 0.123047
2 0.245312 0.344727 0.037500 0.123047
2 0.322656 0.338867 0.042188 0.119141
2 0.405469 0.339844 0.042188 0.121094
4 0.485156 0.333984 0.042188 0.121094
2 0.565625 0.333984 0.043750 0.121094
2 0.648438 0.333984 0.046875 0.121094
4 0.728125 0.329102 0.043750 0.115234
2 0.807813 0.330078 0.046875 0.117188
2 0.885156 0.327148 0.045312 0.115234
2 0.960938 0.325195 0.046875 0.119141
2 0.162500 0.229492 0.037500 0.130859
4 0.083594 0.229492 0.035937 0.123047
4 0.241406 0.222656 0.039062 0.117188
2 0.320312 0.219727 0.040625 0.119141
2 0.401562 0.217773 0.040625 0.123047
2 0.482812 0.215820 0.040625 0.126953
2 0.563281 0.213867 0.045312 0.123047
2 0.643750 0.212891 0.043750 0.121094
2 0.723437 0.210938 0.043750 0.121094
2 0.803906 0.208984 0.045312 0.121094
4 0.881250 0.208984 0.046875 0.117188
2 0.958594 0.206055 0.045312 0.115234
2 0.082812 0.115234 0.034375 0.117188
2 0.160156 0.111328 0.032813 0.121094
4 0.239063 0.106445 0.037500 0.119141
2 0.318750 0.102539 0.040625 0.119141
2 0.400781 0.097656 0.039062 0.125000
2 0.481250 0.094727 0.040625 0.123047
2 0.561719 0.094727 0.042188 0.123047
0 0.643750 0.094727 0.043750 0.123047
2 0.723437 0.090820 0.043750 0.119141
2 0.800781 0.089844 0.045312 0.121094
2 0.953125 0.086914 0.043750 0.115234
4 0.876563 0.087891 0.043750 0.117188
