2 0.284375 0.315430 0.093750 0.052734
4 0.287500 0.218750 0.093750 0.054688
2 0.302344 0.574219 0.095312 0.042969
2 0.321875 0.977539 0.100000 0.041016
2 0.348438 0.666992 0.106250 0.048828
2 0.378125 0.316406 0.103125 0.054688
4 0.378125 0.215820 0.096875 0.052734
2 0.399219 0.574219 0.092188 0.046875
2 0.415625 0.977539 0.100000 0.044922
2 0.425000 0.117188 0.096875 0.054688
2 0.445312 0.666016 0.100000 0.046875
2 0.473438 0.314453 0.100000 0.050781
4 0.476562 0.216797 0.093750 0.050781
2 0.521094 0.119141 0.095312 0.054688
2 0.144531 0.974609 0.089063 0.042969
2 0.570312 0.309570 0.096875 0.048828
2 0.570312 0.214844 0.093750 0.054688
4 0.599219 0.396484 0.092188 0.054688
2 0.613281 0.022461 0.095312 0.044922
2 0.616406 0.118164 0.095312 0.052734
2 0.636719 0.498047 0.092188 0.054688
0 0.666406 0.216797 0.092188 0.054688
2 0.667969 0.309570 0.095312 0.048828
4 0.693750 0.395508 0.096875 0.056641
2 0.707812 0.024414 0.093750 0.048828
2 0.160938 0.663086 0.093750 0.052734
2 0.709375 0.120117 0.093750 0.056641
2 0.729688 0.497070 0.100000 0.052734
2 0.761719 0.218750 0.095312 0.050781
2 0.761719 0.309570 0.095312 0.044922
4 0.789062 0.396484 0.093750 0.054688
2 0.798438 0.025391 0.093750 0.050781
2 0.803125 0.123047 0.093750 0.050781
2 0.825781 0.498047 0.095312 0.054688
2 0.853906 0.311523 0.092188 0.048828
2 0.208594 0.574219 0.098437 0.042969
2 0.227344 0.975586 0.098437 0.044922
2 0.254688 0.666992 0.096875 0.044922
