2 0.783594 0.939453 0.035937 0.117188
2 0.405469 0.438477 0.045312 0.123047
4 0.491406 0.731445 0.045312 0.123047
4 0.627344 0.093750 0.042188 0.125000
0 0.185938 0.603516 0.046875 0.117188
2 0.781250 0.583008 0.037500 0.123047
2 0.400000 0.077148 0.043750 0.123047
2 0.319531 0.202148 0.045312 0.123047
2 0.403906 0.315430 0.048438 0.123047
2 0.189062 0.723633 0.050000 0.119141
2 0.557031 0.128906 0.039062 0.125000
2 0.558594 0.247070 0.039062 0.126953
4 0.490625 0.610352 0.043750 0.119141
2 0.854688 0.875977 0.037500 0.123047
2 0.563281 0.367188 0.039062 0.128906
4 0.630469 0.210938 0.042188 0.132812
0 0.483594 0.251953 0.042188 0.128906
2 0.055469 0.253906 0.045312 0.117188
2 0.711719 0.279297 0.039062 0.121094
2 0.055469 0.140625 0.045312 0.125000
2 0.407031 0.557617 0.048438 0.119141
2 0.571094 0.610352 0.045312 0.123047
2 0.132031 0.065430 0.048438 0.119141
2 0.850781 0.518555 0.042188 0.119141
4 0.632812 0.328125 0.043750 0.121094
2 0.568750 0.489258 0.043750 0.126953
2 0.854688 0.756836 0.040625 0.123047
2 0.707812 0.163086 0.043750 0.123047
2 0.317969 0.086914 0.042188 0.119141
2 0.403125 0.196289 0.043750 0.119141
2 0.482031 0.129883 0.045312 0.123047
4 0.783594 0.700195 0.035937 0.123047
4 0.488281 0.492188 0.045312 0.125000
2 0.783594 0.822266 0.035937 0.121094
2 0.572656 0.729492 0.045312 0.119141
4 0.706250 0.051758 0.043750 0.103516
2 0.485156 0.370117 0.042188 0.123047
2 0.321875 0.323242 0.046875 0.119141
2 0.853906 0.636719 0.042188 0.125000
