2 0.589844 0.894531 0.095312 0.050781
4 0.585938 0.795898 0.096875 0.052734
2 0.570312 0.416016 0.096875 0.050781
2 0.493750 0.897461 0.093750 0.048828
4 0.492188 0.798828 0.096875 0.046875
2 0.397656 0.898438 0.095312 0.046875
4 0.396094 0.800781 0.092188 0.046875
0 0.474219 0.417969 0.095312 0.054688
2 0.446875 0.696289 0.096875 0.052734
4 0.275000 0.978516 0.093750 0.042969
2 0.300781 0.896484 0.092188 0.042969
2 0.302344 0.799805 0.095312 0.048828
2 0.841406 0.662109 0.092188 0.050781
2 0.350781 0.702148 0.095312 0.052734
4 0.180469 0.978516 0.092188 0.042969
2 0.253906 0.703125 0.095312 0.050781
2 0.255469 0.600586 0.095312 0.052734
2 0.188281 0.260742 0.095312 0.052734
2 0.214062 0.172852 0.093750 0.044922
0 0.202344 0.802734 0.098437 0.050781
2 0.205469 0.893555 0.092188 0.041016
4 0.160156 0.704102 0.098437 0.048828
2 0.160156 0.600586 0.095312 0.048828
