2 0.283594 0.459961 0.101562 0.052734
2 0.285156 0.561523 0.098437 0.052734
2 0.779687 0.717773 0.100000 0.052734
2 0.190625 0.766602 0.103125 0.048828
4 0.283594 0.358398 0.101562 0.052734
4 0.191406 0.666016 0.098437 0.050781
2 0.282031 0.155273 0.098437 0.052734
2 0.282031 0.053711 0.101562 0.052734
2 0.282031 0.256836 0.098437 0.052734
2 0.822656 0.831055 0.098437 0.048828
2 0.185156 0.260742 0.101562 0.052734
2 0.186719 0.461914 0.104688 0.052734
4 0.766406 0.522461 0.098437 0.048828
2 0.750781 0.947266 0.095312 0.042969
2 0.184375 0.161133 0.103125 0.052734
2 0.185156 0.563477 0.101562 0.052734
4 0.184375 0.359375 0.100000 0.050781
2 0.185156 0.060547 0.098437 0.054688
0 0.770312 0.151367 0.096875 0.060547
2 0.630469 0.834961 0.098437 0.048828
2 0.378906 0.153320 0.101562 0.052734
4 0.653906 0.952148 0.098437 0.044922
2 0.727344 0.833008 0.098437 0.048828
4 0.742969 0.615234 0.095312 0.050781
2 0.671094 0.051758 0.098437 0.052734
2 0.682031 0.719727 0.101562 0.052734
2 0.673438 0.247070 0.096875 0.056641
4 0.675000 0.153320 0.096875 0.060547
4 0.379688 0.356445 0.096875 0.052734
2 0.532031 0.836914 0.098437 0.048828
2 0.577344 0.249023 0.098437 0.048828
2 0.587500 0.721680 0.100000 0.048828
2 0.557813 0.953125 0.093750 0.042969
2 0.577344 0.352539 0.098437 0.052734
2 0.572656 0.049805 0.098437 0.056641
4 0.576562 0.149414 0.096875 0.056641
2 0.380469 0.254883 0.098437 0.056641
2 0.857812 0.519531 0.084375 0.046875
2 0.478906 0.354492 0.098437 0.052734
2 0.478906 0.251953 0.098437 0.054688
2 0.382031 0.458008 0.098437 0.056641
2 0.476562 0.151367 0.100000 0.056641
2 0.461719 0.954102 0.095312 0.044922
2 0.475781 0.050781 0.101562 0.054688
2 0.377344 0.051758 0.098437 0.052734
2 0.364844 0.955078 0.092188 0.042969
4 0.837500 0.612305 0.096875 0.052734
