2 0.861719 0.657227 0.076563 0.052734
4 0.860938 0.453125 0.078125 0.054688
2 0.860938 0.860352 0.078125 0.044922
2 0.860156 0.351562 0.079687 0.054688
2 0.860156 0.759766 0.079687 0.050781
2 0.859375 0.250977 0.081250 0.056641
2 0.859375 0.953125 0.081250 0.046875
4 0.858594 0.151367 0.082812 0.056641
2 0.856250 0.050781 0.087500 0.058594
4 0.775000 0.456055 0.096875 0.056641
2 0.774219 0.555664 0.101562 0.056641
2 0.774219 0.956055 0.098437 0.048828
2 0.773438 0.352539 0.096875 0.052734
2 0.772656 0.659180 0.098437 0.052734
4 0.772656 0.860352 0.101562 0.044922
2 0.772656 0.759766 0.098437 0.050781
2 0.771094 0.250977 0.098437 0.056641
4 0.768750 0.148438 0.096875 0.058594
4 0.765625 0.052734 0.096875 0.058594
2 0.677344 0.958984 0.098437 0.050781
2 0.676562 0.761719 0.100000 0.046875
4 0.677344 0.862305 0.101562 0.044922
2 0.676562 0.455078 0.103125 0.054688
2 0.676562 0.554688 0.103125 0.054688
2 0.675781 0.659180 0.101562 0.052734
2 0.675000 0.352539 0.100000 0.056641
2 0.672656 0.251953 0.098437 0.058594
4 0.671094 0.148438 0.098437 0.054688
0 0.668750 0.050781 0.100000 0.058594
2 0.582031 0.960938 0.098437 0.046875
2 0.580469 0.862305 0.098437 0.048828
2 0.578906 0.453125 0.098437 0.054688
2 0.579688 0.556641 0.096875 0.054688
2 0.578906 0.660156 0.098437 0.050781
2 0.578906 0.760742 0.098437 0.048828
2 0.575781 0.352539 0.098437 0.056641
2 0.575781 0.151367 0.101562 0.056641
2 0.575000 0.250977 0.096875 0.060547
4 0.574219 0.051758 0.095312 0.056641
2 0.861719 0.553711 0.076563 0.052734
