2 0.622656 0.081055 0.098437 0.048828
2 0.624219 0.181641 0.098437 0.046875
2 0.628906 0.278320 0.095312 0.052734
2 0.628125 0.381836 0.096875 0.052734
4 0.632812 0.481445 0.096875 0.052734
2 0.632812 0.582031 0.096875 0.054688
2 0.632812 0.685547 0.096875 0.058594
4 0.636719 0.785156 0.092188 0.054688
2 0.635938 0.884766 0.093750 0.058594
2 0.638281 0.976562 0.092188 0.046875
2 0.716406 0.078125 0.104688 0.046875
4 0.721875 0.176758 0.093750 0.048828
2 0.724219 0.275391 0.095312 0.050781
2 0.725781 0.376953 0.098437 0.050781
2 0.727344 0.478516 0.101562 0.050781
2 0.728906 0.579102 0.098437 0.056641
2 0.729688 0.679688 0.096875 0.054688
2 0.731250 0.779297 0.096875 0.054688
2 0.732812 0.879883 0.096875 0.056641
4 0.732812 0.973633 0.093750 0.052734
2 0.810937 0.075195 0.096875 0.041016
4 0.814844 0.173828 0.095312 0.046875
2 0.817969 0.273438 0.095312 0.050781
2 0.821875 0.375977 0.100000 0.048828
2 0.824219 0.577148 0.098437 0.052734
0 0.824219 0.679688 0.098437 0.054688
2 0.827344 0.779297 0.095312 0.054688
4 0.829688 0.970703 0.093750 0.054688
2 0.824219 0.476562 0.098437 0.050781
2 0.828125 0.875977 0.096875 0.056641
