2 0.377344 0.081055 0.098437 0.048828
2 0.375781 0.181641 0.098437 0.046875
2 0.371094 0.278320 0.095312 0.052734
2 0.371875 0.381836 0.096875 0.052734
4 0.367188 0.481445 0.096875 0.052734
2 0.367188 0.582031 0.096875 0.054688
2 0.367188 0.685547 0.096875 0.058594
4 0.363281 0.785156 0.092188 0.054688
2 0.364063 0.884766 0.093750 0.058594
2 0.361719 0.976562 0.092188 0.046875
2 0.283594 0.078125 0.104688 0.046875
4 0.278125 0.176758 0.093750 0.048828
2 0.275781 0.275391 0.095312 0.050781
2 0.274219 0.376953 0.098437 0.050781
2 0.272656 0.478516 0.101562 0.050781
2 0.271094 0.579102 0.098437 0.056641
2 0.270313 0.679688 0.096875 0.054688
2 0.268750 0.779297 0.096875 0.054688
2 0.267188 0.879883 0.096875 0.056641
4 0.267188 0.973633 0.093750 0.052734
2 0.189062 0.075195 0.096875 0.041016
4 0.185156 0.173828 0.095312 0.046875
2 0.182031 0.273438 0.095312 0.050781
2 0.178125 0.375977 0.100000 0.048828
2 0.175781 0.476562 0.098437 0.050781
2 0.175781 0.577148 0.098437 0.052734
0 0.175781 0.679688 0.098437 0.054688
2 0.172656 0.779297 0.095312 0.054688
2 0.171875 0.875977 0.096875 0.056641
4 0.170313 0.970703 0.093750 0.054688
