2 0.291406 0.981445 0.098437 0.037109
4 0.294531 0.886719 0.095312 0.050781
2 0.341406 0.780273 0.095312 0.052734
2 0.386719 0.888672 0.098437 0.050781
2 0.386719 0.982422 0.098437 0.035156
2 0.433594 0.781250 0.095312 0.054688
4 0.481250 0.982422 0.096875 0.035156
2 0.482812 0.890625 0.093750 0.050781
4 0.530469 0.691406 0.095312 0.054688
2 0.530469 0.784180 0.095312 0.052734
4 0.576562 0.982422 0.093750 0.035156
2 0.576562 0.890625 0.093750 0.046875
2 0.624219 0.785156 0.098437 0.046875
4 0.625781 0.691406 0.095312 0.050781
4 0.670312 0.889648 0.093750 0.044922
4 0.670312 0.981445 0.093750 0.037109
2 0.719531 0.787109 0.095312 0.046875
4 0.720313 0.594727 0.093750 0.052734
4 0.762500 0.982422 0.093750 0.035156
2 0.766406 0.886719 0.092188 0.042969
2 0.813281 0.787109 0.089063 0.046875
2 0.815625 0.594727 0.093750 0.052734
2 0.814063 0.692383 0.093750 0.044922
2 0.853906 0.489258 0.092188 0.056641
4 0.853906 0.981445 0.089063 0.037109
2 0.856250 0.887695 0.087500 0.044922
2 0.201563 0.980469 0.093750 0.039062
4 0.202344 0.885742 0.095312 0.048828
4 0.720313 0.692383 0.093750 0.052734
