4 0.257031 0.531250 0.104688 0.054688
2 0.283594 0.624023 0.098437 0.048828
2 0.296875 0.426758 0.103125 0.052734
4 0.319531 0.078125 0.101562 0.046875
2 0.322656 0.732422 0.101562 0.054688
2 0.357031 0.530273 0.101562 0.052734
2 0.384375 0.624023 0.103125 0.044922
2 0.393750 0.425781 0.100000 0.054688
2 0.418750 0.077148 0.100000 0.048828
2 0.419531 0.729492 0.101562 0.056641
2 0.421094 0.180664 0.098437 0.048828
2 0.454688 0.530273 0.100000 0.052734
2 0.484375 0.624023 0.096875 0.044922
2 0.517188 0.077148 0.103125 0.048828
2 0.521094 0.180664 0.101562 0.048828
2 0.553906 0.530273 0.098437 0.052734
2 0.582031 0.624023 0.095312 0.044922
2 0.615625 0.180664 0.093750 0.048828
2 0.617188 0.074219 0.096875 0.046875
2 0.161719 0.532227 0.101562 0.056641
2 0.712500 0.077148 0.100000 0.044922
2 0.810156 0.077148 0.098437 0.044922
0 0.843750 0.363281 0.096875 0.054688
2 0.186719 0.625000 0.098437 0.046875
2 0.200000 0.425781 0.100000 0.054688
2 0.223438 0.081055 0.100000 0.052734
2 0.224219 0.733398 0.098437 0.056641
