2 0.820312 0.909180 0.100000 0.048828
2 0.792969 0.021484 0.098437 0.042969
2 0.774219 0.709961 0.098437 0.052734
2 0.628125 0.912109 0.100000 0.046875
4 0.597656 0.019531 0.098437 0.039062
2 0.597656 0.111328 0.098437 0.058594
2 0.597656 0.213867 0.095312 0.056641
2 0.774219 0.809570 0.101562 0.048828
4 0.678125 0.709961 0.100000 0.052734
2 0.677344 0.810547 0.098437 0.050781
4 0.671094 0.615234 0.098437 0.050781
4 0.770312 0.613281 0.096875 0.050781
2 0.694531 0.113281 0.098437 0.058594
2 0.726562 0.912109 0.100000 0.050781
1 0.696094 0.020508 0.098437 0.041016
4 0.200781 0.623047 0.104688 0.054688
4 0.201563 0.727539 0.106250 0.048828
2 0.840625 0.495117 0.100000 0.052734
4 0.200781 0.821289 0.098437 0.048828
4 0.858594 0.612305 0.079687 0.048828
4 0.205469 0.316406 0.101562 0.054688
2 0.201563 0.417969 0.100000 0.054688
2 0.201563 0.520508 0.106250 0.056641
2 0.205469 0.114258 0.098437 0.060547
2 0.210156 0.021484 0.095312 0.042969
2 0.206250 0.213867 0.100000 0.052734
2 0.530469 0.913086 0.095312 0.048828
2 0.499219 0.213867 0.101562 0.056641
2 0.297656 0.827148 0.101562 0.048828
1 0.294531 0.726562 0.101562 0.050781
2 0.297656 0.520508 0.107813 0.052734
4 0.303906 0.020508 0.101562 0.041016
4 0.497656 0.019531 0.101562 0.039062
2 0.298438 0.624023 0.103125 0.052734
2 0.301563 0.417969 0.103125 0.058594
2 0.303906 0.111328 0.098437 0.058594
2 0.300781 0.213867 0.101562 0.052734
1 0.300781 0.316406 0.098437 0.054688
2 0.498437 0.109375 0.096875 0.058594
2 0.399219 0.111328 0.098437 0.058594
2 0.400000 0.213867 0.100000 0.056641
2 0.399219 0.416992 0.104688 0.056641
2 0.498437 0.417969 0.100000 0.050781
1 0.400781 0.314453 0.101562 0.054688
4 0.497656 0.315430 0.098437 0.056641
2 0.402344 0.020508 0.098437 0.041016
