2 0.715625 0.315430 0.093750 0.052734
4 0.712500 0.218750 0.093750 0.054688
2 0.697656 0.574219 0.095312 0.042969
2 0.678125 0.977539 0.100000 0.041016
2 0.651563 0.666992 0.106250 0.048828
2 0.621875 0.316406 0.103125 0.054688
4 0.621875 0.215820 0.096875 0.052734
2 0.600781 0.574219 0.092188 0.046875
2 0.584375 0.977539 0.100000 0.044922
2 0.575000 0.117188 0.096875 0.054688
2 0.554688 0.666016 0.100000 0.046875
2 0.526563 0.314453 0.100000 0.050781
4 0.523438 0.216797 0.093750 0.050781
2 0.478906 0.119141 0.095312 0.054688
2 0.855469 0.974609 0.089063 0.042969
2 0.429688 0.309570 0.096875 0.048828
2 0.429688 0.214844 0.093750 0.054688
4 0.400781 0.396484 0.092188 0.054688
2 0.386719 0.022461 0.095312 0.044922
2 0.383594 0.118164 0.095312 0.052734
2 0.363281 0.498047 0.092188 0.054688
0 0.333594 0.216797 0.092188 0.054688
2 0.332031 0.309570 0.095312 0.048828
4 0.306250 0.395508 0.096875 0.056641
2 0.292187 0.024414 0.093750 0.048828
2 0.839063 0.663086 0.093750 0.052734
2 0.290625 0.120117 0.093750 0.056641
2 0.270313 0.497070 0.100000 0.052734
2 0.238281 0.218750 0.095312 0.050781
2 0.238281 0.309570 0.095312 0.044922
4 0.210938 0.396484 0.093750 0.054688
2 0.201563 0.025391 0.093750 0.050781
2 0.196875 0.123047 0.093750 0.050781
2 0.174219 0.498047 0.095312 0.054688
2 0.146094 0.311523 0.092188 0.048828
2 0.791406 0.574219 0.098437 0.042969
2 0.772656 0.975586 0.098437 0.044922
2 0.745313 0.666992 0.096875 0.044922
