2 0.579688 0.115234 0.040625 0.121094
2 0.738281 0.114258 0.042188 0.123047
2 0.255469 0.229492 0.035937 0.123047
2 0.581250 0.355469 0.043750 0.128906
2 0.817969 0.115234 0.045312 0.125000
2 0.416406 0.352539 0.039062 0.115234
2 0.818750 0.236328 0.043750 0.121094
2 0.100000 0.229492 0.037500 0.126953
2 0.178125 0.229492 0.037500 0.126953
2 0.738281 0.234375 0.042188 0.125000
4 0.021875 0.230469 0.034375 0.117188
2 0.580469 0.232422 0.042188 0.121094
4 0.660156 0.233398 0.042188 0.123047
2 0.498437 0.352539 0.040625 0.126953
2 0.096875 0.348633 0.034375 0.119141
4 0.974219 0.242188 0.045312 0.117188
2 0.898438 0.239258 0.043750 0.119141
2 0.337500 0.352539 0.040625 0.123047
2 0.020313 0.348633 0.031250 0.119141
2 0.176563 0.350586 0.037500 0.119141
2 0.254688 0.350586 0.040625 0.126953
2 0.023438 0.114258 0.034375 0.115234
2 0.738281 0.472656 0.042188 0.117188
2 0.975000 0.360352 0.043750 0.123047
2 0.897656 0.358398 0.045312 0.123047
2 0.820312 0.356445 0.046875 0.123047
2 0.739062 0.356445 0.043750 0.123047
4 0.659375 0.356445 0.043750 0.123047
2 0.336719 0.472656 0.042188 0.117188
2 0.021875 0.468750 0.034375 0.117188
4 0.253906 0.468750 0.039062 0.125000
2 0.176563 0.467773 0.040625 0.119141
2 0.659375 0.472656 0.040625 0.121094
2 0.095312 0.469727 0.034375 0.111328
2 0.417969 0.469727 0.042188 0.123047
4 0.496094 0.470703 0.039062 0.117188
2 0.658594 0.113281 0.039062 0.125000
2 0.419531 0.108398 0.039062 0.119141
2 0.578906 0.473633 0.042188 0.119141
2 0.258594 0.108398 0.039062 0.126953
2 0.819531 0.474609 0.045312 0.121094
2 0.974219 0.478516 0.042188 0.121094
2 0.898438 0.476562 0.043750 0.121094
2 0.102344 0.110352 0.035937 0.123047
2 0.498437 0.110352 0.040625 0.123047
4 0.338281 0.109375 0.039062 0.121094
2 0.181250 0.110352 0.037500 0.126953
4 0.972656 0.122070 0.042188 0.119141
2 0.896875 0.120117 0.043750 0.119141
0 0.417187 0.229492 0.040625 0.130859
2 0.338281 0.230469 0.039062 0.125000
2 0.499219 0.229492 0.039062 0.126953
