2 0.194531 0.803711 0.045312 0.123047
1 0.673438 0.803711 0.040625 0.119141
0 0.752344 0.804688 0.035937 0.117188
2 0.117969 0.803711 0.045312 0.119141
2 0.042969 0.801758 0.045312 0.119141
2 0.827344 0.800781 0.035937 0.121094
2 0.907031 0.797852 0.032813 0.119141
2 0.980469 0.797852 0.032813 0.123047
2 0.194531 0.692383 0.045312 0.115234
4 0.274219 0.692383 0.045312 0.119141
2 0.592187 0.692383 0.040625 0.119141
2 0.353906 0.691406 0.042188 0.117188
2 0.514062 0.690430 0.040625 0.119141
4 0.040625 0.689453 0.043750 0.121094
2 0.433594 0.690430 0.042188 0.119141
4 0.672656 0.689453 0.039062 0.121094
2 0.116406 0.687500 0.045312 0.113281
4 0.750781 0.686523 0.035937 0.115234
2 0.827344 0.684570 0.035937 0.111328
2 0.982812 0.682617 0.031250 0.119141
2 0.906250 0.680664 0.034375 0.115234
2 0.357031 0.926758 0.042188 0.119141
2 0.435156 0.927734 0.042188 0.121094
4 0.517188 0.925781 0.040625 0.117188
2 0.278125 0.923828 0.043750 0.117188
2 0.197656 0.921875 0.045312 0.121094
2 0.596094 0.920898 0.039062 0.119141
2 0.675000 0.920898 0.037500 0.119141
0 0.122656 0.919922 0.045312 0.117188
2 0.046094 0.917969 0.045312 0.117188
2 0.751563 0.918945 0.037500 0.115234
2 0.828906 0.916016 0.035937 0.113281
2 0.906250 0.911133 0.034375 0.115234
2 0.979688 0.910156 0.034375 0.117188
2 0.354687 0.810547 0.043750 0.121094
2 0.435156 0.809570 0.045312 0.123047
2 0.275781 0.807617 0.048438 0.119141
1 0.514844 0.807617 0.042188 0.123047
2 0.593750 0.807617 0.037500 0.123047
