2 0.322656 0.267578 0.101562 0.054688
2 0.357031 0.469727 0.101562 0.052734
2 0.421094 0.819336 0.098437 0.048828
2 0.384375 0.375977 0.103125 0.044922
2 0.419531 0.270508 0.101562 0.056641
2 0.418750 0.922852 0.100000 0.048828
2 0.296875 0.573242 0.103125 0.052734
2 0.283594 0.375977 0.098437 0.048828
2 0.521094 0.819336 0.101562 0.048828
2 0.582031 0.375977 0.095312 0.044922
2 0.615625 0.819336 0.093750 0.048828
2 0.617188 0.925781 0.096875 0.046875
2 0.200000 0.574219 0.100000 0.054688
2 0.223438 0.918945 0.100000 0.052734
2 0.224219 0.266602 0.098437 0.056641
0 0.843750 0.636719 0.096875 0.054688
2 0.712500 0.922852 0.100000 0.044922
4 0.257031 0.468750 0.104688 0.054688
4 0.319531 0.921875 0.101562 0.046875
2 0.393750 0.574219 0.100000 0.054688
2 0.454688 0.469727 0.100000 0.052734
2 0.484375 0.375977 0.096875 0.044922
2 0.517188 0.922852 0.103125 0.048828
2 0.553906 0.469727 0.098437 0.052734
2 0.161719 0.467773 0.101562 0.056641
2 0.810156 0.922852 0.098437 0.044922
2 0.186719 0.375000 0.098437 0.046875
