2 0.772656 0.622070 0.098437 0.052734
2 0.774219 0.925781 0.095312 0.058594
2 0.774219 0.723633 0.098437 0.056641
2 0.775781 0.826172 0.095312 0.058594
2 0.179688 0.034180 0.100000 0.052734
4 0.182031 0.231445 0.098437 0.048828
4 0.183594 0.131836 0.098437 0.048828
2 0.183594 0.332031 0.101562 0.054688
4 0.185156 0.532227 0.095312 0.056641
4 0.186719 0.430664 0.098437 0.052734
2 0.186719 0.631836 0.098437 0.060547
2 0.192188 0.734375 0.100000 0.054688
2 0.196094 0.836914 0.101562 0.056641
2 0.196094 0.935547 0.101562 0.058594
2 0.276562 0.329102 0.103125 0.048828
2 0.277344 0.031250 0.101562 0.046875
4 0.277344 0.127930 0.098437 0.048828
2 0.278125 0.226562 0.096875 0.050781
2 0.280469 0.425781 0.098437 0.054688
4 0.282031 0.530273 0.098437 0.052734
2 0.282031 0.629883 0.101562 0.056641
2 0.284375 0.731445 0.100000 0.052734
2 0.286719 0.836914 0.101562 0.052734
2 0.289844 0.933594 0.098437 0.058594
2 0.373437 0.026367 0.100000 0.048828
4 0.373437 0.124023 0.096875 0.048828
2 0.374219 0.224609 0.098437 0.050781
2 0.375781 0.324219 0.098437 0.054688
2 0.378125 0.525391 0.100000 0.058594
0 0.378906 0.426758 0.098437 0.056641
2 0.379688 0.626953 0.100000 0.054688
2 0.382031 0.730469 0.101562 0.050781
2 0.385156 0.834961 0.101562 0.056641
2 0.385156 0.933594 0.098437 0.058594
2 0.470313 0.022461 0.096875 0.044922
4 0.471875 0.122070 0.100000 0.048828
2 0.472656 0.325195 0.098437 0.056641
2 0.474219 0.219727 0.098437 0.056641
2 0.475781 0.423828 0.098437 0.054688
2 0.477344 0.525391 0.101562 0.054688
2 0.479687 0.626953 0.100000 0.054688
2 0.481250 0.727539 0.100000 0.056641
2 0.483594 0.833008 0.098437 0.060547
2 0.484375 0.933594 0.100000 0.054688
2 0.566406 0.022461 0.098437 0.044922
4 0.567969 0.117188 0.095312 0.046875
2 0.567969 0.216797 0.101562 0.050781
2 0.572656 0.321289 0.101562 0.056641
2 0.573438 0.524414 0.096875 0.052734
4 0.574219 0.421875 0.101562 0.054688
2 0.577344 0.727539 0.101562 0.056641
2 0.578125 0.625977 0.100000 0.056641
2 0.581250 0.831055 0.100000 0.060547
2 0.580469 0.931641 0.098437 0.058594
2 0.669531 0.217773 0.098437 0.052734
2 0.671094 0.319336 0.098437 0.052734
4 0.673438 0.419922 0.096875 0.050781
2 0.673438 0.520508 0.100000 0.052734
2 0.675781 0.624023 0.098437 0.056641
2 0.676562 0.727539 0.100000 0.056641
2 0.675781 0.829102 0.101562 0.056641
2 0.679688 0.927734 0.096875 0.062500
2 0.767188 0.319336 0.096875 0.048828
1 0.770312 0.417969 0.096875 0.054688
2 0.770312 0.519531 0.100000 0.050781
