4 0.742969 0.384766 0.095312 0.050781
2 0.727344 0.166992 0.098437 0.048828
2 0.682031 0.280273 0.101562 0.052734
4 0.675000 0.846680 0.096875 0.060547
2 0.673438 0.752930 0.096875 0.056641
2 0.671094 0.948242 0.098437 0.052734
4 0.653906 0.047852 0.098437 0.044922
2 0.630469 0.165039 0.098437 0.048828
2 0.587500 0.278320 0.100000 0.048828
2 0.577344 0.750977 0.098437 0.048828
2 0.577344 0.647461 0.098437 0.052734
4 0.576562 0.850586 0.096875 0.056641
2 0.572656 0.950195 0.098437 0.056641
2 0.557813 0.046875 0.093750 0.042969
2 0.532031 0.163086 0.098437 0.048828
2 0.478906 0.748047 0.098437 0.054688
2 0.478906 0.645508 0.098437 0.052734
2 0.857812 0.480469 0.084375 0.046875
2 0.476562 0.848633 0.100000 0.056641
2 0.475781 0.949219 0.101562 0.054688
2 0.461719 0.045898 0.095312 0.044922
2 0.382031 0.541992 0.098437 0.056641
2 0.380469 0.745117 0.098437 0.056641
4 0.379688 0.643555 0.096875 0.052734
2 0.378906 0.846680 0.101562 0.052734
2 0.377344 0.948242 0.098437 0.052734
2 0.364844 0.044922 0.092188 0.042969
4 0.837500 0.387695 0.096875 0.052734
2 0.285156 0.438477 0.098437 0.052734
2 0.283594 0.540039 0.101562 0.052734
4 0.283594 0.641602 0.101562 0.052734
2 0.282031 0.844727 0.098437 0.052734
2 0.282031 0.743164 0.098437 0.052734
2 0.282031 0.946289 0.101562 0.052734
4 0.191406 0.333984 0.098437 0.050781
2 0.190625 0.233398 0.103125 0.048828
2 0.186719 0.538086 0.104688 0.052734
2 0.185156 0.436523 0.101562 0.052734
2 0.184375 0.838867 0.103125 0.052734
2 0.185156 0.739258 0.101562 0.052734
2 0.185156 0.939453 0.098437 0.054688
4 0.184375 0.640625 0.100000 0.050781
2 0.822656 0.168945 0.098437 0.048828
2 0.779687 0.282227 0.100000 0.052734
0 0.770312 0.848633 0.096875 0.060547
4 0.766406 0.477539 0.098437 0.048828
2 0.750781 0.052734 0.095312 0.042969
