2 0.800781 0.056641 0.098437 0.046875
4 0.175000 0.340820 0.100000 0.052734
2 0.851562 0.145508 0.093750 0.044922
2 0.203125 0.428711 0.100000 0.048828
2 0.203906 0.522461 0.098437 0.056641
2 0.230469 0.240234 0.098437 0.054688
2 0.261719 0.725586 0.098437 0.056641
2 0.257031 0.621094 0.095312 0.054688
2 0.546094 0.616211 0.095312 0.060547
2 0.358594 0.722656 0.095312 0.058594
4 0.268750 0.336914 0.106250 0.052734
2 0.352344 0.620117 0.098437 0.060547
2 0.297656 0.426758 0.101562 0.048828
2 0.323437 0.235352 0.096875 0.048828
0 0.301563 0.520508 0.103125 0.052734
2 0.514844 0.061523 0.095312 0.052734
2 0.396094 0.518555 0.098437 0.052734
2 0.393750 0.420898 0.103125 0.048828
4 0.362500 0.333984 0.096875 0.054688
4 0.141406 0.242188 0.082812 0.054688
2 0.450781 0.618164 0.098437 0.056641
4 0.493750 0.514648 0.100000 0.056641
2 0.491406 0.414062 0.101562 0.054688
4 0.660156 0.145508 0.098437 0.044922
0 0.582812 0.892578 0.093750 0.058594
2 0.566406 0.148438 0.098437 0.046875
2 0.152344 0.959961 0.095312 0.060547
2 0.588281 0.411133 0.098437 0.056641
2 0.609375 0.057617 0.100000 0.052734
4 0.588281 0.511719 0.095312 0.054688
4 0.685156 0.510742 0.098437 0.056641
2 0.683594 0.409180 0.095312 0.056641
2 0.678906 0.888672 0.095312 0.062500
2 0.169531 0.727539 0.095312 0.052734
2 0.705469 0.056641 0.098437 0.050781
2 0.757812 0.145508 0.096875 0.044922
2 0.161719 0.625000 0.098437 0.054688
