3 0.081250 0.016602 0.062500 0.033203
3 0.085156 0.183594 0.060937 0.031250
3 0.266406 0.878906 0.054688 0.035156
3 0.073438 0.247070 0.056250 0.029297
3 0.079687 0.215820 0.059375 0.033203
3 0.207031 0.872070 0.064062 0.037109
3 0.146094 0.868164 0.057813 0.037109
3 0.039844 0.658203 0.060937 0.035156
3 0.122656 0.383789 0.057813 0.029297
3 0.114844 0.453125 0.054688 0.035156
3 0.076563 0.045898 0.059375 0.033203
3 0.064844 0.384766 0.057813 0.031250
3 0.059375 0.419922 0.062500 0.035156
3 0.119531 0.417969 0.060937 0.035156
3 0.099219 0.660156 0.060937 0.035156
3 0.107031 0.589844 0.060937 0.039062
3 0.048438 0.587891 0.059375 0.039062
3 0.053906 0.454102 0.060937 0.037109
3 0.102344 0.626953 0.060937 0.039062
3 0.164062 0.592773 0.056250 0.033203
3 0.160938 0.627930 0.059375 0.041016
3 0.042188 0.625977 0.062500 0.037109
3 0.088281 0.866211 0.060937 0.041016
2 0.033594 0.787109 0.060937 0.039062
3 0.157812 0.662109 0.062500 0.035156
2 0.029687 0.823242 0.059375 0.033203
3 0.271875 0.803711 0.059375 0.041016
3 0.094531 0.792969 0.064062 0.035156
3 0.215625 0.798828 0.059375 0.039062
3 0.154688 0.794922 0.059375 0.039062
3 0.029687 0.858398 0.059375 0.037109
3 0.210938 0.839844 0.059375 0.039062
3 0.150000 0.833984 0.062500 0.039062
3 0.089063 0.829102 0.062500 0.037109
3 0.269531 0.843750 0.057813 0.035156
