4 0.268750 0.482422 0.093750 0.046875
2 0.268750 0.391602 0.100000 0.048828
2 0.268750 0.290039 0.100000 0.048828
2 0.271094 0.192383 0.095312 0.048828
2 0.275781 0.093750 0.095312 0.046875
2 0.275781 0.009766 0.095312 0.019531
4 0.363281 0.486328 0.095312 0.046875
2 0.364844 0.391602 0.098437 0.048828
2 0.365625 0.291992 0.096875 0.048828
2 0.366406 0.191406 0.095312 0.046875
2 0.367969 0.094727 0.095312 0.044922
2 0.368750 0.007812 0.093750 0.015625
4 0.457031 0.488281 0.095312 0.046875
2 0.459375 0.291992 0.096875 0.048828
2 0.459375 0.191406 0.093750 0.046875
2 0.460938 0.393555 0.096875 0.048828
2 0.460938 0.092773 0.096875 0.044922
4 0.460938 0.009766 0.096875 0.019531
4 0.553906 0.490234 0.098437 0.046875
2 0.554688 0.395508 0.096875 0.048828
4 0.555469 0.291016 0.095312 0.046875
2 0.556250 0.193359 0.096875 0.046875
2 0.556250 0.095703 0.093750 0.042969
4 0.557031 0.008789 0.095312 0.017578
4 0.648438 0.492188 0.093750 0.046875
2 0.648438 0.397461 0.093750 0.048828
4 0.649219 0.292969 0.089063 0.046875
2 0.649219 0.195312 0.092188 0.042969
2 0.649219 0.009766 0.089063 0.019531
2 0.650000 0.095703 0.090625 0.042969
2 0.175000 0.390625 0.096875 0.050781
2 0.176563 0.290039 0.100000 0.048828
2 0.178906 0.191406 0.095312 0.046875
2 0.180469 0.094727 0.095312 0.044922
2 0.182812 0.009766 0.093750 0.019531
