2 0.823438 0.220703 0.021875 0.050781
2 0.867969 0.355469 0.023438 0.054688
2 0.976562 0.221680 0.021875 0.056641
2 0.903906 0.362305 0.020313 0.056641
2 0.872656 0.410156 0.017188 0.054688
2 0.977344 0.444336 0.020313 0.052734
2 0.907813 0.416992 0.018750 0.056641
2 0.942969 0.445312 0.017188 0.054688
2 0.839844 0.447266 0.020313 0.054688
2 0.910156 0.469727 0.020313 0.056641
2 0.875000 0.463867 0.018750 0.052734
2 0.979688 0.496094 0.018750 0.054688
0 0.943750 0.499023 0.018750 0.056641
2 0.842187 0.500977 0.018750 0.052734
2 0.877344 0.520508 0.017188 0.056641
4 0.910937 0.525391 0.018750 0.054688
2 0.980469 0.552734 0.017188 0.054688
0 0.843750 0.554688 0.021875 0.054688
2 0.947656 0.554688 0.020313 0.054688
4 0.913281 0.580078 0.020313 0.054688
2 0.813281 0.059570 0.023438 0.056641
2 0.982812 0.606445 0.018750 0.052734
0 0.917188 0.061523 0.025000 0.056641
2 0.948438 0.609375 0.018750 0.050781
2 0.962500 0.062500 0.025000 0.054688
2 0.985156 0.660156 0.017188 0.054688
2 0.914844 0.632812 0.020313 0.054688
2 0.951562 0.662109 0.018750 0.050781
2 0.887500 0.760742 0.018750 0.052734
2 0.850000 0.766602 0.018750 0.052734
2 0.889062 0.815430 0.018750 0.056641
2 0.852344 0.819336 0.020313 0.052734
2 0.958594 0.861328 0.017188 0.050781
2 0.925781 0.867188 0.020313 0.054688
0 0.890625 0.867188 0.018750 0.054688
2 0.853906 0.874023 0.020313 0.056641
2 0.960156 0.915039 0.017188 0.056641
2 0.926562 0.918945 0.018750 0.052734
1 0.892188 0.922852 0.018750 0.052734
2 0.856250 0.927734 0.021875 0.054688
2 0.960156 0.966797 0.017188 0.050781
2 0.928906 0.970703 0.017188 0.050781
0 0.895312 0.974609 0.021875 0.046875
2 0.814844 0.114258 0.023438 0.052734
2 0.967969 0.114258 0.023438 0.056641
2 0.921875 0.116211 0.021875 0.056641
2 0.819531 0.167969 0.023438 0.054688
2 0.973437 0.168945 0.021875 0.052734
