3 0.335156 0.955078 0.057813 0.031250
2 0.156250 0.986328 0.059375 0.027344
2 0.171875 0.096680 0.062500 0.037109
3 0.175781 0.172852 0.064062 0.037109
3 0.237500 0.168945 0.065625 0.037109
3 0.212500 0.957031 0.059375 0.027344
3 0.235156 0.131836 0.060937 0.041016
3 0.172656 0.136719 0.064062 0.042969
3 0.296094 0.128906 0.060937 0.042969
3 0.300000 0.165039 0.059375 0.037109
2 0.035156 0.965820 0.064062 0.033203
2 0.058594 0.181641 0.064062 0.035156
4 0.094531 0.962891 0.060937 0.031250
3 0.334375 0.983398 0.056250 0.025391
3 0.273438 0.985352 0.062500 0.029297
3 0.456250 0.947266 0.059375 0.031250
2 0.049219 0.109375 0.060937 0.039062
3 0.114844 0.142578 0.057813 0.037109
2 0.153906 0.958008 0.060937 0.029297
3 0.396094 0.953125 0.064062 0.031250
3 0.457031 0.978516 0.060937 0.027344
3 0.214062 0.986328 0.059375 0.027344
3 0.393750 0.982422 0.065625 0.027344
3 0.111719 0.105469 0.062500 0.039062
3 0.117969 0.178711 0.057813 0.037109
3 0.272656 0.957031 0.064062 0.027344
2 0.054688 0.145508 0.062500 0.037109
3 0.348438 0.715820 0.065625 0.033203
2 0.052344 0.794922 0.064062 0.035156
3 0.229687 0.787109 0.065625 0.031250
3 0.170313 0.789062 0.059375 0.031250
2 0.412500 0.776367 0.062500 0.029297
2 0.134375 0.550781 0.062500 0.035156
3 0.233594 0.092773 0.060937 0.037109
2 0.089063 0.930664 0.059375 0.029297
3 0.111719 0.794922 0.060937 0.031250
3 0.292969 0.781250 0.064062 0.031250
2 0.068750 0.315430 0.059375 0.037109
2 0.025781 0.587891 0.051562 0.035156
2 0.353125 0.781250 0.062500 0.031250
3 0.188281 0.309570 0.057813 0.041016
3 0.457031 0.917969 0.060937 0.027344
2 0.077344 0.384766 0.057813 0.035156
3 0.102344 0.728516 0.064062 0.031250
3 0.409375 0.710938 0.062500 0.035156
2 0.200000 0.583008 0.062500 0.037109
3 0.107813 0.762695 0.062500 0.033203
3 0.228125 0.755859 0.065625 0.035156
2 0.224219 0.721680 0.064062 0.029297
3 0.272656 0.923828 0.064062 0.035156
3 0.255469 0.340820 0.064062 0.037109
2 0.287500 0.718750 0.065625 0.031250
3 0.165625 0.755859 0.065625 0.035156
3 0.251563 0.507812 0.059375 0.039062
2 0.149219 0.928711 0.060937 0.029297
2 0.043750 0.730469 0.062500 0.035156
3 0.259375 0.372070 0.062500 0.037109
2 0.078906 0.585938 0.060937 0.035156
2 0.163281 0.722656 0.067187 0.031250
2 0.073438 0.350586 0.059375 0.037109
3 0.248438 0.301758 0.062500 0.041016
2 0.289844 0.750977 0.064062 0.029297
3 0.472656 0.743164 0.060937 0.033203
2 0.410938 0.746094 0.062500 0.035156
3 0.472656 0.709961 0.064062 0.033203
1 0.258594 0.579102 0.060937 0.033203
3 0.474219 0.774414 0.060937 0.029297
2 0.133594 0.348633 0.060937 0.037109
2 0.071094 0.519531 0.064062 0.035156
2 0.129688 0.310547 0.059375 0.035156
3 0.292187 0.089844 0.059375 0.039062
3 0.208594 0.926758 0.060937 0.033203
2 0.350000 0.750000 0.062500 0.031250
3 0.332813 0.920898 0.059375 0.033203
2 0.029687 0.934570 0.059375 0.029297
2 0.074219 0.553711 0.060937 0.033203
2 0.197656 0.378906 0.060937 0.031250
2 0.131250 0.516602 0.062500 0.037109
3 0.192969 0.346680 0.057813 0.037109
3 0.395313 0.920898 0.062500 0.033203
3 0.192188 0.512695 0.059375 0.037109
1 0.254688 0.544922 0.059375 0.039062
2 0.138281 0.583984 0.064062 0.035156
0 0.196094 0.546875 0.064062 0.035156
2 0.135156 0.383789 0.057813 0.033203
3 0.047656 0.759766 0.064062 0.031250
