2 0.171875 0.903320 0.062500 0.037109
3 0.229687 0.212891 0.065625 0.031250
3 0.396094 0.046875 0.064062 0.031250
2 0.350000 0.250000 0.062500 0.031250
1 0.254688 0.455078 0.059375 0.039062
3 0.255469 0.659180 0.064062 0.037109
3 0.472656 0.290039 0.064062 0.033203
2 0.049219 0.890625 0.060937 0.039062
2 0.134375 0.449219 0.062500 0.035156
0 0.196094 0.453125 0.064062 0.035156
3 0.300000 0.834961 0.059375 0.037109
3 0.192969 0.653320 0.057813 0.037109
2 0.074219 0.446289 0.060937 0.033203
3 0.348438 0.284180 0.065625 0.033203
3 0.334375 0.016602 0.056250 0.025391
3 0.409375 0.289062 0.062500 0.035156
3 0.251563 0.492188 0.059375 0.039062
2 0.163281 0.277344 0.067187 0.031250
2 0.197656 0.621094 0.060937 0.031250
3 0.296094 0.871094 0.060937 0.042969
2 0.129688 0.689453 0.059375 0.035156
2 0.054688 0.854492 0.062500 0.037109
3 0.188281 0.690430 0.057813 0.041016
2 0.073438 0.649414 0.059375 0.037109
2 0.029687 0.065430 0.059375 0.029297
2 0.149219 0.071289 0.060937 0.029297
3 0.292969 0.218750 0.064062 0.031250
2 0.077344 0.615234 0.057813 0.035156
3 0.456250 0.052734 0.059375 0.031250
2 0.289844 0.249023 0.064062 0.029297
3 0.273438 0.014648 0.062500 0.029297
3 0.110937 0.894531 0.062500 0.039062
3 0.214062 0.013672 0.059375 0.027344
2 0.287500 0.281250 0.065625 0.031250
3 0.208594 0.073242 0.060937 0.033203
3 0.192188 0.487305 0.059375 0.037109
2 0.058594 0.818359 0.064062 0.035156
3 0.170313 0.210938 0.059375 0.031250
3 0.474219 0.225586 0.060937 0.029297
2 0.035156 0.034180 0.064062 0.033203
3 0.272656 0.042969 0.064062 0.027344
2 0.138281 0.416016 0.064062 0.035156
3 0.248438 0.698242 0.062500 0.041016
2 0.156250 0.013672 0.059375 0.027344
3 0.102344 0.271484 0.064062 0.031250
3 0.212500 0.042969 0.059375 0.027344
3 0.393750 0.017578 0.065625 0.027344
2 0.133594 0.651367 0.060937 0.037109
3 0.233594 0.907227 0.060937 0.037109
2 0.078906 0.414062 0.060937 0.035156
3 0.395313 0.079102 0.062500 0.033203
3 0.175781 0.827148 0.064062 0.037109
3 0.472656 0.256836 0.060937 0.033203
3 0.111719 0.205078 0.060937 0.031250
3 0.165625 0.244141 0.065625 0.035156
2 0.131250 0.483398 0.062500 0.037109
2 0.135156 0.616211 0.057813 0.033203
3 0.228125 0.244141 0.065625 0.035156
3 0.457031 0.021484 0.060937 0.027344
1 0.258594 0.420898 0.060937 0.033203
2 0.410938 0.253906 0.062500 0.035156
4 0.094531 0.037109 0.060937 0.031250
2 0.071094 0.480469 0.064062 0.035156
2 0.068750 0.684570 0.059375 0.037109
3 0.237500 0.831055 0.065625 0.037109
3 0.172656 0.863281 0.064062 0.042969
3 0.272656 0.076172 0.064062 0.035156
2 0.089063 0.069336 0.059375 0.029297
2 0.153906 0.041992 0.060937 0.029297
3 0.457031 0.082031 0.060937 0.027344
2 0.025781 0.412109 0.051562 0.035156
3 0.335156 0.044922 0.057813 0.031250
2 0.052344 0.205078 0.064062 0.035156
3 0.047656 0.240234 0.064062 0.031250
2 0.224219 0.278320 0.064062 0.029297
3 0.332813 0.079102 0.059375 0.033203
2 0.200000 0.416992 0.062500 0.037109
3 0.114844 0.857422 0.057813 0.035156
3 0.117969 0.821289 0.057813 0.037109
2 0.043750 0.269531 0.062500 0.035156
3 0.235156 0.868164 0.060937 0.041016
2 0.412500 0.223633 0.062500 0.029297
3 0.259375 0.627930 0.062500 0.037109
3 0.107813 0.237305 0.062500 0.033203
2 0.353125 0.218750 0.062500 0.031250
3 0.292187 0.910156 0.059375 0.039062
