2 0.164844 0.800781 0.057813 0.035156
0 0.104688 0.803711 0.062500 0.033203
2 0.042188 0.805664 0.059375 0.033203
3 0.538281 0.092773 0.060937 0.041016
3 0.476562 0.093750 0.062500 0.039062
2 0.331250 0.344727 0.062500 0.037109
3 0.271875 0.350586 0.062500 0.037109
3 0.209375 0.353516 0.062500 0.035156
3 0.150781 0.359375 0.060937 0.035156
2 0.088281 0.360352 0.060937 0.035156
2 0.030469 0.364258 0.057813 0.033203
3 0.517188 0.372070 0.062500 0.033203
2 0.454688 0.375977 0.062500 0.041016
2 0.395313 0.378906 0.059375 0.039062
3 0.334375 0.381836 0.062500 0.037109
3 0.273438 0.386719 0.062500 0.035156
3 0.210938 0.388672 0.062500 0.035156
3 0.154688 0.392578 0.062500 0.035156
3 0.092969 0.395508 0.060937 0.037109
2 0.032031 0.397461 0.060937 0.033203
3 0.489063 0.509766 0.062500 0.039062
3 0.428125 0.512695 0.062500 0.033203
3 0.367188 0.517578 0.062500 0.035156
3 0.303125 0.517578 0.062500 0.031250
3 0.240625 0.521484 0.062500 0.035156
3 0.179688 0.527344 0.059375 0.031250
2 0.121094 0.528320 0.060937 0.033203
2 0.060156 0.534180 0.060937 0.037109
3 0.489844 0.545898 0.060937 0.037109
3 0.429688 0.548828 0.062500 0.035156
3 0.367188 0.552734 0.065625 0.031250
3 0.306250 0.552734 0.062500 0.039062
3 0.243750 0.556641 0.065625 0.035156
2 0.184375 0.560547 0.062500 0.039062
2 0.124219 0.563477 0.060937 0.037109
2 0.062500 0.568359 0.062500 0.039062
3 0.491406 0.582031 0.057813 0.035156
3 0.431250 0.582031 0.062500 0.035156
3 0.370312 0.586914 0.059375 0.033203
3 0.309375 0.589844 0.062500 0.035156
3 0.246875 0.592773 0.062500 0.037109
2 0.185938 0.595703 0.059375 0.039062
1 0.128125 0.598633 0.059375 0.037109
2 0.067187 0.600586 0.062500 0.033203
3 0.464062 0.721680 0.062500 0.037109
2 0.402344 0.726562 0.060937 0.035156
2 0.339844 0.729492 0.060937 0.037109
2 0.278125 0.731445 0.062500 0.037109
3 0.217188 0.733398 0.062500 0.037109
2 0.156250 0.737305 0.059375 0.037109
2 0.096094 0.740234 0.060937 0.035156
2 0.035937 0.743164 0.062500 0.037109
0 0.464844 0.756836 0.060937 0.033203
2 0.402344 0.757812 0.060937 0.031250
2 0.342187 0.760742 0.059375 0.037109
3 0.281250 0.764648 0.062500 0.037109
3 0.221094 0.768555 0.064062 0.033203
2 0.157812 0.771484 0.059375 0.035156
2 0.099219 0.772461 0.060937 0.033203
2 0.039844 0.775391 0.057813 0.035156
2 0.404687 0.787109 0.059375 0.035156
1 0.465625 0.789062 0.062500 0.035156
3 0.345313 0.791016 0.062500 0.031250
3 0.284375 0.795898 0.065625 0.033203
3 0.223438 0.798828 0.059375 0.031250
2 0.057813 0.195312 0.059375 0.039062
3 0.513281 0.298828 0.060937 0.035156
3 0.453906 0.304688 0.060937 0.039062
3 0.392969 0.306641 0.060937 0.039062
2 0.330469 0.307617 0.064062 0.037109
2 0.268750 0.314453 0.062500 0.035156
2 0.207031 0.316406 0.060937 0.039062
2 0.145313 0.321289 0.062500 0.041016
2 0.085156 0.326172 0.060937 0.039062
2 0.027344 0.330078 0.054688 0.042969
3 0.515625 0.336914 0.062500 0.041016
2 0.454688 0.341797 0.062500 0.035156
2 0.394531 0.341797 0.060937 0.035156
3 0.444531 0.930664 0.060937 0.037109
2 0.322656 0.932617 0.060937 0.033203
3 0.383594 0.933594 0.060937 0.035156
2 0.261719 0.934570 0.064062 0.033203
2 0.199219 0.937500 0.060937 0.035156
2 0.140625 0.939453 0.059375 0.027344
2 0.082031 0.941406 0.057813 0.031250
2 0.026562 0.943359 0.053125 0.031250
3 0.414062 0.097656 0.062500 0.035156
3 0.446875 0.962891 0.059375 0.031250
2 0.386719 0.963867 0.060937 0.029297
2 0.325781 0.964844 0.060937 0.031250
2 0.262500 0.965820 0.062500 0.029297
3 0.142187 0.967773 0.056250 0.029297
3 0.202344 0.969727 0.064062 0.029297
3 0.084375 0.971680 0.059375 0.029297
2 0.353125 0.099609 0.062500 0.027344
2 0.292187 0.103516 0.059375 0.035156
2 0.228906 0.109375 0.060937 0.039062
2 0.167969 0.114258 0.060937 0.033203
2 0.108594 0.116211 0.060937 0.033203
2 0.049219 0.124023 0.060937 0.037109
3 0.539844 0.129883 0.060937 0.037109
2 0.478125 0.130859 0.062500 0.035156
2 0.417187 0.131836 0.062500 0.037109
2 0.354687 0.134766 0.062500 0.039062
2 0.294531 0.141602 0.060937 0.037109
2 0.234375 0.144531 0.059375 0.039062
2 0.173437 0.148438 0.062500 0.039062
2 0.113281 0.151367 0.057813 0.041016
2 0.053125 0.158203 0.059375 0.039062
3 0.541406 0.166992 0.060937 0.037109
2 0.479687 0.167969 0.062500 0.039062
2 0.418750 0.168945 0.059375 0.037109
3 0.358594 0.175781 0.057813 0.039062
3 0.297656 0.178711 0.060937 0.041016
2 0.236719 0.182617 0.057813 0.037109
1 0.177344 0.186523 0.060937 0.041016
2 0.117969 0.190430 0.057813 0.041016
