2 0.023438 0.196289 0.028125 0.072266
2 0.369531 0.249023 0.029687 0.072266
2 0.340625 0.250977 0.031250 0.072266
2 0.311719 0.253906 0.029687 0.070312
2 0.253906 0.254883 0.029687 0.072266
2 0.283594 0.256836 0.029687 0.072266
2 0.223438 0.256836 0.028125 0.072266
2 0.195312 0.257812 0.028125 0.070312
2 0.167187 0.257812 0.028125 0.074219
2 0.137500 0.258789 0.031250 0.072266
2 0.107813 0.263672 0.028125 0.070312
1 0.078125 0.264648 0.028125 0.072266
2 0.050781 0.264648 0.026562 0.072266
2 0.022656 0.268555 0.029687 0.072266
1 0.371094 0.324219 0.029687 0.078125
2 0.342187 0.326172 0.028125 0.078125
2 0.253906 0.327148 0.029687 0.076172
2 0.283594 0.328125 0.029687 0.078125
2 0.225000 0.327148 0.028125 0.072266
2 0.312500 0.328125 0.028125 0.074219
2 0.167187 0.329102 0.028125 0.076172
2 0.195312 0.330078 0.031250 0.074219
2 0.335156 0.033203 0.029687 0.066406
2 0.139063 0.332031 0.031250 0.074219
1 0.108594 0.333008 0.029687 0.072266
2 0.080469 0.334961 0.026562 0.072266
2 0.053125 0.336914 0.028125 0.072266
2 0.024219 0.338867 0.029687 0.068359
2 0.365625 0.035156 0.028125 0.070312
2 0.305469 0.035156 0.029687 0.070312
2 0.248438 0.036133 0.028125 0.072266
2 0.277344 0.037109 0.029687 0.074219
2 0.218750 0.038086 0.031250 0.076172
2 0.189844 0.038086 0.029687 0.076172
2 0.374219 0.400391 0.029687 0.074219
2 0.285156 0.401367 0.029687 0.076172
2 0.344531 0.402344 0.029687 0.074219
2 0.256250 0.402344 0.034375 0.078125
1 0.226562 0.403320 0.028125 0.080078
2 0.316406 0.403320 0.029687 0.076172
2 0.196094 0.404297 0.029687 0.074219
2 0.168750 0.404297 0.028125 0.074219
2 0.140625 0.405273 0.031250 0.072266
2 0.110937 0.408203 0.028125 0.074219
2 0.082812 0.409180 0.028125 0.076172
2 0.055469 0.408203 0.029687 0.074219
1 0.025781 0.410156 0.029687 0.074219
2 0.160156 0.044922 0.026562 0.070312
2 0.132812 0.044922 0.031250 0.070312
2 0.104688 0.044922 0.028125 0.066406
2 0.077344 0.045898 0.026562 0.068359
2 0.050781 0.047852 0.029687 0.072266
2 0.021875 0.048828 0.028125 0.074219
2 0.375781 0.474609 0.029687 0.070312
2 0.347656 0.474609 0.029687 0.070312
2 0.287500 0.477539 0.028125 0.076172
2 0.257031 0.476562 0.029687 0.074219
2 0.315625 0.477539 0.031250 0.072266
2 0.227344 0.477539 0.029687 0.076172
2 0.197656 0.477539 0.032813 0.076172
2 0.140625 0.478516 0.028125 0.074219
2 0.169531 0.480469 0.029687 0.074219
1 0.113281 0.482422 0.029687 0.070312
2 0.084375 0.481445 0.028125 0.068359
2 0.056250 0.481445 0.028125 0.072266
2 0.028125 0.485352 0.028125 0.072266
2 0.377344 0.548828 0.029687 0.078125
2 0.348438 0.548828 0.028125 0.074219
2 0.317969 0.549805 0.032813 0.072266
2 0.289844 0.550781 0.032813 0.074219
2 0.260156 0.550781 0.029687 0.074219
2 0.230469 0.552734 0.029687 0.074219
1 0.142187 0.552734 0.028125 0.070312
2 0.200000 0.552734 0.031250 0.074219
2 0.087500 0.553711 0.028125 0.072266
1 0.171875 0.553711 0.028125 0.076172
2 0.114844 0.553711 0.026562 0.072266
2 0.057813 0.554688 0.031250 0.074219
2 0.029687 0.556641 0.028125 0.074219
2 0.350000 0.622070 0.028125 0.072266
1 0.378906 0.625000 0.029687 0.078125
2 0.321875 0.625000 0.031250 0.074219
2 0.260937 0.625000 0.031250 0.074219
2 0.291406 0.625977 0.029687 0.076172
2 0.232813 0.625977 0.031250 0.072266
1 0.203906 0.625977 0.032813 0.072266
2 0.146094 0.625000 0.026562 0.070312
2 0.119531 0.625977 0.026562 0.072266
2 0.092188 0.625977 0.031250 0.068359
2 0.061719 0.625977 0.029687 0.068359
1 0.174219 0.627930 0.029687 0.072266
2 0.032031 0.626953 0.026562 0.070312
2 0.350781 0.699219 0.029687 0.074219
1 0.322656 0.698242 0.029687 0.072266
2 0.381250 0.699219 0.031250 0.070312
2 0.292969 0.699219 0.029687 0.070312
2 0.234375 0.700195 0.031250 0.076172
2 0.067187 0.700195 0.028125 0.076172
2 0.035937 0.700195 0.031250 0.072266
2 0.264062 0.701172 0.031250 0.074219
2 0.204687 0.700195 0.031250 0.072266
2 0.176563 0.700195 0.028125 0.076172
2 0.149219 0.700195 0.026562 0.076172
2 0.094531 0.700195 0.026562 0.076172
2 0.121875 0.701172 0.028125 0.078125
2 0.294531 0.771484 0.029687 0.070312
2 0.235937 0.773438 0.028125 0.074219
2 0.208594 0.773438 0.026562 0.074219
2 0.153125 0.774414 0.031250 0.072266
2 0.097656 0.775391 0.026562 0.070312
1 0.264844 0.776367 0.029687 0.076172
2 0.182812 0.776367 0.028125 0.072266
2 0.123438 0.776367 0.025000 0.072266
2 0.069531 0.776367 0.029687 0.072266
2 0.040625 0.776367 0.028125 0.076172
2 0.100781 0.845703 0.026562 0.070312
2 0.044531 0.845703 0.032813 0.066406
2 0.072656 0.846680 0.026562 0.068359
2 0.210938 0.848633 0.031250 0.072266
2 0.184375 0.847656 0.028125 0.074219
2 0.153125 0.848633 0.031250 0.068359
2 0.126562 0.848633 0.028125 0.072266
2 0.128125 0.918945 0.028125 0.072266
2 0.102344 0.919922 0.029687 0.070312
2 0.043750 0.919922 0.031250 0.074219
2 0.073438 0.920898 0.031250 0.072266
2 0.337500 0.105469 0.028125 0.074219
2 0.307031 0.106445 0.029687 0.068359
2 0.365625 0.107422 0.031250 0.074219
2 0.276562 0.110352 0.028125 0.072266
2 0.248438 0.110352 0.028125 0.076172
2 0.219531 0.113281 0.029687 0.074219
2 0.190625 0.113281 0.031250 0.074219
2 0.131250 0.114258 0.031250 0.072266
2 0.160156 0.115234 0.029687 0.074219
2 0.104688 0.116211 0.025000 0.072266
2 0.077344 0.119141 0.026562 0.074219
2 0.049219 0.121094 0.029687 0.074219
2 0.021094 0.122070 0.026562 0.076172
2 0.367969 0.177734 0.029687 0.070312
2 0.338281 0.178711 0.029687 0.072266
2 0.307812 0.178711 0.031250 0.076172
2 0.250781 0.181641 0.029687 0.074219
2 0.279687 0.183594 0.031250 0.070312
2 0.220312 0.185547 0.031250 0.074219
2 0.164844 0.186523 0.029687 0.068359
2 0.192969 0.187500 0.029687 0.074219
2 0.135937 0.187500 0.031250 0.074219
2 0.105469 0.188477 0.026562 0.072266
2 0.078125 0.191406 0.028125 0.074219
2 0.050000 0.193359 0.028125 0.070312
