2 0.023438 0.803711 0.028125 0.072266
2 0.369531 0.750977 0.029687 0.072266
2 0.340625 0.749023 0.031250 0.072266
2 0.311719 0.746094 0.029687 0.070312
2 0.253906 0.745117 0.029687 0.072266
2 0.283594 0.743164 0.029687 0.072266
2 0.223438 0.743164 0.028125 0.072266
2 0.195312 0.742188 0.028125 0.070312
2 0.167187 0.742188 0.028125 0.074219
2 0.137500 0.741211 0.031250 0.072266
2 0.107813 0.736328 0.028125 0.070312
1 0.078125 0.735352 0.028125 0.072266
2 0.050781 0.735352 0.026562 0.072266
2 0.022656 0.731445 0.029687 0.072266
1 0.371094 0.675781 0.029687 0.078125
2 0.342187 0.673828 0.028125 0.078125
2 0.253906 0.672852 0.029687 0.076172
2 0.283594 0.671875 0.029687 0.078125
2 0.225000 0.672852 0.028125 0.072266
2 0.312500 0.671875 0.028125 0.074219
2 0.167187 0.670898 0.028125 0.076172
2 0.195312 0.669922 0.031250 0.074219
2 0.335156 0.966797 0.029687 0.066406
2 0.139063 0.667969 0.031250 0.074219
1 0.108594 0.666992 0.029687 0.072266
2 0.080469 0.665039 0.026562 0.072266
2 0.053125 0.663086 0.028125 0.072266
2 0.024219 0.661133 0.029687 0.068359
2 0.365625 0.964844 0.028125 0.070312
2 0.305469 0.964844 0.029687 0.070312
2 0.248438 0.963867 0.028125 0.072266
2 0.277344 0.962891 0.029687 0.074219
2 0.218750 0.961914 0.031250 0.076172
2 0.189844 0.961914 0.029687 0.076172
2 0.374219 0.599609 0.029687 0.074219
2 0.285156 0.598633 0.029687 0.076172
2 0.344531 0.597656 0.029687 0.074219
2 0.256250 0.597656 0.034375 0.078125
1 0.226562 0.596680 0.028125 0.080078
2 0.316406 0.596680 0.029687 0.076172
2 0.196094 0.595703 0.029687 0.074219
2 0.140625 0.594727 0.031250 0.072266
2 0.168750 0.595703 0.028125 0.074219
2 0.110937 0.591797 0.028125 0.074219
2 0.082812 0.590820 0.028125 0.076172
2 0.055469 0.591797 0.029687 0.074219
1 0.025781 0.589844 0.029687 0.074219
2 0.160156 0.955078 0.026562 0.070312
2 0.132812 0.955078 0.031250 0.070312
2 0.104688 0.955078 0.028125 0.066406
2 0.077344 0.954102 0.026562 0.068359
2 0.050781 0.952148 0.029687 0.072266
2 0.021875 0.951172 0.028125 0.074219
2 0.375781 0.525391 0.029687 0.070312
2 0.347656 0.525391 0.029687 0.070312
2 0.287500 0.522461 0.028125 0.076172
2 0.257031 0.523438 0.029687 0.074219
2 0.197656 0.522461 0.032813 0.076172
2 0.315625 0.522461 0.031250 0.072266
2 0.227344 0.522461 0.029687 0.076172
2 0.140625 0.521484 0.028125 0.074219
2 0.169531 0.519531 0.029687 0.074219
1 0.113281 0.517578 0.029687 0.070312
2 0.084375 0.518555 0.028125 0.068359
2 0.056250 0.518555 0.028125 0.072266
2 0.377344 0.451172 0.029687 0.078125
2 0.028125 0.514648 0.028125 0.072266
2 0.348438 0.451172 0.028125 0.074219
2 0.317969 0.450195 0.032813 0.072266
2 0.289844 0.449219 0.032813 0.074219
2 0.260156 0.449219 0.029687 0.074219
2 0.230469 0.447266 0.029687 0.074219
1 0.142187 0.447266 0.028125 0.070312
2 0.087500 0.446289 0.028125 0.072266
2 0.200000 0.447266 0.031250 0.074219
1 0.171875 0.446289 0.028125 0.076172
2 0.114844 0.446289 0.026562 0.072266
2 0.057813 0.445312 0.031250 0.074219
2 0.029687 0.443359 0.028125 0.074219
2 0.350000 0.377930 0.028125 0.072266
1 0.378906 0.375000 0.029687 0.078125
2 0.321875 0.375000 0.031250 0.074219
2 0.260937 0.375000 0.031250 0.074219
2 0.291406 0.374023 0.029687 0.076172
2 0.232813 0.374023 0.031250 0.072266
1 0.203906 0.374023 0.032813 0.072266
2 0.146094 0.375000 0.026562 0.070312
2 0.119531 0.374023 0.026562 0.072266
2 0.092188 0.374023 0.031250 0.068359
1 0.174219 0.372070 0.029687 0.072266
2 0.061719 0.374023 0.029687 0.068359
2 0.032031 0.373047 0.026562 0.070312
2 0.350781 0.300781 0.029687 0.074219
1 0.322656 0.301758 0.029687 0.072266
2 0.381250 0.300781 0.031250 0.070312
2 0.292969 0.300781 0.029687 0.070312
2 0.234375 0.299805 0.031250 0.076172
2 0.035937 0.299805 0.031250 0.072266
2 0.067187 0.299805 0.028125 0.076172
2 0.264062 0.298828 0.031250 0.074219
2 0.204687 0.299805 0.031250 0.072266
2 0.176563 0.299805 0.028125 0.076172
2 0.149219 0.299805 0.026562 0.076172
2 0.094531 0.299805 0.026562 0.076172
2 0.121875 0.298828 0.028125 0.078125
2 0.294531 0.228516 0.029687 0.070312
2 0.235937 0.226562 0.028125 0.074219
2 0.208594 0.226562 0.026562 0.074219
2 0.153125 0.225586 0.031250 0.072266
2 0.097656 0.224609 0.026562 0.070312
1 0.264844 0.223633 0.029687 0.076172
2 0.182812 0.223633 0.028125 0.072266
2 0.123438 0.223633 0.025000 0.072266
2 0.069531 0.223633 0.029687 0.072266
2 0.040625 0.223633 0.028125 0.076172
2 0.100781 0.154297 0.026562 0.070312
2 0.044531 0.154297 0.032813 0.066406
2 0.072656 0.153320 0.026562 0.068359
2 0.210938 0.151367 0.031250 0.072266
2 0.184375 0.152344 0.028125 0.074219
2 0.153125 0.151367 0.031250 0.068359
2 0.126562 0.151367 0.028125 0.072266
2 0.128125 0.081055 0.028125 0.072266
2 0.102344 0.080078 0.029687 0.070312
2 0.043750 0.080078 0.031250 0.074219
2 0.073438 0.079102 0.031250 0.072266
2 0.337500 0.894531 0.028125 0.074219
2 0.307031 0.893555 0.029687 0.068359
2 0.365625 0.892578 0.031250 0.074219
2 0.276562 0.889648 0.028125 0.072266
2 0.248438 0.889648 0.028125 0.076172
2 0.219531 0.886719 0.029687 0.074219
2 0.190625 0.886719 0.031250 0.074219
2 0.131250 0.885742 0.031250 0.072266
2 0.160156 0.884766 0.029687 0.074219
2 0.104688 0.883789 0.025000 0.072266
2 0.077344 0.880859 0.026562 0.074219
2 0.049219 0.878906 0.029687 0.074219
2 0.021094 0.877930 0.026562 0.076172
2 0.367969 0.822266 0.029687 0.070312
2 0.338281 0.821289 0.029687 0.072266
2 0.307812 0.821289 0.031250 0.076172
2 0.250781 0.818359 0.029687 0.074219
2 0.279687 0.816406 0.031250 0.070312
2 0.220312 0.814453 0.031250 0.074219
2 0.164844 0.813477 0.029687 0.068359
2 0.192969 0.812500 0.029687 0.074219
2 0.135937 0.812500 0.031250 0.074219
2 0.105469 0.811523 0.026562 0.072266
2 0.078125 0.808594 0.028125 0.074219
2 0.050000 0.806641 0.028125 0.070312
