1 0.564844 0.879883 0.054688 0.037109
2 0.564844 0.911133 0.057813 0.033203
2 0.735156 0.986328 0.060937 0.027344
2 0.736719 0.953125 0.064062 0.039062
2 0.736719 0.920898 0.060937 0.037109
4 0.740625 0.884766 0.059375 0.039062
2 0.614844 0.984375 0.060937 0.031250
2 0.677344 0.954102 0.060937 0.033203
4 0.678125 0.880859 0.056250 0.035156
2 0.678125 0.917969 0.056250 0.039062
1 0.620313 0.881836 0.059375 0.037109
2 0.674219 0.983398 0.060937 0.033203
2 0.620313 0.949219 0.056250 0.035156
2 0.621094 0.913086 0.057813 0.041016
2 0.562500 0.944336 0.059375 0.037109
2 0.503906 0.909180 0.060937 0.037109
2 0.559375 0.982422 0.062500 0.035156
2 0.326562 0.869141 0.056250 0.031250
2 0.501563 0.945312 0.062500 0.035156
2 0.853125 0.917969 0.059375 0.042969
2 0.440625 0.978516 0.059375 0.035156
4 0.444531 0.873047 0.057813 0.035156
1 0.442969 0.940430 0.057813 0.037109
2 0.444531 0.905273 0.060937 0.037109
2 0.852344 0.951172 0.060937 0.039062
1 0.852344 0.885742 0.060937 0.037109
1 0.386719 0.870117 0.054688 0.033203
2 0.383594 0.940430 0.054688 0.033203
2 0.384375 0.905273 0.056250 0.037109
2 0.847656 0.985352 0.060937 0.029297
2 0.382812 0.972656 0.059375 0.039062
2 0.326562 0.900391 0.059375 0.039062
1 0.796094 0.885742 0.057813 0.037109
2 0.324219 0.971680 0.057813 0.033203
2 0.326562 0.936523 0.059375 0.041016
2 0.149219 0.890625 0.054688 0.039062
2 0.209375 0.859375 0.056250 0.031250
2 0.269531 0.898438 0.054688 0.035156
2 0.324219 0.996094 0.057813 0.007812
2 0.267188 0.968750 0.056250 0.039062
2 0.268750 0.931641 0.059375 0.039062
2 0.267188 0.993164 0.056250 0.013672
4 0.267969 0.862305 0.060937 0.037109
2 0.150781 0.959961 0.051562 0.037109
2 0.207813 0.929688 0.062500 0.039062
2 0.207813 0.992188 0.059375 0.015625
2 0.207031 0.892578 0.060937 0.039062
2 0.150781 0.989258 0.051562 0.021484
2 0.206250 0.963867 0.062500 0.037109
1 0.152344 0.858398 0.057813 0.037109
2 0.152344 0.925781 0.054688 0.039062
2 0.793750 0.919922 0.059375 0.035156
2 0.793750 0.955078 0.056250 0.039062
2 0.790625 0.986328 0.062500 0.027344
2 0.501563 0.981445 0.059375 0.037109
4 0.503125 0.875977 0.062500 0.037109
