2 0.851562 0.237305 0.059375 0.037109
2 0.617188 0.007812 0.053125 0.015625
1 0.682031 0.504883 0.057813 0.041016
2 0.846875 0.165039 0.056250 0.037109
1 0.854688 0.345703 0.059375 0.035156
2 0.608594 0.141602 0.057813 0.037109
2 0.804688 0.575195 0.059375 0.037109
2 0.878125 0.015625 0.043750 0.031250
4 0.550781 0.144531 0.057813 0.035156
2 0.849219 0.201172 0.057813 0.035156
2 0.550781 0.216797 0.064062 0.039062
2 0.740625 0.427734 0.062500 0.039062
2 0.672656 0.171875 0.064062 0.042969
2 0.801562 0.499023 0.056250 0.041016
2 0.742188 0.463867 0.065625 0.037109
1 0.800000 0.425781 0.056250 0.039062
2 0.792188 0.202148 0.056250 0.041016
2 0.746094 0.615234 0.054688 0.039062
2 0.793750 0.240234 0.056250 0.039062
2 0.491406 0.216797 0.054688 0.042969
2 0.733594 0.206055 0.060937 0.037109
2 0.675000 0.209961 0.059375 0.041016
2 0.683594 0.542969 0.054688 0.042969
2 0.853906 0.276367 0.060937 0.037109
2 0.620313 0.397461 0.062500 0.041016
2 0.789844 0.164062 0.064062 0.039062
4 0.786719 0.130859 0.060937 0.031250
2 0.615625 0.286133 0.062500 0.041016
2 0.804688 0.612305 0.062500 0.037109
2 0.678125 0.357422 0.056250 0.039062
2 0.859375 0.458984 0.059375 0.039062
2 0.734375 0.280273 0.059375 0.041016
1 0.834375 0.019531 0.046875 0.035156
1 0.745313 0.577148 0.056250 0.041016
2 0.738281 0.390625 0.060937 0.039062
1 0.798438 0.384766 0.059375 0.042969
2 0.676562 0.284180 0.059375 0.041016
2 0.860156 0.496094 0.060937 0.039062
2 0.798438 0.347656 0.059375 0.039062
2 0.859375 0.422852 0.059375 0.041016
2 0.853906 0.310547 0.057813 0.035156
2 0.677344 0.324219 0.054688 0.039062
2 0.564844 0.034180 0.051562 0.033203
2 0.620313 0.435547 0.059375 0.039062
2 0.675000 0.248047 0.059375 0.035156
2 0.679688 0.395508 0.056250 0.041016
2 0.617969 0.360352 0.064062 0.041016
2 0.800781 0.461914 0.054688 0.037109
2 0.614844 0.248047 0.060937 0.039062
2 0.734375 0.242188 0.062500 0.039062
2 0.565625 0.008789 0.053125 0.017578
2 0.611719 0.176758 0.057813 0.037109
2 0.730469 0.167969 0.054688 0.042969
2 0.618750 0.323242 0.062500 0.041016
2 0.747656 0.651367 0.054688 0.037109
4 0.728125 0.132812 0.056250 0.035156
2 0.680469 0.467773 0.057813 0.037109
1 0.804688 0.647461 0.059375 0.037109
2 0.796094 0.312500 0.057813 0.039062
4 0.669531 0.139648 0.060937 0.037109
2 0.613281 0.213867 0.060937 0.037109
2 0.557031 0.328125 0.057813 0.039062
2 0.742969 0.501953 0.060937 0.042969
2 0.556250 0.288086 0.062500 0.041016
2 0.617188 0.032227 0.056250 0.033203
2 0.490625 0.180664 0.059375 0.041016
2 0.802344 0.538086 0.057813 0.037109
2 0.738281 0.352539 0.060937 0.041016
1 0.857812 0.384766 0.059375 0.042969
2 0.864844 0.608398 0.060937 0.041016
2 0.674219 0.027344 0.057813 0.031250
2 0.795312 0.277344 0.059375 0.039062
2 0.742188 0.539062 0.062500 0.039062
2 0.489844 0.147461 0.060937 0.033203
2 0.555469 0.250000 0.064062 0.035156
2 0.735938 0.315430 0.059375 0.041016
2 0.680469 0.433594 0.057813 0.042969
2 0.863281 0.533203 0.057813 0.039062
2 0.553125 0.178711 0.065625 0.037109
2 0.864062 0.644531 0.059375 0.039062
2 0.672656 0.006836 0.060937 0.013672
2 0.863281 0.570312 0.060937 0.039062
4 0.846875 0.130859 0.056250 0.031250
