2 0.720313 0.572266 0.062500 0.039062
2 0.720313 0.722656 0.059375 0.039062
2 0.660937 0.684570 0.059375 0.037109
2 0.600781 0.423828 0.064062 0.039062
2 0.721094 0.646484 0.060937 0.039062
2 0.601562 0.460938 0.059375 0.039062
2 0.600000 0.796875 0.062500 0.039062
2 0.600000 0.720703 0.059375 0.039062
2 0.600781 0.758789 0.060937 0.037109
2 0.600781 0.683594 0.057813 0.035156
2 0.659375 0.796875 0.059375 0.039062
1 0.601562 0.608398 0.062500 0.037109
2 0.602344 0.533203 0.064062 0.039062
2 0.600781 0.645508 0.060937 0.041016
2 0.659375 0.833984 0.059375 0.039062
1 0.602344 0.570312 0.060937 0.039062
1 0.658594 0.869141 0.060937 0.035156
2 0.602344 0.495117 0.064062 0.037109
2 0.720313 0.760742 0.059375 0.037109
2 0.660156 0.535156 0.057813 0.035156
2 0.661719 0.759766 0.060937 0.039062
1 0.660156 0.608398 0.060937 0.037109
2 0.660937 0.571289 0.059375 0.037109
2 0.660156 0.721680 0.064062 0.037109
1 0.660937 0.647461 0.059375 0.037109
2 0.719531 0.685547 0.060937 0.039062
2 0.662500 0.388672 0.059375 0.035156
2 0.662500 0.354492 0.059375 0.033203
2 0.662500 0.422852 0.059375 0.041016
2 0.662500 0.461914 0.059375 0.037109
1 0.717969 0.797852 0.060937 0.037109
2 0.664844 0.497070 0.057813 0.037109
2 0.717187 0.870117 0.059375 0.033203
2 0.717187 0.834961 0.059375 0.037109
2 0.780469 0.686523 0.060937 0.033203
2 0.720313 0.610352 0.062500 0.037109
2 0.721875 0.355469 0.059375 0.035156
1 0.780469 0.720703 0.060937 0.039062
2 0.721875 0.497070 0.062500 0.037109
2 0.721875 0.535156 0.062500 0.035156
2 0.778125 0.759766 0.062500 0.039062
2 0.724219 0.424805 0.060937 0.041016
2 0.724219 0.461914 0.060937 0.033203
2 0.724219 0.388672 0.060937 0.035156
2 0.781250 0.647461 0.059375 0.041016
2 0.782031 0.572266 0.060937 0.039062
2 0.600000 0.387695 0.062500 0.033203
2 0.600000 0.833008 0.059375 0.037109
2 0.599219 0.353516 0.060937 0.035156
2 0.597656 0.868164 0.060937 0.033203
2 0.541406 0.495117 0.057813 0.037109
2 0.300000 0.453125 0.059375 0.039062
2 0.300781 0.715820 0.060937 0.037109
2 0.300781 0.603516 0.057813 0.039062
2 0.299219 0.416016 0.060937 0.035156
2 0.298438 0.864258 0.059375 0.037109
2 0.300000 0.639648 0.059375 0.037109
2 0.299219 0.789062 0.060937 0.039062
2 0.300000 0.752930 0.059375 0.037109
2 0.299219 0.826172 0.057813 0.039062
2 0.541406 0.681641 0.060937 0.039062
2 0.300781 0.677734 0.060937 0.039062
2 0.542188 0.458008 0.056250 0.033203
2 0.539844 0.757812 0.060937 0.039062
2 0.538281 0.869141 0.060937 0.035156
2 0.539062 0.421875 0.053125 0.039062
2 0.539062 0.793945 0.059375 0.037109
2 0.539062 0.351562 0.053125 0.035156
1 0.540625 0.532227 0.059375 0.041016
2 0.541406 0.571289 0.060937 0.037109
2 0.540625 0.384766 0.053125 0.035156
2 0.540625 0.831055 0.059375 0.037109
2 0.540625 0.718750 0.059375 0.035156
2 0.541406 0.644531 0.060937 0.039062
2 0.541406 0.608398 0.060937 0.037109
2 0.480469 0.644531 0.060937 0.039062
2 0.480469 0.382812 0.060937 0.035156
2 0.480469 0.532227 0.060937 0.041016
2 0.421094 0.570312 0.060937 0.035156
2 0.421094 0.491211 0.057813 0.041016
2 0.421094 0.605469 0.060937 0.039062
2 0.420312 0.452148 0.056250 0.037109
1 0.421875 0.532227 0.059375 0.041016
2 0.421875 0.640625 0.062500 0.039062
2 0.480469 0.606445 0.057813 0.037109
2 0.421875 0.347656 0.056250 0.031250
2 0.421094 0.381836 0.054688 0.037109
2 0.479687 0.866211 0.062500 0.033203
2 0.479687 0.570312 0.059375 0.035156
2 0.479687 0.755859 0.062500 0.039062
2 0.478906 0.793945 0.060937 0.037109
1 0.479687 0.416992 0.062500 0.037109
2 0.479687 0.831055 0.062500 0.037109
1 0.479687 0.681641 0.062500 0.039062
2 0.479687 0.718750 0.062500 0.035156
2 0.782031 0.610352 0.060937 0.037109
2 0.482031 0.491211 0.064062 0.041016
2 0.481250 0.349609 0.062500 0.035156
2 0.481250 0.456055 0.062500 0.037109
2 0.782031 0.390625 0.057813 0.042969
2 0.782031 0.536133 0.060937 0.037109
2 0.782031 0.358398 0.054688 0.037109
2 0.783594 0.462891 0.057813 0.039062
2 0.783594 0.498047 0.060937 0.039062
2 0.359375 0.792969 0.059375 0.039062
2 0.359375 0.604492 0.062500 0.037109
2 0.419531 0.792969 0.060937 0.039062
2 0.418750 0.755859 0.059375 0.039062
2 0.359375 0.752930 0.059375 0.037109
2 0.357812 0.829102 0.059375 0.037109
2 0.302344 0.344727 0.060937 0.029297
2 0.300781 0.378906 0.060937 0.039062
2 0.301563 0.566406 0.059375 0.039062
2 0.357812 0.864258 0.059375 0.037109
2 0.302344 0.530273 0.057813 0.037109
2 0.125781 0.749023 0.051562 0.037109
2 0.302344 0.491211 0.057813 0.041016
2 0.125000 0.821289 0.050000 0.037109
2 0.125000 0.785156 0.050000 0.035156
2 0.125000 0.711914 0.050000 0.037109
2 0.125000 0.857422 0.050000 0.035156
2 0.125781 0.599609 0.051562 0.039062
2 0.126562 0.414062 0.053125 0.035156
2 0.125781 0.563477 0.051562 0.037109
2 0.125781 0.637695 0.051562 0.041016
2 0.126562 0.450195 0.053125 0.037109
2 0.125781 0.675781 0.051562 0.035156
2 0.125781 0.342773 0.051562 0.033203
2 0.125781 0.375977 0.051562 0.037109
2 0.418750 0.829102 0.059375 0.037109
2 0.360156 0.569336 0.064062 0.037109
2 0.126562 0.525391 0.053125 0.039062
1 0.417187 0.866211 0.059375 0.037109
2 0.360156 0.641602 0.060937 0.037109
2 0.126562 0.488281 0.053125 0.035156
2 0.360156 0.717773 0.060937 0.037109
2 0.418750 0.717773 0.059375 0.037109
2 0.361719 0.532227 0.060937 0.037109
2 0.363281 0.382812 0.064062 0.035156
1 0.361719 0.493164 0.060937 0.041016
2 0.360156 0.679688 0.060937 0.039062
2 0.361719 0.349609 0.060937 0.035156
2 0.362500 0.418945 0.062500 0.037109
2 0.362500 0.454102 0.062500 0.041016
2 0.242969 0.489258 0.060937 0.041016
2 0.782813 0.427734 0.056250 0.042969
2 0.242188 0.528320 0.062500 0.037109
2 0.182031 0.599609 0.060937 0.039062
2 0.419531 0.680664 0.060937 0.037109
2 0.242188 0.451172 0.059375 0.039062
2 0.420312 0.416992 0.053125 0.037109
1 0.182031 0.637695 0.064062 0.041016
2 0.839844 0.572266 0.057813 0.039062
2 0.841406 0.426758 0.060937 0.033203
2 0.839063 0.611328 0.056250 0.035156
2 0.841406 0.462891 0.057813 0.035156
2 0.840625 0.536133 0.056250 0.037109
2 0.840625 0.356445 0.056250 0.037109
2 0.840625 0.646484 0.056250 0.039062
2 0.182031 0.562500 0.060937 0.039062
2 0.178125 0.788086 0.059375 0.037109
2 0.842187 0.499023 0.056250 0.037109
2 0.840625 0.391602 0.059375 0.041016
2 0.182031 0.711914 0.064062 0.041016
2 0.178906 0.823242 0.060937 0.041016
2 0.179688 0.750000 0.062500 0.039062
2 0.179688 0.860352 0.059375 0.037109
2 0.242188 0.375977 0.059375 0.037109
2 0.242188 0.602539 0.059375 0.041016
2 0.182812 0.343750 0.059375 0.031250
2 0.182031 0.375977 0.060937 0.037109
2 0.182812 0.414062 0.059375 0.039062
2 0.182812 0.675781 0.059375 0.039062
2 0.183594 0.488281 0.060937 0.039062
2 0.183594 0.451172 0.060937 0.039062
2 0.240625 0.639648 0.062500 0.037109
2 0.238281 0.861328 0.060937 0.035156
2 0.238281 0.787109 0.064062 0.039062
2 0.184375 0.526367 0.059375 0.037109
2 0.241406 0.752930 0.060937 0.037109
2 0.239844 0.826172 0.060937 0.039062
2 0.240625 0.677734 0.062500 0.039062
2 0.240625 0.714844 0.059375 0.039062
2 0.242188 0.564453 0.062500 0.039062
2 0.241406 0.415039 0.057813 0.037109
2 0.241406 0.343750 0.054688 0.027344
