3 0.885938 0.367188 0.021875 0.082031
3 0.682813 0.021484 0.025000 0.042969
2 0.403125 0.122070 0.025000 0.076172
2 0.678125 0.079102 0.025000 0.083984
2 0.540625 0.042969 0.028125 0.078125
3 0.506250 0.189453 0.031250 0.074219
2 0.407031 0.043945 0.026562 0.072266
0 0.537500 0.120117 0.028125 0.080078
3 0.510156 0.115234 0.029687 0.074219
1 0.535937 0.193359 0.031250 0.074219
2 0.513281 0.039062 0.029687 0.078125
2 0.677344 0.155273 0.023438 0.080078
2 0.567187 0.047852 0.028125 0.080078
2 0.566406 0.125000 0.029687 0.078125
1 0.563281 0.198242 0.026562 0.076172
2 0.675000 0.234375 0.025000 0.082031
3 0.667969 0.465820 0.026562 0.080078
3 0.672656 0.310547 0.026562 0.082031
3 0.668750 0.386719 0.028125 0.078125
3 0.882812 0.446289 0.021875 0.076172
3 0.171875 0.240234 0.031250 0.074219
3 0.704688 0.160156 0.028125 0.082031
3 0.694531 0.465820 0.026562 0.076172
3 0.704688 0.082031 0.028125 0.082031
2 0.696875 0.388672 0.028125 0.078125
2 0.700781 0.237305 0.023438 0.080078
2 0.700000 0.312500 0.025000 0.078125
3 0.735938 0.026367 0.025000 0.052734
2 0.721094 0.390625 0.023438 0.078125
3 0.719531 0.467773 0.023438 0.076172
3 0.710156 0.024414 0.026562 0.048828
3 0.731250 0.087891 0.025000 0.074219
3 0.725000 0.241211 0.025000 0.080078
3 0.729688 0.162109 0.025000 0.082031
2 0.725000 0.316406 0.025000 0.078125
4 0.870313 0.015625 0.025000 0.031250
2 0.842969 0.061523 0.023438 0.076172
3 0.174219 0.166992 0.029687 0.076172
3 0.834375 0.446289 0.021875 0.076172
3 0.841406 0.135742 0.026562 0.076172
3 0.836719 0.369141 0.026562 0.078125
3 0.839063 0.215820 0.028125 0.080078
3 0.836719 0.291016 0.026562 0.074219
2 0.866406 0.067383 0.023438 0.076172
3 0.862500 0.370117 0.025000 0.080078
3 0.857812 0.445312 0.025000 0.074219
2 0.844531 0.011719 0.023438 0.023438
3 0.865625 0.140625 0.021875 0.074219
3 0.864062 0.293945 0.025000 0.072266
2 0.177344 0.089844 0.029687 0.078125
3 0.865625 0.215820 0.021875 0.080078
3 0.184375 0.026367 0.031250 0.052734
3 0.889062 0.142578 0.021875 0.074219
3 0.886719 0.292969 0.020313 0.070312
2 0.889062 0.070312 0.021875 0.074219
3 0.888281 0.216797 0.023438 0.078125
3 0.242969 0.029297 0.029687 0.058594
3 0.209375 0.090820 0.034375 0.080078
3 0.205469 0.168945 0.032813 0.076172
3 0.203125 0.245117 0.034375 0.076172
3 0.238281 0.094727 0.029687 0.080078
3 0.214062 0.027344 0.028125 0.054688
3 0.235156 0.171875 0.029687 0.082031
3 0.232031 0.250000 0.029687 0.074219
3 0.397656 0.199219 0.029687 0.078125
3 0.372656 0.194336 0.029687 0.080078
3 0.341406 0.185547 0.032813 0.078125
2 0.348438 0.037109 0.028125 0.074219
3 0.377344 0.116211 0.029687 0.072266
3 0.347656 0.110352 0.032813 0.072266
2 0.378906 0.041992 0.029687 0.076172
