3 0.121094 0.971680 0.060937 0.041016
3 0.062500 0.966797 0.056250 0.039062
3 0.389062 0.855469 0.059375 0.039062
3 0.206250 0.848633 0.059375 0.033203
3 0.328906 0.852539 0.060937 0.037109
3 0.267969 0.851562 0.064062 0.039062
3 0.241406 0.979492 0.057813 0.037109
3 0.182812 0.976562 0.059375 0.039062
3 0.107813 0.017578 0.062500 0.035156
2 0.298438 0.981445 0.059375 0.037109
3 0.421875 0.982422 0.062500 0.035156
2 0.360156 0.982422 0.060937 0.035156
3 0.080469 0.160156 0.064062 0.031250
3 0.052344 0.018555 0.057813 0.033203
3 0.351562 0.017578 0.062500 0.035156
3 0.290625 0.017578 0.065625 0.035156
3 0.140625 0.163086 0.059375 0.037109
3 0.257812 0.166016 0.062500 0.031250
3 0.198437 0.164062 0.059375 0.027344
3 0.317188 0.166016 0.059375 0.031250
3 0.378125 0.164062 0.059375 0.035156
3 0.078906 0.194336 0.060937 0.033203
2 0.230469 0.018555 0.064062 0.037109
2 0.167969 0.018555 0.064062 0.037109
2 0.064062 0.594727 0.059375 0.033203
0 0.363281 0.576172 0.060937 0.035156
3 0.046094 0.359375 0.057813 0.031250
2 0.371094 0.230469 0.060937 0.031250
3 0.316406 0.195312 0.057813 0.027344
3 0.196875 0.195312 0.062500 0.031250
3 0.311719 0.228516 0.057813 0.035156
3 0.373437 0.197266 0.059375 0.031250
3 0.257031 0.197266 0.060937 0.031250
3 0.136719 0.197266 0.057813 0.035156
3 0.251563 0.226562 0.062500 0.031250
3 0.132812 0.225586 0.056250 0.029297
3 0.191406 0.226562 0.060937 0.031250
3 0.075781 0.227539 0.057813 0.033203
2 0.158594 0.430664 0.060937 0.033203
2 0.303906 0.572266 0.060937 0.035156
3 0.345313 0.369141 0.059375 0.031250
2 0.285156 0.368164 0.060937 0.033203
3 0.106250 0.363281 0.059375 0.031250
2 0.225000 0.367188 0.059375 0.035156
3 0.165625 0.365234 0.059375 0.035156
2 0.097656 0.429688 0.057813 0.031250
2 0.161719 0.397461 0.060937 0.033203
3 0.102344 0.395508 0.057813 0.033203
3 0.046094 0.391602 0.057813 0.033203
2 0.038281 0.425781 0.060937 0.035156
2 0.221875 0.402344 0.059375 0.035156
3 0.343750 0.403320 0.059375 0.033203
2 0.282813 0.402344 0.062500 0.035156
2 0.244531 0.570312 0.060937 0.035156
2 0.217969 0.433594 0.060937 0.035156
3 0.183594 0.567383 0.060937 0.037109
3 0.125000 0.564453 0.059375 0.035156
3 0.278906 0.437500 0.060937 0.035156
2 0.065625 0.560547 0.059375 0.035156
3 0.339062 0.439453 0.059375 0.035156
2 0.240625 0.604492 0.062500 0.033203
2 0.180469 0.605469 0.060937 0.039062
3 0.121875 0.602539 0.059375 0.037109
2 0.029687 0.797852 0.059375 0.037109
3 0.392969 0.782227 0.060937 0.037109
3 0.332031 0.778320 0.060937 0.037109
2 0.178125 0.639648 0.062500 0.037109
2 0.117188 0.635742 0.059375 0.033203
2 0.300000 0.606445 0.059375 0.033203
2 0.060156 0.628906 0.057813 0.039062
0 0.360938 0.608398 0.059375 0.033203
3 0.268750 0.774414 0.065625 0.037109
3 0.360938 0.643555 0.062500 0.037109
2 0.298438 0.639648 0.062500 0.037109
2 0.239063 0.639648 0.059375 0.037109
3 0.207813 0.773438 0.056250 0.039062
1 0.035156 0.762695 0.060937 0.037109
3 0.150000 0.774414 0.059375 0.041016
2 0.092188 0.767578 0.056250 0.035156
3 0.148438 0.811523 0.059375 0.037109
2 0.089844 0.801758 0.057813 0.037109
3 0.207031 0.813477 0.057813 0.037109
3 0.268750 0.812500 0.065625 0.039062
3 0.329688 0.815430 0.059375 0.041016
2 0.028125 0.833008 0.056250 0.033203
3 0.389844 0.818359 0.060937 0.039062
3 0.085938 0.837891 0.059375 0.039062
3 0.146875 0.844727 0.062500 0.037109
