2 0.062500 0.431641 0.062500 0.039062
2 0.124219 0.436523 0.060937 0.037109
2 0.184375 0.439453 0.062500 0.039062
3 0.243750 0.443359 0.065625 0.035156
3 0.306250 0.447266 0.062500 0.039062
3 0.367188 0.447266 0.065625 0.031250
3 0.429688 0.451172 0.062500 0.035156
3 0.489844 0.454102 0.060937 0.037109
2 0.164844 0.199219 0.057813 0.035156
3 0.217188 0.266602 0.062500 0.037109
3 0.309375 0.410156 0.062500 0.035156
3 0.370312 0.413086 0.059375 0.033203
3 0.431250 0.417969 0.062500 0.035156
3 0.491406 0.417969 0.057813 0.035156
2 0.278125 0.268555 0.062500 0.037109
1 0.128125 0.401367 0.059375 0.037109
2 0.185938 0.404297 0.059375 0.039062
3 0.246875 0.407227 0.062500 0.037109
2 0.339844 0.270508 0.060937 0.037109
2 0.067187 0.399414 0.062500 0.033203
2 0.402344 0.273438 0.060937 0.035156
3 0.464062 0.278320 0.062500 0.037109
3 0.223438 0.201172 0.059375 0.031250
3 0.281250 0.235352 0.062500 0.037109
2 0.096094 0.259766 0.060937 0.035156
2 0.156250 0.262695 0.059375 0.037109
2 0.342187 0.239258 0.059375 0.037109
2 0.035937 0.256836 0.062500 0.037109
2 0.402344 0.242188 0.060937 0.031250
0 0.464844 0.243164 0.060937 0.033203
3 0.284375 0.204102 0.065625 0.033203
2 0.099219 0.227539 0.060937 0.033203
2 0.157812 0.228516 0.059375 0.035156
3 0.221094 0.231445 0.064062 0.033203
3 0.345313 0.208984 0.062500 0.031250
2 0.039844 0.224609 0.057813 0.035156
1 0.465625 0.210938 0.062500 0.035156
2 0.404687 0.212891 0.059375 0.035156
0 0.104688 0.196289 0.062500 0.033203
2 0.042188 0.194336 0.059375 0.033203
3 0.476562 0.906250 0.062500 0.039062
3 0.538281 0.907227 0.060937 0.041016
2 0.121094 0.471680 0.060937 0.033203
2 0.331250 0.655273 0.062500 0.037109
3 0.273438 0.613281 0.062500 0.035156
3 0.271875 0.649414 0.062500 0.037109
3 0.334375 0.618164 0.062500 0.037109
2 0.088281 0.638672 0.060937 0.035156
3 0.150781 0.640625 0.060937 0.035156
3 0.209375 0.646484 0.062500 0.035156
2 0.395313 0.621094 0.059375 0.039062
2 0.030469 0.635742 0.057813 0.033203
2 0.454688 0.624023 0.062500 0.041016
3 0.517188 0.627930 0.062500 0.033203
3 0.179688 0.472656 0.059375 0.031250
3 0.240625 0.478516 0.062500 0.035156
3 0.154688 0.607422 0.062500 0.035156
3 0.210938 0.611328 0.062500 0.035156
3 0.303125 0.482422 0.062500 0.031250
3 0.489063 0.490234 0.062500 0.039062
3 0.092969 0.604492 0.060937 0.037109
3 0.367188 0.482422 0.062500 0.035156
2 0.032031 0.602539 0.060937 0.033203
3 0.428125 0.487305 0.062500 0.033203
2 0.060156 0.465820 0.060937 0.037109
2 0.234375 0.855469 0.059375 0.039062
2 0.173437 0.851562 0.062500 0.039062
2 0.053125 0.841797 0.059375 0.039062
2 0.113281 0.848633 0.057813 0.041016
2 0.294531 0.858398 0.060937 0.037109
2 0.354687 0.865234 0.062500 0.039062
2 0.417187 0.868164 0.062500 0.037109
3 0.297656 0.821289 0.060937 0.041016
3 0.358594 0.824219 0.057813 0.039062
3 0.541406 0.833008 0.060937 0.037109
2 0.418750 0.831055 0.059375 0.037109
2 0.479687 0.832031 0.062500 0.039062
2 0.117969 0.809570 0.057813 0.041016
1 0.177344 0.813477 0.060937 0.041016
2 0.236719 0.817383 0.057813 0.037109
2 0.207031 0.683594 0.060937 0.039062
2 0.145313 0.678711 0.062500 0.041016
2 0.085156 0.673828 0.060937 0.039062
2 0.330469 0.692383 0.064062 0.037109
2 0.268750 0.685547 0.062500 0.035156
2 0.057813 0.804688 0.059375 0.039062
3 0.392969 0.693359 0.060937 0.039062
3 0.513281 0.701172 0.060937 0.035156
3 0.453906 0.695312 0.060937 0.039062
2 0.478125 0.869141 0.062500 0.035156
2 0.082031 0.058594 0.057813 0.031250
2 0.140625 0.060547 0.059375 0.027344
2 0.199219 0.062500 0.060937 0.035156
2 0.027344 0.669922 0.054688 0.042969
2 0.261719 0.065430 0.064062 0.033203
2 0.394531 0.658203 0.060937 0.035156
2 0.454688 0.658203 0.062500 0.035156
3 0.515625 0.663086 0.062500 0.041016
3 0.383594 0.066406 0.060937 0.035156
3 0.444531 0.069336 0.060937 0.037109
2 0.322656 0.067383 0.060937 0.033203
2 0.026562 0.056641 0.053125 0.031250
3 0.539844 0.870117 0.060937 0.037109
2 0.049219 0.875977 0.060937 0.037109
2 0.108594 0.883789 0.060937 0.033203
3 0.202344 0.030273 0.064062 0.029297
3 0.142187 0.032227 0.056250 0.029297
3 0.414062 0.902344 0.062500 0.035156
2 0.262500 0.034180 0.062500 0.029297
3 0.446875 0.037109 0.059375 0.031250
2 0.325781 0.035156 0.060937 0.031250
2 0.386719 0.036133 0.060937 0.029297
2 0.167969 0.885742 0.060937 0.033203
2 0.228906 0.890625 0.060937 0.039062
2 0.292187 0.896484 0.059375 0.035156
2 0.353125 0.900391 0.062500 0.027344
3 0.084375 0.028320 0.059375 0.029297
