2 0.359375 0.207031 0.059375 0.039062
2 0.421875 0.652344 0.056250 0.031250
2 0.240625 0.360352 0.062500 0.037109
2 0.300781 0.322266 0.060937 0.039062
2 0.183594 0.511719 0.060937 0.039062
2 0.300000 0.247070 0.059375 0.037109
2 0.126562 0.511719 0.053125 0.035156
1 0.361719 0.506836 0.060937 0.041016
2 0.242969 0.510742 0.060937 0.041016
2 0.125000 0.178711 0.050000 0.037109
2 0.179688 0.250000 0.062500 0.039062
2 0.360156 0.282227 0.060937 0.037109
2 0.182031 0.400391 0.060937 0.039062
2 0.420312 0.583008 0.053125 0.037109
2 0.125781 0.362305 0.051562 0.041016
2 0.778125 0.240234 0.062500 0.039062
2 0.126562 0.549805 0.053125 0.037109
2 0.300000 0.546875 0.059375 0.039062
2 0.298438 0.135742 0.059375 0.037109
2 0.301563 0.433594 0.059375 0.039062
2 0.300000 0.360352 0.059375 0.037109
2 0.300781 0.621094 0.060937 0.039062
2 0.721875 0.464844 0.062500 0.035156
2 0.178125 0.211914 0.059375 0.037109
2 0.362500 0.545898 0.062500 0.041016
2 0.782031 0.389648 0.060937 0.037109
2 0.242188 0.624023 0.059375 0.037109
2 0.360156 0.430664 0.064062 0.037109
2 0.360156 0.358398 0.060937 0.037109
2 0.357812 0.170898 0.059375 0.037109
2 0.418750 0.282227 0.059375 0.037109
2 0.421875 0.359375 0.062500 0.039062
2 0.125781 0.436523 0.051562 0.037109
2 0.241406 0.584961 0.057813 0.037109
2 0.359375 0.247070 0.059375 0.037109
2 0.125781 0.250977 0.051562 0.037109
2 0.418750 0.170898 0.059375 0.037109
2 0.299219 0.210938 0.060937 0.039062
2 0.242188 0.397461 0.059375 0.041016
2 0.299219 0.173828 0.057813 0.039062
2 0.783594 0.501953 0.060937 0.039062
2 0.360156 0.320312 0.060937 0.039062
2 0.780469 0.313477 0.060937 0.033203
2 0.841406 0.537109 0.057813 0.035156
2 0.782031 0.609375 0.057813 0.042969
2 0.419531 0.207031 0.060937 0.039062
2 0.125000 0.214844 0.050000 0.035156
2 0.362500 0.581055 0.062500 0.037109
2 0.357812 0.135742 0.059375 0.037109
2 0.361719 0.650391 0.060937 0.035156
1 0.182031 0.362305 0.064062 0.041016
2 0.182812 0.324219 0.059375 0.039062
2 0.182031 0.288086 0.064062 0.041016
2 0.478906 0.206055 0.060937 0.037109
2 0.302344 0.508789 0.057813 0.041016
2 0.421094 0.508789 0.057813 0.041016
2 0.240625 0.322266 0.062500 0.039062
2 0.842187 0.500977 0.056250 0.037109
2 0.238281 0.212891 0.064062 0.039062
2 0.418750 0.244141 0.059375 0.039062
2 0.239844 0.173828 0.060937 0.039062
2 0.782031 0.641602 0.054688 0.037109
2 0.839844 0.427734 0.057813 0.039062
2 0.782813 0.572266 0.056250 0.042969
2 0.421094 0.394531 0.060937 0.039062
2 0.781250 0.352539 0.059375 0.041016
2 0.841406 0.573242 0.060937 0.033203
2 0.840625 0.608398 0.059375 0.041016
2 0.721875 0.502930 0.062500 0.037109
2 0.241406 0.656250 0.054688 0.027344
2 0.419531 0.319336 0.060937 0.037109
2 0.125781 0.400391 0.051562 0.039062
2 0.420312 0.547852 0.056250 0.037109
2 0.720313 0.277344 0.059375 0.039062
2 0.238281 0.138672 0.060937 0.035156
2 0.182031 0.437500 0.060937 0.039062
2 0.299219 0.583984 0.060937 0.035156
2 0.242188 0.471680 0.062500 0.037109
2 0.363281 0.617188 0.064062 0.035156
2 0.183594 0.548828 0.060937 0.039062
2 0.182812 0.585938 0.059375 0.039062
2 0.300781 0.284180 0.060937 0.037109
2 0.182031 0.624023 0.060937 0.037109
1 0.417187 0.133789 0.059375 0.037109
2 0.125781 0.324219 0.051562 0.035156
1 0.421875 0.467773 0.059375 0.041016
2 0.125781 0.657227 0.051562 0.033203
2 0.179688 0.139648 0.059375 0.037109
2 0.126562 0.474609 0.053125 0.039062
2 0.721875 0.644531 0.059375 0.035156
2 0.783594 0.537109 0.057813 0.039062
2 0.125000 0.142578 0.050000 0.035156
2 0.359375 0.395508 0.062500 0.037109
2 0.242188 0.548828 0.059375 0.039062
2 0.361719 0.467773 0.060937 0.037109
2 0.302344 0.469727 0.057813 0.037109
2 0.125000 0.288086 0.050000 0.037109
2 0.302344 0.655273 0.060937 0.029297
2 0.720313 0.427734 0.062500 0.039062
2 0.300781 0.396484 0.057813 0.039062
2 0.421094 0.429688 0.060937 0.035156
2 0.240625 0.285156 0.059375 0.039062
2 0.840625 0.353516 0.056250 0.039062
2 0.782031 0.463867 0.060937 0.037109
2 0.840625 0.643555 0.056250 0.037109
2 0.184375 0.473633 0.059375 0.037109
1 0.780469 0.279297 0.060937 0.039062
2 0.178906 0.176758 0.060937 0.041016
2 0.839063 0.388672 0.056250 0.035156
2 0.724219 0.611328 0.060937 0.035156
2 0.782031 0.427734 0.060937 0.039062
2 0.242188 0.435547 0.062500 0.039062
2 0.724219 0.575195 0.060937 0.041016
2 0.720313 0.389648 0.062500 0.037109
2 0.125781 0.624023 0.051562 0.037109
2 0.241406 0.247070 0.060937 0.037109
2 0.840625 0.463867 0.056250 0.037109
2 0.421094 0.618164 0.054688 0.037109
2 0.724219 0.538086 0.060937 0.033203
2 0.126562 0.585938 0.053125 0.035156
2 0.182812 0.656250 0.059375 0.031250
1 0.717969 0.202148 0.060937 0.037109
2 0.721094 0.353516 0.060937 0.039062
2 0.717187 0.129883 0.059375 0.033203
2 0.602344 0.504883 0.064062 0.037109
1 0.602344 0.429688 0.060937 0.039062
1 0.601562 0.391602 0.062500 0.037109
2 0.602344 0.466797 0.064062 0.039062
2 0.600781 0.354492 0.060937 0.041016
2 0.717187 0.165039 0.059375 0.037109
1 0.660937 0.352539 0.059375 0.037109
2 0.659375 0.166016 0.059375 0.039062
1 0.658594 0.130859 0.060937 0.035156
2 0.660937 0.428711 0.059375 0.037109
2 0.659375 0.203125 0.059375 0.039062
2 0.660156 0.464844 0.057813 0.035156
2 0.660937 0.315430 0.059375 0.037109
2 0.664844 0.502930 0.057813 0.037109
2 0.661719 0.240234 0.060937 0.039062
1 0.660156 0.391602 0.060937 0.037109
2 0.660156 0.278320 0.064062 0.037109
2 0.662500 0.611328 0.059375 0.035156
2 0.662500 0.645508 0.059375 0.033203
2 0.662500 0.577148 0.059375 0.041016
2 0.662500 0.538086 0.059375 0.037109
2 0.720313 0.239258 0.059375 0.037109
2 0.719531 0.314453 0.060937 0.039062
2 0.600781 0.241211 0.060937 0.037109
2 0.600000 0.279297 0.059375 0.039062
2 0.600781 0.316406 0.057813 0.035156
2 0.600000 0.203125 0.062500 0.039062
1 0.540625 0.467773 0.059375 0.041016
2 0.540625 0.281250 0.059375 0.035156
2 0.541406 0.391602 0.060937 0.037109
2 0.539844 0.242188 0.060937 0.039062
2 0.539062 0.578125 0.053125 0.039062
2 0.539062 0.206055 0.059375 0.037109
2 0.541406 0.355469 0.060937 0.039062
2 0.540625 0.168945 0.059375 0.037109
2 0.541406 0.428711 0.060937 0.037109
2 0.540625 0.615234 0.053125 0.035156
2 0.600000 0.612305 0.062500 0.033203
2 0.600000 0.166992 0.059375 0.037109
2 0.599219 0.646484 0.060937 0.035156
2 0.597656 0.131836 0.060937 0.033203
2 0.541406 0.504883 0.057813 0.037109
2 0.542188 0.541992 0.056250 0.033203
2 0.541406 0.318359 0.060937 0.039062
2 0.600781 0.576172 0.064062 0.039062
2 0.601562 0.539062 0.059375 0.039062
2 0.481250 0.650391 0.062500 0.035156
2 0.481250 0.543945 0.062500 0.037109
2 0.480469 0.355469 0.060937 0.039062
2 0.480469 0.617188 0.060937 0.035156
2 0.480469 0.393555 0.057813 0.037109
2 0.479687 0.429688 0.059375 0.035156
2 0.480469 0.467773 0.060937 0.041016
2 0.482031 0.508789 0.064062 0.041016
2 0.538281 0.130859 0.060937 0.035156
2 0.539062 0.648438 0.053125 0.035156
2 0.479687 0.244141 0.062500 0.039062
2 0.479687 0.133789 0.062500 0.033203
2 0.479687 0.168945 0.062500 0.037109
2 0.479687 0.281250 0.062500 0.035156
1 0.479687 0.318359 0.062500 0.039062
1 0.479687 0.583008 0.062500 0.037109
