2 0.912500 0.663086 0.056250 0.029297
2 0.969531 0.664062 0.060937 0.031250
2 0.972656 0.634766 0.054688 0.031250
3 0.853906 0.662109 0.060937 0.031250
2 0.733594 0.861328 0.057813 0.031250
3 0.795312 0.827148 0.059375 0.037109
3 0.792969 0.861328 0.057813 0.035156
2 0.799219 0.794922 0.060937 0.035156
3 0.857031 0.630859 0.060937 0.035156
3 0.612500 0.653320 0.059375 0.033203
3 0.916406 0.832031 0.060937 0.031250
3 0.798438 0.625977 0.059375 0.033203
3 0.856250 0.832031 0.062500 0.031250
3 0.677344 0.828125 0.060937 0.031250
3 0.921094 0.800781 0.060937 0.031250
3 0.860938 0.798828 0.059375 0.035156
3 0.673438 0.858398 0.059375 0.029297
2 0.735938 0.828125 0.062500 0.031250
3 0.678906 0.794922 0.064062 0.035156
3 0.917188 0.630859 0.059375 0.031250
3 0.733594 0.657227 0.060937 0.037109
3 0.794531 0.656250 0.060937 0.035156
3 0.910937 0.865234 0.056250 0.031250
3 0.673438 0.654297 0.062500 0.031250
3 0.736719 0.795898 0.060937 0.033203
2 0.896094 0.017578 0.060937 0.031250
3 0.774219 0.046875 0.060937 0.035156
3 0.925000 0.180664 0.059375 0.037109
3 0.852344 0.866211 0.060937 0.029297
3 0.746875 0.244141 0.059375 0.035156
2 0.739062 0.587891 0.062500 0.035156
3 0.714844 0.378906 0.060937 0.039062
3 0.803906 0.246094 0.057813 0.039062
3 0.654687 0.375000 0.059375 0.035156
3 0.747656 0.206055 0.060937 0.037109
3 0.562500 0.199219 0.062500 0.035156
3 0.774219 0.417969 0.060937 0.039062
3 0.775000 0.380859 0.059375 0.039062
2 0.595313 0.035156 0.062500 0.035156
3 0.689063 0.166016 0.062500 0.039062
3 0.807813 0.172852 0.062500 0.037109
3 0.865625 0.178711 0.056250 0.033203
3 0.924219 0.217773 0.060937 0.037109
3 0.894531 0.423828 0.060937 0.031250
3 0.835156 0.420898 0.057813 0.037109
3 0.895312 0.387695 0.062500 0.037109
3 0.919531 0.598633 0.057813 0.037109
0 0.972656 0.599609 0.054688 0.035156
3 0.714063 0.414062 0.062500 0.035156
3 0.739062 0.622070 0.062500 0.033203
3 0.614844 0.618164 0.060937 0.033203
2 0.893750 0.052734 0.059375 0.035156
2 0.676562 0.622070 0.062500 0.033203
3 0.592969 0.409180 0.060937 0.037109
2 0.625000 0.203125 0.062500 0.035156
2 0.956250 0.424805 0.059375 0.037109
3 0.889844 0.457031 0.060937 0.035156
3 0.617969 0.582031 0.060937 0.035156
2 0.685937 0.204102 0.062500 0.037109
3 0.957031 0.387695 0.060937 0.041016
2 0.749219 0.170898 0.064062 0.037109
3 0.834375 0.383789 0.059375 0.037109
1 0.951562 0.458984 0.059375 0.039062
3 0.714063 0.043945 0.059375 0.037109
2 0.834375 0.049805 0.059375 0.037109
3 0.864062 0.213867 0.059375 0.037109
3 0.591406 0.444336 0.060937 0.037109
3 0.771094 0.452148 0.060937 0.037109
3 0.623437 0.238281 0.062500 0.035156
2 0.835938 0.016602 0.059375 0.033203
3 0.679688 0.586914 0.062500 0.037109
3 0.564063 0.161133 0.062500 0.041016
3 0.711719 0.449219 0.057813 0.035156
3 0.561719 0.235352 0.060937 0.037109
3 0.860938 0.595703 0.065625 0.035156
3 0.685156 0.240234 0.064062 0.035156
3 0.922656 0.253906 0.060937 0.035156
2 0.957031 0.019531 0.060937 0.039062
3 0.534375 0.029297 0.059375 0.039062
3 0.652344 0.446289 0.060937 0.037109
2 0.654687 0.038086 0.059375 0.037109
3 0.595313 0.372070 0.059375 0.037109
3 0.831250 0.456055 0.059375 0.033203
2 0.953906 0.057617 0.060937 0.037109
3 0.653906 0.410156 0.060937 0.035156
3 0.861719 0.250977 0.057813 0.037109
3 0.776563 0.014648 0.059375 0.029297
3 0.800781 0.591797 0.060937 0.035156
3 0.806250 0.210938 0.062500 0.035156
3 0.626563 0.164062 0.062500 0.042969
