2 0.969531 0.704102 0.026562 0.076172
2 0.971875 0.777344 0.028125 0.074219
2 0.942969 0.779297 0.026562 0.078125
1 0.915625 0.781250 0.028125 0.074219
2 0.887500 0.781250 0.031250 0.074219
2 0.971875 0.848633 0.028125 0.072266
2 0.944531 0.852539 0.029687 0.072266
2 0.916406 0.852539 0.029687 0.076172
2 0.889844 0.854492 0.029687 0.072266
2 0.832812 0.860352 0.028125 0.072266
1 0.861719 0.859375 0.029687 0.074219
2 0.803125 0.860352 0.028125 0.068359
1 0.974219 0.921875 0.029687 0.074219
2 0.946094 0.923828 0.026562 0.074219
2 0.890625 0.926758 0.028125 0.076172
2 0.917188 0.925781 0.028125 0.074219
2 0.835156 0.930664 0.029687 0.076172
2 0.862500 0.929688 0.031250 0.078125
1 0.806250 0.931641 0.031250 0.074219
