2 0.146875 0.151367 0.093750 0.056641
2 0.147656 0.253906 0.095312 0.054688
2 0.147656 0.355469 0.095312 0.054688
2 0.148438 0.458008 0.096875 0.052734
2 0.148438 0.556641 0.096875 0.050781
2 0.148438 0.052734 0.096875 0.058594
4 0.151562 0.661133 0.100000 0.048828
4 0.152344 0.757812 0.098437 0.050781
2 0.153906 0.855469 0.098437 0.046875
2 0.156250 0.955078 0.100000 0.046875
2 0.241406 0.354492 0.095312 0.052734
2 0.242188 0.149414 0.096875 0.056641
2 0.242969 0.250000 0.095312 0.054688
2 0.242969 0.046875 0.095312 0.058594
2 0.242969 0.456055 0.098437 0.052734
2 0.245312 0.556641 0.096875 0.050781
2 0.246094 0.659180 0.098437 0.048828
4 0.246094 0.757812 0.098437 0.050781
2 0.249219 0.855469 0.098437 0.046875
2 0.251563 0.956055 0.096875 0.044922
2 0.337500 0.042969 0.096875 0.058594
2 0.338281 0.146484 0.095312 0.054688
2 0.339062 0.247070 0.096875 0.052734
2 0.338281 0.350586 0.098437 0.052734
4 0.339844 0.454102 0.098437 0.052734
2 0.341406 0.554688 0.095312 0.050781
4 0.343750 0.659180 0.096875 0.052734
2 0.344531 0.856445 0.101562 0.044922
4 0.345313 0.757812 0.096875 0.050781
2 0.346875 0.956055 0.096875 0.044922
2 0.433594 0.038086 0.098437 0.056641
4 0.434375 0.145508 0.096875 0.056641
2 0.436719 0.247070 0.098437 0.052734
2 0.435937 0.349609 0.096875 0.054688
4 0.437500 0.452148 0.096875 0.052734
2 0.439063 0.553711 0.096875 0.052734
0 0.439844 0.655273 0.098437 0.048828
4 0.441406 0.754883 0.095312 0.052734
2 0.440625 0.856445 0.096875 0.044922
2 0.443750 0.953125 0.096875 0.046875
2 0.530469 0.037109 0.095312 0.058594
4 0.531250 0.144531 0.096875 0.054688
2 0.532813 0.347656 0.096875 0.054688
2 0.534375 0.243164 0.096875 0.056641
2 0.535156 0.450195 0.098437 0.052734
2 0.535937 0.552734 0.096875 0.054688
4 0.536719 0.653320 0.095312 0.052734
2 0.537500 0.853516 0.096875 0.046875
2 0.537500 0.752930 0.096875 0.048828
2 0.538281 0.952148 0.095312 0.048828
