3 0.885156 0.546875 0.054688 0.035156
3 0.946094 0.545898 0.060937 0.037109
3 0.951562 0.412109 0.059375 0.039062
3 0.892969 0.410156 0.060937 0.039062
3 0.835938 0.407227 0.056250 0.033203
3 0.957812 0.374023 0.062500 0.037109
3 0.839063 0.372070 0.059375 0.041016
3 0.897656 0.373047 0.060937 0.039062
3 0.900781 0.339844 0.060937 0.035156
3 0.960156 0.341797 0.060937 0.035156
3 0.842187 0.337891 0.062500 0.035156
2 0.966406 0.212891 0.060937 0.039062
3 0.905469 0.207031 0.064062 0.035156
3 0.845313 0.205078 0.059375 0.039062
3 0.784375 0.201172 0.059375 0.039062
3 0.728125 0.196289 0.059375 0.041016
2 0.970313 0.176758 0.059375 0.033203
3 0.910937 0.170898 0.062500 0.037109
3 0.850000 0.166016 0.062500 0.039062
3 0.789062 0.160156 0.059375 0.039062
3 0.730469 0.156250 0.057813 0.035156
3 0.970313 0.141602 0.059375 0.037109
3 0.911719 0.133789 0.060937 0.041016
3 0.853906 0.131836 0.057813 0.037109
3 0.792969 0.127930 0.064062 0.037109
3 0.733594 0.121094 0.054688 0.035156
3 0.918750 0.983398 0.062500 0.033203
3 0.914844 0.816406 0.060937 0.031250
3 0.920312 0.784180 0.059375 0.033203
3 0.926562 0.752930 0.056250 0.029297
3 0.877344 0.616211 0.057813 0.029297
3 0.935156 0.615234 0.057813 0.031250
3 0.880469 0.582031 0.060937 0.035156
3 0.940625 0.580078 0.062500 0.035156
3 0.923438 0.954102 0.059375 0.033203
