2 0.403906 0.885742 0.029687 0.076172
3 0.539062 0.756836 0.031250 0.080078
3 0.541406 0.833008 0.032813 0.080078
3 0.708594 0.792969 0.023438 0.074219
3 0.709375 0.868164 0.025000 0.076172
2 0.733594 0.864258 0.023438 0.076172
2 0.735156 0.938477 0.023438 0.076172
2 0.735938 0.987305 0.025000 0.025391
2 0.709375 0.990234 0.025000 0.019531
3 0.732031 0.714844 0.026562 0.078125
2 0.710938 0.945312 0.025000 0.078125
3 0.731250 0.790039 0.025000 0.076172
3 0.542969 0.910156 0.032813 0.082031
3 0.598437 0.900391 0.031250 0.082031
2 0.872656 0.964844 0.029687 0.070312
3 0.706250 0.716797 0.025000 0.074219
3 0.600000 0.967773 0.028125 0.064453
3 0.870313 0.898438 0.028125 0.078125
3 0.870313 0.748047 0.028125 0.078125
3 0.870313 0.822266 0.028125 0.078125
3 0.545312 0.974609 0.028125 0.050781
3 0.571875 0.907227 0.031250 0.076172
3 0.591406 0.678711 0.032813 0.080078
3 0.593750 0.829102 0.031250 0.080078
3 0.564844 0.681641 0.032813 0.074219
3 0.571875 0.970703 0.028125 0.058594
3 0.565625 0.756836 0.034375 0.080078
3 0.566406 0.831055 0.029687 0.080078
3 0.405469 0.958984 0.029687 0.078125
3 0.425000 0.655273 0.028125 0.076172
2 0.427344 0.729492 0.026562 0.076172
3 0.435156 0.957031 0.029687 0.078125
3 0.537500 0.685547 0.031250 0.078125
2 0.429688 0.805664 0.028125 0.076172
3 0.432812 0.880859 0.031250 0.078125
2 0.403125 0.809570 0.028125 0.076172
3 0.399219 0.656250 0.026562 0.078125
2 0.400781 0.735352 0.026562 0.076172
2 0.376563 0.889648 0.031250 0.076172
2 0.378125 0.962891 0.028125 0.074219
3 0.754687 0.711914 0.028125 0.072266
3 0.241406 0.922852 0.026562 0.076172
3 0.372656 0.737305 0.029687 0.076172
3 0.374219 0.813477 0.029687 0.076172
3 0.245312 0.979492 0.031250 0.041016
3 0.371094 0.662109 0.029687 0.078125
3 0.268750 0.917969 0.031250 0.078125
3 0.272656 0.976562 0.029687 0.046875
3 0.757031 0.785156 0.026562 0.074219
2 0.113281 0.975586 0.026562 0.048828
3 0.214062 0.926758 0.031250 0.076172
3 0.217188 0.981445 0.031250 0.037109
3 0.758594 0.860352 0.026562 0.072266
3 0.112500 0.913086 0.025000 0.072266
3 0.759375 0.932617 0.025000 0.076172
3 0.760156 0.984375 0.026562 0.031250
