2 0.746094 0.384766 0.054688 0.039062
2 0.851562 0.762695 0.059375 0.037109
2 0.798438 0.652344 0.059375 0.039062
2 0.730469 0.832031 0.054688 0.042969
2 0.802344 0.461914 0.057813 0.037109
2 0.742188 0.460938 0.062500 0.039062
2 0.846875 0.834961 0.056250 0.037109
2 0.683594 0.457031 0.054688 0.042969
2 0.738281 0.609375 0.060937 0.039062
2 0.792188 0.797852 0.056250 0.041016
2 0.740625 0.572266 0.062500 0.039062
2 0.864844 0.391602 0.060937 0.041016
2 0.742969 0.498047 0.060937 0.042969
2 0.863281 0.429688 0.060937 0.039062
2 0.795312 0.722656 0.059375 0.039062
2 0.860156 0.503906 0.060937 0.039062
2 0.733594 0.793945 0.060937 0.037109
1 0.804688 0.352539 0.059375 0.037109
1 0.798438 0.615234 0.059375 0.042969
1 0.682031 0.495117 0.057813 0.041016
1 0.857812 0.615234 0.059375 0.042969
2 0.853906 0.723633 0.060937 0.037109
4 0.786719 0.869141 0.060937 0.031250
1 0.745313 0.422852 0.056250 0.041016
2 0.735938 0.684570 0.059375 0.041016
2 0.747656 0.348633 0.054688 0.037109
1 0.800000 0.574219 0.056250 0.039062
4 0.728125 0.867188 0.056250 0.035156
1 0.854688 0.654297 0.059375 0.035156
2 0.734375 0.719727 0.059375 0.041016
2 0.800781 0.538086 0.054688 0.037109
2 0.801562 0.500977 0.056250 0.041016
4 0.846875 0.869141 0.056250 0.031250
2 0.859375 0.541016 0.059375 0.039062
2 0.796094 0.687500 0.057813 0.039062
2 0.804688 0.387695 0.062500 0.037109
2 0.738281 0.647461 0.060937 0.041016
2 0.742188 0.536133 0.065625 0.037109
2 0.793750 0.759766 0.056250 0.039062
2 0.680469 0.566406 0.057813 0.042969
2 0.878125 0.984375 0.043750 0.031250
2 0.804688 0.424805 0.059375 0.037109
2 0.864062 0.355469 0.059375 0.039062
1 0.834375 0.980469 0.046875 0.035156
2 0.680469 0.532227 0.057813 0.037109
2 0.679688 0.604492 0.056250 0.041016
2 0.859375 0.577148 0.059375 0.041016
2 0.863281 0.466797 0.057813 0.039062
2 0.734375 0.757812 0.062500 0.039062
2 0.789844 0.835938 0.064062 0.039062
2 0.849219 0.798828 0.057813 0.035156
2 0.853906 0.689453 0.057813 0.035156
2 0.617969 0.639648 0.064062 0.041016
4 0.669531 0.860352 0.060937 0.037109
2 0.676562 0.715820 0.059375 0.041016
2 0.489844 0.852539 0.060937 0.033203
2 0.553125 0.821289 0.065625 0.037109
2 0.672656 0.993164 0.060937 0.013672
2 0.557031 0.671875 0.057813 0.039062
2 0.620313 0.602539 0.062500 0.041016
2 0.614844 0.751953 0.060937 0.039062
2 0.618750 0.676758 0.062500 0.041016
2 0.678125 0.642578 0.056250 0.039062
2 0.611719 0.823242 0.057813 0.037109
2 0.608594 0.858398 0.057813 0.037109
2 0.675000 0.751953 0.059375 0.035156
2 0.672656 0.828125 0.064062 0.042969
2 0.615625 0.713867 0.062500 0.041016
4 0.550781 0.855469 0.057813 0.035156
2 0.617188 0.992188 0.053125 0.015625
2 0.613281 0.786133 0.060937 0.037109
2 0.565625 0.991211 0.053125 0.017578
2 0.564844 0.965820 0.051562 0.033203
2 0.620313 0.564453 0.059375 0.039062
2 0.674219 0.972656 0.057813 0.031250
2 0.617188 0.967773 0.056250 0.033203
2 0.556250 0.711914 0.062500 0.041016
2 0.677344 0.675781 0.054688 0.039062
2 0.491406 0.783203 0.054688 0.042969
2 0.555469 0.750000 0.064062 0.035156
2 0.490625 0.819336 0.059375 0.041016
2 0.550781 0.783203 0.064062 0.039062
2 0.675000 0.790039 0.059375 0.041016
