2 0.734375 0.905273 0.062500 0.037109
2 0.733594 0.832031 0.060937 0.039062
4 0.732812 0.972656 0.059375 0.035156
2 0.732812 0.941406 0.059375 0.035156
2 0.732812 0.868164 0.059375 0.041016
2 0.732031 0.792969 0.057813 0.035156
2 0.730469 0.757812 0.057813 0.039062
2 0.728125 0.720703 0.059375 0.039062
2 0.728125 0.681641 0.059375 0.039062
2 0.726562 0.645508 0.059375 0.037109
2 0.724219 0.607422 0.057813 0.039062
2 0.721875 0.571289 0.059375 0.037109
2 0.721875 0.534180 0.059375 0.041016
2 0.720313 0.461914 0.056250 0.037109
2 0.719531 0.498047 0.057813 0.039062
1 0.675000 0.978516 0.059375 0.035156
2 0.675000 0.943359 0.056250 0.039062
2 0.674219 0.907227 0.057813 0.037109
2 0.674219 0.870117 0.060937 0.037109
2 0.671875 0.833008 0.059375 0.037109
2 0.672656 0.797852 0.060937 0.037109
2 0.670312 0.759766 0.059375 0.039062
2 0.668750 0.723633 0.059375 0.037109
2 0.667969 0.686523 0.060937 0.037109
2 0.665625 0.650391 0.062500 0.039062
2 0.664844 0.611328 0.060937 0.039062
2 0.664062 0.575195 0.059375 0.037109
2 0.662500 0.540039 0.059375 0.037109
2 0.661719 0.501953 0.060937 0.039062
2 0.660937 0.464844 0.059375 0.039062
2 0.616406 0.911133 0.060937 0.037109
4 0.617188 0.982422 0.059375 0.031250
2 0.616406 0.949219 0.060937 0.039062
2 0.614062 0.877930 0.059375 0.037109
2 0.613281 0.841797 0.057813 0.039062
2 0.612500 0.803711 0.059375 0.037109
2 0.610938 0.767578 0.059375 0.039062
2 0.610156 0.730469 0.057813 0.039062
2 0.607031 0.690430 0.060937 0.041016
2 0.605469 0.654297 0.057813 0.035156
2 0.603906 0.618164 0.060937 0.037109
2 0.603906 0.581055 0.060937 0.037109
2 0.603906 0.542969 0.057813 0.039062
2 0.603125 0.506836 0.059375 0.037109
2 0.601562 0.468750 0.059375 0.035156
1 0.557031 0.985352 0.057813 0.029297
2 0.361719 0.559570 0.060937 0.037109
2 0.360938 0.521484 0.059375 0.039062
2 0.360156 0.485352 0.057813 0.037109
2 0.843750 0.638672 0.062500 0.039062
2 0.841406 0.601562 0.057813 0.039062
4 0.318750 0.993164 0.065625 0.013672
1 0.317969 0.967773 0.064062 0.037109
2 0.318750 0.932617 0.062500 0.041016
2 0.317188 0.895508 0.059375 0.037109
2 0.315625 0.859375 0.059375 0.039062
2 0.314063 0.822266 0.059375 0.039062
2 0.311719 0.785156 0.060937 0.039062
2 0.310937 0.748047 0.059375 0.042969
2 0.307812 0.712891 0.059375 0.039062
2 0.839844 0.563477 0.057813 0.037109
2 0.306250 0.675781 0.059375 0.042969
2 0.304688 0.638672 0.059375 0.039062
2 0.303906 0.599609 0.057813 0.039062
2 0.303906 0.563477 0.057813 0.041016
2 0.300781 0.525391 0.060937 0.039062
2 0.300000 0.488281 0.062500 0.035156
2 0.839063 0.526367 0.059375 0.041016
2 0.836719 0.490234 0.057813 0.039062
4 0.261719 0.993164 0.051562 0.013672
2 0.259375 0.972656 0.053125 0.035156
2 0.258594 0.935547 0.054688 0.039062
2 0.257031 0.898438 0.057813 0.039062
2 0.256250 0.861328 0.059375 0.039062
2 0.254688 0.825195 0.059375 0.041016
2 0.253125 0.787109 0.056250 0.039062
2 0.251563 0.749023 0.059375 0.044922
2 0.250000 0.715820 0.059375 0.041016
2 0.247656 0.678711 0.054688 0.041016
2 0.245312 0.640625 0.059375 0.039062
2 0.245312 0.603516 0.059375 0.039062
1 0.833594 0.456055 0.060937 0.037109
2 0.242188 0.565430 0.059375 0.041016
2 0.240625 0.530273 0.056250 0.041016
2 0.239844 0.495117 0.057813 0.037109
4 0.206250 0.995117 0.056250 0.009766
2 0.207031 0.972656 0.054688 0.035156
2 0.205469 0.938477 0.054688 0.037109
2 0.202344 0.902344 0.054688 0.039062
2 0.199219 0.864258 0.057813 0.037109
2 0.196875 0.829102 0.056250 0.037109
2 0.194531 0.791992 0.057813 0.037109
2 0.192969 0.754883 0.057813 0.037109
2 0.190625 0.718750 0.059375 0.039062
2 0.188281 0.682617 0.057813 0.041016
2 0.186719 0.644531 0.057813 0.042969
2 0.185938 0.607422 0.059375 0.042969
2 0.182812 0.569336 0.059375 0.041016
2 0.181250 0.533203 0.059375 0.042969
2 0.179688 0.497070 0.059375 0.041016
2 0.146094 0.903320 0.057813 0.037109
1 0.142969 0.868164 0.054688 0.037109
1 0.140625 0.833008 0.056250 0.041016
1 0.139063 0.792969 0.053125 0.035156
2 0.136719 0.756836 0.051562 0.037109
2 0.135937 0.719727 0.046875 0.037109
2 0.135156 0.682617 0.048438 0.037109
2 0.133594 0.645508 0.048438 0.037109
2 0.132031 0.608398 0.048438 0.037109
2 0.129688 0.572266 0.046875 0.039062
2 0.128125 0.536133 0.046875 0.037109
2 0.557813 0.953125 0.059375 0.039062
2 0.554688 0.916992 0.059375 0.037109
2 0.554688 0.879883 0.059375 0.037109
2 0.554688 0.843750 0.059375 0.039062
2 0.552344 0.806641 0.057813 0.035156
2 0.550781 0.772461 0.060937 0.041016
2 0.550000 0.733398 0.059375 0.037109
2 0.547656 0.695312 0.057813 0.039062
2 0.546094 0.657227 0.060937 0.037109
2 0.545312 0.621094 0.059375 0.039062
2 0.543750 0.582031 0.059375 0.035156
2 0.542969 0.546875 0.060937 0.039062
2 0.542188 0.508789 0.062500 0.041016
2 0.541406 0.474609 0.060937 0.039062
1 0.498437 0.987305 0.059375 0.025391
1 0.498437 0.958008 0.059375 0.037109
2 0.496094 0.921875 0.060937 0.039062
2 0.495312 0.885742 0.059375 0.041016
2 0.493750 0.847656 0.062500 0.039062
2 0.492188 0.812500 0.062500 0.035156
2 0.491406 0.775391 0.060937 0.039062
2 0.489063 0.736328 0.062500 0.039062
2 0.488281 0.701172 0.060937 0.039062
2 0.485938 0.663086 0.059375 0.037109
2 0.485938 0.625977 0.062500 0.041016
2 0.484375 0.589844 0.062500 0.039062
2 0.481250 0.551758 0.062500 0.041016
2 0.479687 0.513672 0.062500 0.039062
2 0.480469 0.478516 0.060937 0.035156
4 0.438281 0.989258 0.060937 0.021484
2 0.437500 0.889648 0.059375 0.037109
2 0.438281 0.961914 0.060937 0.037109
2 0.437500 0.926758 0.059375 0.037109
2 0.435156 0.853516 0.060937 0.039062
2 0.432812 0.815430 0.059375 0.037109
2 0.851562 0.929688 0.059375 0.035156
2 0.430469 0.781250 0.060937 0.039062
2 0.428906 0.743164 0.060937 0.041016
2 0.428125 0.705078 0.059375 0.039062
2 0.425781 0.668945 0.060937 0.041016
2 0.425781 0.631836 0.057813 0.041016
2 0.424219 0.592773 0.057813 0.041016
2 0.422656 0.553711 0.057813 0.041016
2 0.421094 0.518555 0.057813 0.041016
2 0.419531 0.482422 0.060937 0.039062
2 0.850000 0.893555 0.059375 0.037109
2 0.850781 0.856445 0.057813 0.037109
4 0.850000 0.963867 0.059375 0.033203
2 0.849219 0.821289 0.057813 0.037109
1 0.846875 0.784180 0.059375 0.037109
2 0.379688 0.929688 0.059375 0.039062
2 0.380469 0.991211 0.057813 0.017578
2 0.380469 0.965820 0.057813 0.037109
2 0.377344 0.890625 0.060937 0.039062
2 0.375000 0.856445 0.059375 0.037109
2 0.372656 0.819336 0.060937 0.037109
2 0.370312 0.783203 0.059375 0.039062
2 0.370312 0.745117 0.059375 0.037109
2 0.846094 0.748047 0.057813 0.035156
2 0.846094 0.711914 0.060937 0.041016
2 0.846875 0.675781 0.062500 0.035156
2 0.368750 0.708984 0.059375 0.039062
2 0.366406 0.669922 0.060937 0.039062
2 0.365625 0.632812 0.062500 0.039062
2 0.364063 0.595703 0.062500 0.039062
0 0.125781 0.498047 0.048438 0.035156
2 0.792969 0.863281 0.054688 0.039062
2 0.791406 0.899414 0.054688 0.037109
4 0.791406 0.967773 0.057813 0.037109
2 0.791406 0.935547 0.057813 0.039062
1 0.789844 0.826172 0.054688 0.042969
2 0.789062 0.790039 0.059375 0.037109
2 0.788281 0.755859 0.057813 0.039062
2 0.786719 0.717773 0.057813 0.041016
2 0.785156 0.678711 0.057813 0.037109
2 0.783594 0.643555 0.057813 0.041016
2 0.784375 0.605469 0.059375 0.039062
2 0.782813 0.568359 0.059375 0.039062
2 0.779687 0.532227 0.056250 0.041016
2 0.778125 0.494141 0.056250 0.039062
2 0.776563 0.459961 0.056250 0.037109
