2 0.217969 0.512695 0.026562 0.076172
2 0.244531 0.511719 0.032813 0.074219
2 0.273438 0.510742 0.034375 0.068359
2 0.023438 0.490234 0.028125 0.070312
2 0.049219 0.489258 0.026562 0.068359
4 0.215625 0.436523 0.028125 0.072266
2 0.273438 0.436523 0.031250 0.080078
2 0.242969 0.433594 0.029687 0.082031
2 0.300000 0.430664 0.028125 0.080078
2 0.330469 0.429688 0.032813 0.078125
2 0.362500 0.428711 0.031250 0.072266
2 0.021875 0.421875 0.025000 0.066406
2 0.048438 0.420898 0.028125 0.068359
2 0.074219 0.419922 0.026562 0.066406
2 0.127344 0.418945 0.026562 0.064453
2 0.100781 0.417969 0.026562 0.066406
2 0.213281 0.364258 0.029687 0.072266
2 0.241406 0.360352 0.029687 0.072266
2 0.271094 0.358398 0.029687 0.076172
2 0.298438 0.356445 0.031250 0.076172
2 0.328906 0.355469 0.032813 0.078125
2 0.020313 0.354492 0.025000 0.068359
2 0.046875 0.353516 0.025000 0.066406
2 0.072656 0.354492 0.023438 0.068359
2 0.388281 0.352539 0.032813 0.080078
2 0.099219 0.353516 0.026562 0.066406
2 0.125781 0.353516 0.026562 0.070312
2 0.358594 0.351562 0.032813 0.078125
2 0.417969 0.349609 0.032813 0.078125
2 0.448437 0.349609 0.031250 0.074219
4 0.211719 0.288086 0.029687 0.076172
2 0.020313 0.286133 0.025000 0.072266
2 0.043750 0.285156 0.028125 0.074219
2 0.069531 0.286133 0.029687 0.072266
2 0.237500 0.284180 0.034375 0.080078
2 0.096875 0.284180 0.028125 0.076172
2 0.121875 0.282227 0.025000 0.072266
2 0.267969 0.281250 0.032813 0.074219
2 0.298438 0.281250 0.028125 0.074219
2 0.327344 0.279297 0.032813 0.074219
2 0.359375 0.278320 0.031250 0.068359
2 0.385937 0.277344 0.031250 0.070312
2 0.416406 0.275391 0.032813 0.070312
2 0.446875 0.274414 0.034375 0.072266
2 0.474219 0.274414 0.029687 0.072266
1 0.503906 0.272461 0.032813 0.072266
2 0.534375 0.270508 0.034375 0.068359
4 0.206250 0.214844 0.028125 0.070312
2 0.234375 0.211914 0.034375 0.068359
2 0.264844 0.208008 0.029687 0.076172
2 0.293750 0.207031 0.031250 0.078125
2 0.324219 0.207031 0.032813 0.074219
2 0.352344 0.205078 0.032813 0.074219
2 0.382031 0.202148 0.032813 0.076172
2 0.412500 0.202148 0.031250 0.076172
2 0.442188 0.199219 0.031250 0.078125
2 0.471094 0.197266 0.029687 0.082031
2 0.531250 0.197266 0.031250 0.078125
2 0.501563 0.196289 0.034375 0.076172
1 0.561719 0.193359 0.032813 0.070312
2 0.592187 0.192383 0.031250 0.068359
2 0.621094 0.190430 0.029687 0.068359
4 0.204687 0.141602 0.025000 0.076172
2 0.231250 0.137695 0.031250 0.080078
2 0.261719 0.134766 0.032813 0.070312
2 0.292187 0.132812 0.031250 0.070312
2 0.321875 0.130859 0.031250 0.074219
2 0.350000 0.129883 0.031250 0.072266
2 0.378125 0.126953 0.031250 0.074219
1 0.407813 0.126953 0.034375 0.074219
1 0.440625 0.125000 0.031250 0.070312
2 0.469531 0.124023 0.029687 0.068359
2 0.499219 0.123047 0.032813 0.070312
2 0.530469 0.122070 0.029687 0.072266
2 0.560156 0.119141 0.029687 0.074219
2 0.589844 0.119141 0.029687 0.078125
1 0.617969 0.119141 0.029687 0.074219
2 0.088281 0.083984 0.023438 0.058594
1 0.115625 0.082031 0.028125 0.058594
4 0.204687 0.066406 0.025000 0.070312
2 0.232031 0.066406 0.029687 0.070312
2 0.260937 0.063477 0.028125 0.072266
2 0.289844 0.060547 0.029687 0.074219
2 0.321094 0.057617 0.029687 0.076172
2 0.348438 0.057617 0.028125 0.072266
1 0.376563 0.056641 0.028125 0.074219
1 0.407813 0.052734 0.034375 0.074219
2 0.438281 0.050781 0.032813 0.074219
2 0.467187 0.050781 0.031250 0.074219
2 0.496875 0.049805 0.031250 0.076172
2 0.526563 0.045898 0.031250 0.072266
2 0.556250 0.045898 0.031250 0.076172
2 0.586719 0.043945 0.032813 0.076172
2 0.615625 0.044922 0.031250 0.074219
2 0.060937 0.027344 0.025000 0.054688
2 0.111719 0.027344 0.026562 0.054688
