3 0.079687 0.784180 0.059375 0.033203
3 0.073438 0.752930 0.056250 0.029297
3 0.122656 0.616211 0.057813 0.029297
3 0.064844 0.615234 0.057813 0.031250
3 0.119531 0.582031 0.060937 0.035156
3 0.059375 0.580078 0.062500 0.035156
3 0.076563 0.954102 0.059375 0.033203
3 0.114844 0.546875 0.054688 0.035156
3 0.053906 0.545898 0.060937 0.037109
3 0.048438 0.412109 0.059375 0.039062
3 0.107031 0.410156 0.060937 0.039062
3 0.164062 0.407227 0.056250 0.033203
3 0.042188 0.374023 0.062500 0.037109
3 0.160938 0.372070 0.059375 0.041016
3 0.102344 0.373047 0.060937 0.039062
3 0.099219 0.339844 0.060937 0.035156
3 0.039844 0.341797 0.060937 0.035156
2 0.033594 0.212891 0.060937 0.039062
3 0.157812 0.337891 0.062500 0.035156
3 0.094531 0.207031 0.064062 0.035156
3 0.154688 0.205078 0.059375 0.039062
3 0.215625 0.201172 0.059375 0.039062
3 0.271875 0.196289 0.059375 0.041016
2 0.029687 0.176758 0.059375 0.033203
3 0.089063 0.170898 0.062500 0.037109
3 0.150000 0.166016 0.062500 0.039062
3 0.210938 0.160156 0.059375 0.039062
3 0.269531 0.156250 0.057813 0.035156
3 0.029687 0.141602 0.059375 0.037109
3 0.088281 0.133789 0.060937 0.041016
3 0.146094 0.131836 0.057813 0.037109
3 0.207031 0.127930 0.064062 0.037109
3 0.266406 0.121094 0.054688 0.035156
3 0.081250 0.983398 0.062500 0.033203
3 0.085156 0.816406 0.060937 0.031250
