2 0.303906 0.264648 0.060937 0.037109
2 0.365625 0.268555 0.062500 0.037109
2 0.242969 0.259766 0.060937 0.039062
2 0.438281 0.921875 0.060937 0.027344
2 0.045312 0.042969 0.059375 0.039062
2 0.378906 0.918945 0.060937 0.029297
2 0.963281 0.372070 0.057813 0.037109
2 0.904687 0.367188 0.059375 0.039062
1 0.844531 0.366211 0.060937 0.033203
2 0.786719 0.363281 0.060937 0.035156
2 0.303906 0.333984 0.060937 0.039062
2 0.908594 0.333984 0.060937 0.035156
2 0.849219 0.331055 0.060937 0.041016
2 0.727344 0.358398 0.060937 0.033203
2 0.424219 0.341797 0.060937 0.035156
2 0.363281 0.338867 0.060937 0.033203
2 0.967969 0.335938 0.057813 0.035156
1 0.664844 0.353516 0.060937 0.031250
2 0.485156 0.342773 0.060937 0.041016
1 0.605469 0.349609 0.060937 0.035156
2 0.546094 0.347656 0.060937 0.035156
2 0.352344 0.740234 0.060937 0.035156
2 0.895312 0.093750 0.059375 0.039062
2 0.288281 0.092773 0.060937 0.037109
2 0.574219 0.485352 0.060937 0.029297
2 0.086719 0.458008 0.060937 0.037109
2 0.146094 0.460938 0.060937 0.035156
2 0.029687 0.456055 0.059375 0.037109
2 0.513281 0.482422 0.060937 0.035156
2 0.166406 0.047852 0.060937 0.041016
2 0.107031 0.046875 0.060937 0.039062
2 0.207031 0.462891 0.060937 0.035156
2 0.452344 0.477539 0.060937 0.037109
2 0.267969 0.469727 0.060937 0.033203
2 0.389844 0.474609 0.060937 0.035156
2 0.328906 0.471680 0.060937 0.037109
0 0.897656 0.740234 0.060937 0.035156
2 0.818750 0.498047 0.062500 0.035156
2 0.696094 0.491211 0.060937 0.037109
2 0.635938 0.485352 0.062500 0.037109
2 0.147656 0.495117 0.060937 0.033203
2 0.030469 0.490234 0.060937 0.031250
2 0.757031 0.491211 0.060937 0.037109
2 0.089844 0.492188 0.060937 0.031250
2 0.292187 0.739258 0.062500 0.033203
2 0.172656 0.732422 0.060937 0.035156
0 0.112500 0.728516 0.062500 0.035156
2 0.657031 0.727539 0.060937 0.029297
2 0.836719 0.738281 0.060937 0.031250
2 0.232031 0.734375 0.060937 0.035156
2 0.778906 0.735352 0.060937 0.029297
2 0.717969 0.734375 0.064062 0.035156
2 0.683594 0.904297 0.060937 0.031250
2 0.955469 0.742188 0.057813 0.031250
2 0.774219 0.083984 0.057813 0.039062
2 0.655469 0.756836 0.060937 0.033203
2 0.595313 0.753906 0.062500 0.035156
0 0.411719 0.744141 0.057813 0.031250
2 0.535156 0.750977 0.060937 0.033203
1 0.472656 0.748047 0.060937 0.031250
2 0.773438 0.766602 0.062500 0.033203
2 0.048438 0.081055 0.059375 0.037109
2 0.715625 0.763672 0.062500 0.039062
2 0.654687 0.076172 0.062500 0.035156
2 0.714844 0.080078 0.060937 0.035156
2 0.833594 0.769531 0.057813 0.035156
2 0.951562 0.770508 0.059375 0.029297
0 0.891406 0.770508 0.060937 0.029297
0 0.834375 0.089844 0.062500 0.039062
2 0.167969 0.085938 0.060937 0.039062
2 0.139063 0.902344 0.059375 0.031250
2 0.108594 0.084961 0.060937 0.037109
2 0.228125 0.087891 0.059375 0.035156
2 0.080469 0.866211 0.060937 0.029297
2 0.196875 0.876953 0.059375 0.035156
2 0.137500 0.871094 0.059375 0.031250
2 0.622656 0.900391 0.060937 0.031250
2 0.378906 0.887695 0.064062 0.033203
2 0.317969 0.885742 0.057813 0.029297
2 0.198437 0.907227 0.059375 0.029297
2 0.258594 0.880859 0.060937 0.031250
2 0.560937 0.897461 0.062500 0.029297
2 0.440625 0.891602 0.059375 0.029297
2 0.500000 0.897461 0.059375 0.029297
2 0.079687 0.895508 0.059375 0.029297
2 0.318750 0.916016 0.059375 0.027344
2 0.923438 0.913086 0.059375 0.029297
2 0.259375 0.912109 0.062500 0.031250
2 0.863281 0.912109 0.060937 0.027344
2 0.742969 0.907227 0.057813 0.033203
2 0.803906 0.912109 0.060937 0.031250
1 0.082031 0.925781 0.060937 0.031250
2 0.200000 0.935547 0.059375 0.035156
2 0.499219 0.925781 0.060937 0.027344
2 0.682031 0.936523 0.060937 0.033203
2 0.560156 0.926758 0.060937 0.029297
2 0.141406 0.933594 0.057813 0.031250
2 0.621094 0.931641 0.060937 0.031250
2 0.859375 0.940430 0.059375 0.029297
2 0.258594 0.940430 0.060937 0.029297
2 0.742188 0.938477 0.059375 0.029297
2 0.800781 0.941406 0.060937 0.027344
2 0.318750 0.943359 0.059375 0.031250
2 0.788281 0.326172 0.060937 0.039062
2 0.123438 0.324219 0.056250 0.035156
2 0.182812 0.327148 0.062500 0.037109
2 0.242969 0.331055 0.060937 0.037109
2 0.425781 0.307617 0.060937 0.037109
2 0.727344 0.325195 0.060937 0.037109
2 0.364063 0.302734 0.062500 0.035156
2 0.971094 0.301758 0.057813 0.037109
2 0.913281 0.299805 0.060937 0.037109
2 0.671094 0.286133 0.060937 0.037109
2 0.610156 0.281250 0.060937 0.035156
2 0.426563 0.270508 0.062500 0.041016
2 0.547656 0.276367 0.060937 0.037109
2 0.486719 0.273438 0.060937 0.039062
2 0.303125 0.299805 0.059375 0.037109
2 0.121875 0.291016 0.059375 0.035156
2 0.064844 0.289062 0.060937 0.035156
2 0.731250 0.288086 0.062500 0.037109
2 0.853906 0.295898 0.057813 0.041016
0 0.793750 0.291016 0.059375 0.039062
2 0.242969 0.294922 0.060937 0.035156
2 0.182812 0.291992 0.062500 0.033203
2 0.667969 0.319336 0.060937 0.033203
2 0.606250 0.314453 0.059375 0.035156
2 0.546094 0.312500 0.060937 0.035156
2 0.485938 0.310547 0.062500 0.035156
2 0.064844 0.322266 0.060937 0.035156
2 0.208594 0.499023 0.060937 0.037109
0 0.771875 0.121094 0.059375 0.039062
2 0.878125 0.500977 0.059375 0.041016
2 0.954688 0.098633 0.059375 0.037109
1 0.915625 0.974609 0.059375 0.031250
2 0.738281 0.967773 0.060937 0.029297
2 0.855469 0.970703 0.060937 0.031250
2 0.798438 0.967773 0.059375 0.025391
2 0.531250 0.106445 0.059375 0.037109
2 0.110156 0.119141 0.060937 0.035156
2 0.471094 0.103516 0.060937 0.035156
2 0.410156 0.099609 0.060937 0.035156
2 0.050000 0.117188 0.062500 0.039062
2 0.590625 0.112305 0.062500 0.037109
2 0.711719 0.117188 0.060937 0.039062
2 0.652344 0.112305 0.060937 0.033203
2 0.229687 0.124023 0.062500 0.037109
2 0.950000 0.131836 0.059375 0.033203
2 0.167187 0.123047 0.059375 0.035156
2 0.946875 0.168945 0.059375 0.037109
2 0.349219 0.131836 0.060937 0.037109
0 0.832031 0.125000 0.060937 0.039062
0 0.887500 0.163086 0.059375 0.037109
2 0.889844 0.129883 0.060937 0.037109
2 0.288281 0.127930 0.060937 0.037109
2 0.530469 0.141602 0.060937 0.033203
2 0.828906 0.163086 0.060937 0.037109
2 0.470313 0.136719 0.059375 0.035156
2 0.410156 0.134766 0.060937 0.035156
0 0.771094 0.158203 0.060937 0.035156
2 0.589844 0.147461 0.060937 0.033203
2 0.710938 0.152344 0.059375 0.039062
2 0.650781 0.149414 0.060937 0.037109
2 0.182812 0.257812 0.062500 0.035156
2 0.123438 0.256836 0.062500 0.033203
2 0.062500 0.252930 0.059375 0.037109
2 0.938281 0.503906 0.060937 0.035156
2 0.329688 0.504883 0.062500 0.033203
2 0.267969 0.502930 0.060937 0.033203
2 0.695312 0.523438 0.059375 0.031250
2 0.450781 0.512695 0.060937 0.033203
2 0.389844 0.507812 0.060937 0.031250
2 0.228125 0.050781 0.059375 0.039062
2 0.091406 0.523438 0.060937 0.035156
1 0.031250 0.523438 0.062500 0.031250
2 0.511719 0.516602 0.060937 0.033203
2 0.632812 0.520508 0.062500 0.033203
2 0.571094 0.519531 0.064062 0.039062
2 0.150000 0.526367 0.059375 0.037109
2 0.755469 0.525391 0.060937 0.035156
2 0.751563 0.559570 0.062500 0.037109
2 0.329688 0.535156 0.062500 0.035156
2 0.269531 0.534180 0.060937 0.037109
2 0.288281 0.053711 0.060937 0.037109
2 0.816406 0.532227 0.060937 0.037109
0 0.811719 0.564453 0.060937 0.039062
2 0.210938 0.531250 0.062500 0.035156
1 0.692187 0.557617 0.062500 0.037109
2 0.389844 0.540039 0.060937 0.037109
0 0.933594 0.538086 0.060937 0.033203
0 0.876563 0.536133 0.059375 0.033203
0 0.631250 0.555664 0.059375 0.037109
2 0.450000 0.544922 0.059375 0.035156
2 0.572656 0.549805 0.067187 0.041016
2 0.509375 0.546875 0.059375 0.035156
0 0.871094 0.568359 0.060937 0.035156
2 0.471094 0.065430 0.060937 0.037109
2 0.049219 0.660156 0.060937 0.031250
2 0.928906 0.568359 0.060937 0.031250
2 0.410156 0.062500 0.060937 0.039062
1 0.051562 0.726562 0.059375 0.035156
2 0.592969 0.073242 0.060937 0.037109
2 0.535156 0.690430 0.060937 0.033203
2 0.619531 0.960938 0.060937 0.035156
2 0.347656 0.059570 0.060937 0.037109
2 0.474219 0.685547 0.060937 0.031250
2 0.169531 0.669922 0.060937 0.035156
2 0.110156 0.667969 0.060937 0.031250
2 0.531250 0.067383 0.062500 0.037109
2 0.229687 0.675781 0.062500 0.031250
2 0.413281 0.681641 0.060937 0.031250
2 0.353125 0.679688 0.062500 0.035156
2 0.290625 0.675781 0.062500 0.031250
2 0.535156 0.720703 0.060937 0.031250
2 0.228906 0.703125 0.060937 0.027344
0 0.051562 0.693359 0.062500 0.035156
2 0.598437 0.693359 0.062500 0.035156
2 0.658594 0.696289 0.057813 0.037109
2 0.718750 0.702148 0.059375 0.033203
2 0.169531 0.702148 0.060937 0.033203
2 0.111719 0.700195 0.060937 0.033203
2 0.474219 0.715820 0.060937 0.033203
2 0.900000 0.707031 0.059375 0.035156
2 0.841406 0.705078 0.060937 0.035156
2 0.780469 0.705078 0.060937 0.035156
2 0.292187 0.708008 0.062500 0.033203
0 0.413281 0.713867 0.060937 0.033203
2 0.352344 0.710938 0.060937 0.035156
2 0.960156 0.708984 0.060937 0.035156
2 0.559375 0.958008 0.059375 0.033203
2 0.349219 0.095703 0.060937 0.035156
2 0.440625 0.951172 0.059375 0.031250
2 0.379688 0.947266 0.062500 0.031250
2 0.595313 0.725586 0.062500 0.029297
2 0.920312 0.943359 0.059375 0.031250
1 0.500781 0.953125 0.060937 0.031250
0 0.679688 0.964844 0.059375 0.031250
