0 0.659375 0.140625 0.025000 0.074219
0 0.661719 0.216797 0.023438 0.074219
2 0.663281 0.291016 0.023438 0.074219
2 0.664844 0.367188 0.023438 0.074219
2 0.675781 0.014648 0.026562 0.029297
2 0.680469 0.067383 0.026562 0.076172
2 0.315625 0.463867 0.031250 0.072266
2 0.317969 0.538086 0.032813 0.072266
2 0.342969 0.459961 0.029687 0.072266
2 0.333594 0.159180 0.026562 0.072266
2 0.335156 0.234375 0.029687 0.074219
2 0.337500 0.309570 0.028125 0.076172
2 0.340625 0.384766 0.028125 0.074219
1 0.312500 0.386719 0.031250 0.074219
2 0.321094 0.613281 0.029687 0.074219
0 0.327344 0.022461 0.026562 0.044922
2 0.329688 0.083984 0.028125 0.074219
2 0.309375 0.310547 0.031250 0.074219
2 0.354687 0.022461 0.028125 0.044922
2 0.357031 0.084961 0.029687 0.072266
2 0.349219 0.611328 0.029687 0.070312
2 0.527344 0.342773 0.029687 0.076172
2 0.528906 0.417969 0.029687 0.074219
2 0.531250 0.491211 0.028125 0.072266
2 0.628125 0.064453 0.028125 0.074219
2 0.625781 0.012695 0.026562 0.025391
2 0.651563 0.013672 0.028125 0.027344
2 0.653906 0.065430 0.026562 0.076172
2 0.632812 0.140625 0.028125 0.074219
2 0.640625 0.367188 0.028125 0.074219
2 0.636719 0.216797 0.029687 0.074219
1 0.636719 0.292969 0.029687 0.074219
2 0.520312 0.117188 0.028125 0.074219
2 0.523438 0.191406 0.028125 0.074219
2 0.524219 0.267578 0.029687 0.074219
2 0.503125 0.419922 0.028125 0.074219
2 0.504687 0.496094 0.028125 0.074219
2 0.516406 0.041016 0.029687 0.074219
2 0.301563 0.083984 0.034375 0.074219
2 0.492969 0.117188 0.026562 0.074219
2 0.500781 0.343750 0.026562 0.074219
1 0.360156 0.159180 0.029687 0.072266
2 0.489844 0.041016 0.026562 0.074219
2 0.362500 0.234375 0.031250 0.074219
2 0.365625 0.310547 0.031250 0.074219
2 0.462500 0.040039 0.031250 0.076172
2 0.464062 0.117188 0.031250 0.074219
2 0.467187 0.192383 0.028125 0.072266
2 0.474219 0.420898 0.029687 0.076172
2 0.468750 0.267578 0.028125 0.074219
2 0.845313 0.144531 0.025000 0.074219
2 0.848437 0.216797 0.025000 0.074219
2 0.850000 0.290039 0.025000 0.072266
0 0.375781 0.607422 0.026562 0.070312
2 0.367969 0.384766 0.029687 0.074219
0 0.371094 0.458008 0.026562 0.072266
2 0.374219 0.534180 0.026562 0.072266
0 0.303906 0.158203 0.032813 0.074219
2 0.306250 0.234375 0.031250 0.074219
0 0.839063 0.014648 0.028125 0.029297
1 0.346875 0.536133 0.028125 0.072266
2 0.478125 0.497070 0.028125 0.076172
1 0.471875 0.343750 0.031250 0.078125
2 0.495312 0.191406 0.028125 0.074219
2 0.496875 0.267578 0.028125 0.074219
0 0.201563 0.279297 0.031250 0.074219
2 0.204687 0.353516 0.028125 0.074219
2 0.205469 0.429688 0.029687 0.070312
2 0.209375 0.502930 0.025000 0.072266
2 0.685937 0.216797 0.025000 0.074219
2 0.210938 0.576172 0.028125 0.070312
2 0.685937 0.291016 0.028125 0.074219
2 0.689844 0.366211 0.023438 0.072266
2 0.214844 0.650391 0.026562 0.070312
2 0.683594 0.141602 0.026562 0.072266
2 0.839063 0.067383 0.021875 0.072266
2 0.299219 0.022461 0.032813 0.044922
2 0.797656 0.218750 0.029687 0.078125
0 0.825000 0.290039 0.025000 0.072266
2 0.192969 0.053711 0.029687 0.072266
2 0.190625 0.007812 0.028125 0.015625
0 0.194531 0.127930 0.029687 0.076172
2 0.198437 0.203125 0.028125 0.074219
0 0.182031 0.504883 0.029687 0.072266
2 0.183594 0.579102 0.029687 0.072266
2 0.185938 0.655273 0.031250 0.068359
2 0.180469 0.428711 0.026562 0.072266
2 0.166406 0.127930 0.032813 0.076172
0 0.177344 0.353516 0.026562 0.074219
2 0.169531 0.205078 0.029687 0.074219
2 0.173437 0.279297 0.028125 0.074219
2 0.801562 0.291992 0.028125 0.072266
2 0.157812 0.658203 0.028125 0.070312
2 0.146875 0.355469 0.034375 0.074219
2 0.163281 0.052734 0.032813 0.074219
1 0.154688 0.584961 0.031250 0.076172
2 0.149219 0.431641 0.032813 0.074219
2 0.825000 0.216797 0.025000 0.078125
0 0.153906 0.506836 0.032813 0.076172
2 0.816406 0.014648 0.023438 0.029297
2 0.137500 0.128906 0.031250 0.074219
2 0.140625 0.205078 0.034375 0.074219
2 0.143750 0.279297 0.034375 0.074219
2 0.816406 0.067383 0.026562 0.072266
2 0.133594 0.052734 0.029687 0.074219
2 0.821094 0.142578 0.023438 0.074219
2 0.132031 0.007812 0.029687 0.015625
2 0.789844 0.013672 0.029687 0.027344
2 0.791406 0.064453 0.026562 0.074219
2 0.793750 0.140625 0.028125 0.074219
