2 0.806250 0.455078 0.059375 0.039062
2 0.746094 0.458984 0.057813 0.035156
2 0.867188 0.487305 0.059375 0.033203
2 0.685937 0.460938 0.059375 0.035156
2 0.806250 0.491211 0.059375 0.033203
2 0.746875 0.494141 0.059375 0.035156
1 0.625000 0.464844 0.062500 0.039062
2 0.926562 0.485352 0.059375 0.033203
2 0.563281 0.467773 0.060937 0.037109
2 0.502344 0.472656 0.060937 0.035156
2 0.472656 0.342773 0.057813 0.033203
2 0.867969 0.453125 0.060937 0.039062
2 0.950781 0.317383 0.057813 0.033203
0 0.414062 0.344727 0.056250 0.033203
2 0.928125 0.450195 0.059375 0.037109
2 0.726562 0.935547 0.059375 0.031250
2 0.667969 0.937500 0.057813 0.031250
2 0.892969 0.318359 0.057813 0.035156
2 0.784375 0.931641 0.059375 0.031250
2 0.592187 0.334961 0.059375 0.037109
0 0.533594 0.338867 0.057813 0.033203
2 0.832031 0.321289 0.057813 0.037109
2 0.651563 0.332031 0.059375 0.039062
1 0.772656 0.325195 0.057813 0.037109
2 0.712500 0.328125 0.059375 0.039062
2 0.907813 0.862305 0.059375 0.037109
2 0.410938 0.311523 0.056250 0.037109
2 0.968750 0.858398 0.059375 0.037109
2 0.685937 0.496094 0.059375 0.035156
2 0.625000 0.500977 0.059375 0.033203
2 0.564063 0.503906 0.059375 0.035156
2 0.907813 0.689453 0.059375 0.035156
2 0.786719 0.729492 0.057813 0.033203
2 0.726562 0.732422 0.059375 0.031250
2 0.667188 0.732422 0.059375 0.035156
2 0.607031 0.737305 0.057813 0.029297
2 0.847656 0.692383 0.060937 0.033203
2 0.964844 0.716797 0.057813 0.035156
2 0.906250 0.719727 0.059375 0.033203
2 0.846094 0.725586 0.060937 0.033203
0 0.787500 0.699219 0.059375 0.031250
2 0.606250 0.706055 0.059375 0.029297
0 0.726562 0.702148 0.059375 0.029297
2 0.667188 0.704102 0.059375 0.029297
2 0.848437 0.660156 0.059375 0.035156
2 0.967187 0.684570 0.059375 0.037109
2 0.787500 0.666016 0.059375 0.035156
2 0.606250 0.675781 0.059375 0.035156
2 0.726562 0.670898 0.059375 0.037109
1 0.665625 0.670898 0.059375 0.037109
2 0.625781 0.534180 0.060937 0.037109
2 0.565625 0.536133 0.059375 0.037109
2 0.909375 0.657227 0.059375 0.033203
2 0.507031 0.539062 0.057813 0.035156
2 0.968750 0.651367 0.059375 0.033203
2 0.503125 0.505859 0.059375 0.035156
0 0.926562 0.517578 0.059375 0.035156
2 0.867188 0.520508 0.059375 0.037109
2 0.685937 0.530273 0.059375 0.037109
2 0.806250 0.525391 0.059375 0.035156
2 0.746875 0.529297 0.059375 0.035156
2 0.676562 0.054688 0.059375 0.042969
2 0.787500 0.867188 0.059375 0.035156
2 0.857812 0.041992 0.059375 0.037109
2 0.725000 0.872070 0.062500 0.037109
2 0.785937 0.901367 0.059375 0.029297
2 0.972656 0.040039 0.054688 0.041016
2 0.917188 0.040039 0.059375 0.037109
2 0.666406 0.876953 0.057813 0.035156
2 0.846094 0.895508 0.057813 0.033203
2 0.965625 0.889648 0.059375 0.029297
2 0.906250 0.895508 0.059375 0.029297
1 0.471094 0.308594 0.057813 0.035156
2 0.848437 0.864258 0.059375 0.033203
2 0.796875 0.046875 0.059375 0.039062
2 0.557031 0.100586 0.057813 0.033203
0 0.496094 0.102539 0.057813 0.037109
2 0.726562 0.906250 0.062500 0.031250
0 0.494531 0.067383 0.060937 0.041016
2 0.373437 0.072266 0.056250 0.035156
2 0.676562 0.091797 0.059375 0.035156
0 0.617188 0.096680 0.059375 0.033203
2 0.973437 0.077148 0.053125 0.037109
2 0.797656 0.083008 0.060937 0.041016
2 0.735938 0.086914 0.059375 0.037109
2 0.917969 0.077148 0.057813 0.041016
2 0.857812 0.079102 0.059375 0.041016
1 0.432031 0.068359 0.060937 0.039062
2 0.554688 0.061523 0.059375 0.041016
2 0.615625 0.058594 0.059375 0.042969
2 0.735938 0.050781 0.059375 0.042969
0 0.667969 0.906250 0.057813 0.031250
2 0.973437 0.111328 0.053125 0.035156
2 0.916406 0.113281 0.057813 0.035156
2 0.375781 0.107422 0.054688 0.039062
2 0.436719 0.104492 0.057813 0.037109
2 0.857031 0.116211 0.057813 0.037109
2 0.832812 0.287109 0.059375 0.035156
0 0.797656 0.118164 0.060937 0.037109
2 0.737500 0.123047 0.059375 0.035156
2 0.772656 0.291992 0.057813 0.033203
2 0.712500 0.293945 0.059375 0.037109
2 0.652344 0.296875 0.060937 0.035156
2 0.592187 0.300781 0.059375 0.035156
2 0.532031 0.303711 0.057813 0.037109
2 0.497656 0.136719 0.057813 0.031250
2 0.556250 0.131836 0.056250 0.037109
0 0.906250 0.923828 0.059375 0.035156
2 0.617188 0.130859 0.059375 0.035156
2 0.651563 0.261719 0.059375 0.039062
0 0.952344 0.284180 0.057813 0.033203
0 0.892969 0.284180 0.057813 0.033203
1 0.590625 0.265625 0.059375 0.039062
2 0.409375 0.276367 0.059375 0.037109
2 0.528906 0.269531 0.057813 0.039062
2 0.469531 0.272461 0.057813 0.041016
2 0.439063 0.138672 0.056250 0.035156
2 0.712500 0.257812 0.059375 0.039062
2 0.846094 0.923828 0.057813 0.027344
2 0.954688 0.248047 0.059375 0.042969
0 0.773438 0.254883 0.059375 0.041016
2 0.893750 0.249023 0.059375 0.041016
2 0.832812 0.251953 0.059375 0.042969
2 0.379688 0.143555 0.056250 0.033203
2 0.964844 0.918945 0.057813 0.033203
0 0.676562 0.126953 0.059375 0.039062
