2 0.270313 0.476562 0.025000 0.078125
2 0.272656 0.397461 0.026562 0.076172
2 0.275781 0.321289 0.023438 0.076172
2 0.280469 0.245117 0.026562 0.076172
2 0.282813 0.167969 0.025000 0.078125
2 0.283594 0.093750 0.026562 0.074219
2 0.384375 0.406250 0.031250 0.078125
2 0.288281 0.028320 0.026562 0.056641
4 0.366406 0.931641 0.029687 0.074219
2 0.260937 0.028320 0.025000 0.056641
2 0.267969 0.549805 0.026562 0.072266
2 0.553125 0.987305 0.028125 0.025391
2 0.390625 0.253906 0.031250 0.078125
2 0.387500 0.332031 0.034375 0.078125
2 0.446875 0.179688 0.028125 0.078125
2 0.451562 0.101562 0.028125 0.074219
2 0.453906 0.032227 0.026562 0.064453
2 0.855469 0.835938 0.029687 0.074219
0 0.859375 0.765625 0.034375 0.074219
2 0.527344 0.986328 0.026562 0.027344
2 0.552344 0.256836 0.023438 0.072266
2 0.420312 0.868164 0.028125 0.076172
2 0.435156 0.486328 0.029687 0.078125
2 0.436719 0.405273 0.029687 0.080078
2 0.400000 0.033203 0.021875 0.066406
2 0.439063 0.328125 0.028125 0.074219
2 0.443750 0.253906 0.025000 0.074219
2 0.428906 0.638672 0.026562 0.078125
2 0.420312 0.177734 0.025000 0.078125
2 0.852344 0.912109 0.029687 0.074219
2 0.423438 0.791992 0.028125 0.076172
2 0.427344 0.715820 0.029687 0.080078
2 0.423438 0.102539 0.025000 0.076172
2 0.849219 0.972656 0.029687 0.054688
2 0.402344 0.634766 0.026562 0.074219
2 0.417187 0.254883 0.028125 0.080078
2 0.419531 0.943359 0.029687 0.078125
2 0.403906 0.558594 0.026562 0.074219
2 0.414062 0.332031 0.025000 0.078125
2 0.406250 0.485352 0.025000 0.072266
2 0.400781 0.709961 0.026562 0.076172
2 0.396875 0.104492 0.025000 0.072266
2 0.393750 0.178711 0.028125 0.076172
2 0.394531 0.862305 0.026562 0.076172
2 0.396094 0.787109 0.023438 0.074219
2 0.393750 0.935547 0.028125 0.074219
2 0.526563 0.938477 0.028125 0.068359
2 0.528906 0.863281 0.029687 0.074219
2 0.539844 0.638672 0.029687 0.074219
0 0.533594 0.787109 0.032813 0.078125
2 0.536719 0.712891 0.026562 0.074219
2 0.541406 0.561523 0.029687 0.076172
2 0.544531 0.483398 0.029687 0.076172
0 0.863281 0.686523 0.032813 0.076172
2 0.546875 0.409180 0.028125 0.076172
2 0.549219 0.331055 0.026562 0.076172
2 0.374219 0.707031 0.026562 0.074219
2 0.378906 0.482422 0.026562 0.074219
2 0.378125 0.631836 0.025000 0.076172
2 0.377344 0.557617 0.026562 0.076172
4 0.370312 0.783203 0.028125 0.078125
1 0.367969 0.857422 0.026562 0.070312
2 0.409375 0.407227 0.025000 0.080078
2 0.425781 0.034180 0.029687 0.068359
2 0.430469 0.562500 0.026562 0.070312
2 0.749219 0.184570 0.026562 0.076172
2 0.750000 0.870117 0.034375 0.080078
2 0.780469 0.109375 0.029687 0.074219
0 0.582812 0.182617 0.025000 0.072266
2 0.586719 0.869141 0.029687 0.074219
1 0.586719 0.108398 0.029687 0.080078
2 0.782031 0.036133 0.032813 0.072266
2 0.555469 0.181641 0.029687 0.074219
0 0.572656 0.486328 0.029687 0.074219
2 0.582031 0.945312 0.029687 0.078125
2 0.574219 0.409180 0.026562 0.072266
2 0.578906 0.992188 0.029687 0.015625
0 0.577344 0.333984 0.029687 0.078125
2 0.578906 0.258789 0.026562 0.076172
0 0.557031 0.106445 0.026562 0.072266
2 0.566406 0.638672 0.026562 0.074219
2 0.568750 0.562500 0.028125 0.078125
0 0.867188 0.611328 0.031250 0.078125
2 0.557813 0.864258 0.028125 0.076172
2 0.564063 0.713867 0.025000 0.076172
2 0.561719 0.791992 0.023438 0.076172
2 0.561719 0.035156 0.029687 0.070312
2 0.888281 0.766602 0.023438 0.072266
2 0.243750 0.474609 0.025000 0.074219
2 0.258594 0.092773 0.026562 0.072266
2 0.555469 0.936523 0.026562 0.076172
2 0.247656 0.397461 0.023438 0.080078
3 0.257031 0.169922 0.026562 0.078125
3 0.248438 0.320312 0.028125 0.078125
3 0.253906 0.243164 0.026562 0.076172
3 0.220312 0.472656 0.031250 0.078125
3 0.232813 0.094727 0.028125 0.076172
2 0.235156 0.027344 0.026562 0.054688
3 0.241406 0.548828 0.029687 0.074219
2 0.221875 0.396484 0.025000 0.078125
3 0.229687 0.169922 0.028125 0.078125
3 0.224219 0.322266 0.029687 0.074219
3 0.228906 0.247070 0.026562 0.080078
2 0.770312 0.413086 0.028125 0.076172
2 0.772656 0.336914 0.029687 0.076172
2 0.776563 0.186523 0.031250 0.080078
2 0.885938 0.840820 0.028125 0.076172
2 0.775781 0.261719 0.029687 0.074219
2 0.760938 0.642578 0.028125 0.074219
2 0.762500 0.566406 0.028125 0.078125
2 0.767969 0.490234 0.029687 0.078125
0 0.884375 0.028320 0.025000 0.056641
2 0.755469 0.038086 0.029687 0.076172
2 0.757031 0.721680 0.029687 0.080078
2 0.753906 0.794922 0.032813 0.078125
2 0.745313 0.260742 0.028125 0.076172
2 0.744531 0.335938 0.026562 0.078125
2 0.745313 0.945312 0.028125 0.074219
2 0.616406 0.104492 0.029687 0.076172
2 0.709375 0.487305 0.028125 0.080078
2 0.740625 0.413086 0.028125 0.076172
0 0.711719 0.988281 0.029687 0.023438
2 0.735156 0.564453 0.029687 0.078125
2 0.736719 0.489258 0.026562 0.080078
2 0.751563 0.110352 0.028125 0.076172
0 0.881250 0.165039 0.028125 0.076172
1 0.724219 0.038086 0.029687 0.076172
2 0.732031 0.640625 0.029687 0.078125
2 0.725781 0.791016 0.029687 0.078125
2 0.728906 0.715820 0.032813 0.080078
1 0.882812 0.086914 0.025000 0.076172
2 0.881250 0.915039 0.028125 0.072266
2 0.880469 0.975586 0.029687 0.048828
2 0.721094 0.867188 0.029687 0.078125
2 0.721094 0.185547 0.029687 0.078125
2 0.722656 0.109375 0.029687 0.078125
2 0.714063 0.408203 0.028125 0.078125
2 0.719531 0.258789 0.029687 0.080078
2 0.716406 0.337891 0.029687 0.078125
0 0.717969 0.941406 0.029687 0.078125
2 0.873437 0.463867 0.031250 0.076172
2 0.875781 0.387695 0.032813 0.080078
2 0.878906 0.236328 0.029687 0.074219
2 0.697656 0.788086 0.029687 0.076172
2 0.705469 0.561523 0.032813 0.076172
2 0.700000 0.712891 0.031250 0.085938
2 0.701562 0.636719 0.028125 0.082031
2 0.685156 0.986328 0.026562 0.027344
2 0.689063 0.938477 0.025000 0.076172
2 0.692969 0.865234 0.029687 0.085938
2 0.621094 0.033203 0.026562 0.066406
0 0.877344 0.314453 0.032813 0.074219
2 0.607812 0.333984 0.031250 0.078125
2 0.609375 0.257812 0.031250 0.070312
2 0.611719 0.182617 0.029687 0.076172
0 0.603125 0.411133 0.028125 0.072266
2 0.589063 0.793945 0.028125 0.080078
2 0.869531 0.539062 0.032813 0.078125
0 0.599219 0.487305 0.029687 0.080078
2 0.591406 0.033203 0.026562 0.066406
2 0.596875 0.563477 0.031250 0.076172
2 0.591406 0.717773 0.029687 0.076172
0 0.595313 0.640625 0.031250 0.070312
