2 0.056250 0.020508 0.059375 0.041016
3 0.598437 0.021484 0.062500 0.035156
0 0.026562 0.196289 0.053125 0.033203
2 0.099219 0.434570 0.064062 0.041016
3 0.585938 0.435547 0.059375 0.035156
0 0.157031 0.439453 0.064062 0.039062
2 0.217188 0.440430 0.065625 0.041016
3 0.648438 0.440430 0.062500 0.037109
2 0.277344 0.445312 0.064062 0.042969
2 0.709375 0.445312 0.062500 0.039062
2 0.771875 0.449219 0.062500 0.035156
2 0.339844 0.450195 0.060937 0.044922
2 0.400781 0.454102 0.060937 0.044922
3 0.834375 0.455078 0.065625 0.035156
2 0.460156 0.460938 0.060937 0.039062
3 0.523438 0.464844 0.062500 0.042969
3 0.585156 0.468750 0.060937 0.039062
2 0.646094 0.476562 0.060937 0.035156
2 0.709375 0.478516 0.062500 0.039062
3 0.771875 0.485352 0.062500 0.037109
3 0.833594 0.486328 0.064062 0.035156
3 0.538281 0.048828 0.060937 0.039062
3 0.598437 0.055664 0.062500 0.037109
2 0.070312 0.569336 0.056250 0.037109
4 0.128125 0.574219 0.059375 0.039062
2 0.186719 0.579102 0.057813 0.037109
2 0.245312 0.583008 0.059375 0.037109
2 0.304688 0.587891 0.059375 0.039062
2 0.364063 0.593750 0.059375 0.039062
2 0.425781 0.592773 0.060937 0.037109
2 0.486719 0.598633 0.060937 0.033203
2 0.065625 0.603516 0.059375 0.035156
3 0.659375 0.061523 0.059375 0.037109
2 0.546875 0.605469 0.062500 0.039062
2 0.124219 0.608398 0.057813 0.037109
3 0.607812 0.611328 0.062500 0.042969
3 0.670312 0.613281 0.062500 0.039062
2 0.183594 0.615234 0.057813 0.035156
2 0.242969 0.619141 0.060937 0.035156
3 0.730469 0.621094 0.060937 0.039062
3 0.792188 0.624023 0.062500 0.037109
2 0.301563 0.623047 0.059375 0.035156
2 0.361719 0.627930 0.060937 0.033203
3 0.854688 0.627930 0.062500 0.041016
0 0.422656 0.630859 0.060937 0.039062
0 0.485156 0.634766 0.060937 0.039062
2 0.060937 0.640625 0.056250 0.039062
3 0.546094 0.642578 0.064062 0.042969
2 0.119531 0.644531 0.060937 0.039062
3 0.721094 0.064453 0.064062 0.035156
3 0.606250 0.645508 0.062500 0.037109
2 0.180469 0.650391 0.060937 0.035156
3 0.668750 0.651367 0.062500 0.041016
2 0.239063 0.657227 0.059375 0.041016
3 0.730469 0.657227 0.060937 0.037109
2 0.299219 0.659180 0.060937 0.041016
3 0.792969 0.660156 0.064062 0.035156
2 0.360156 0.664062 0.060937 0.039062
3 0.853906 0.666016 0.060937 0.035156
2 0.421094 0.669922 0.060937 0.039062
2 0.482031 0.675781 0.060937 0.039062
3 0.544531 0.678711 0.064062 0.044922
3 0.606250 0.679688 0.062500 0.039062
3 0.781250 0.070312 0.062500 0.035156
3 0.667969 0.686523 0.064062 0.037109
3 0.730469 0.693359 0.060937 0.039062
3 0.791406 0.696289 0.064062 0.037109
2 0.854688 0.702148 0.059375 0.037109
2 0.081250 0.198242 0.062500 0.033203
3 0.624219 0.201172 0.060937 0.035156
2 0.139063 0.204102 0.062500 0.033203
3 0.685937 0.205078 0.062500 0.035156
2 0.200000 0.205078 0.062500 0.031250
2 0.747656 0.205078 0.060937 0.039062
3 0.809375 0.208008 0.062500 0.033203
2 0.259375 0.210938 0.062500 0.035156
2 0.318750 0.211914 0.062500 0.029297
3 0.378906 0.216797 0.060937 0.035156
3 0.439844 0.221680 0.060937 0.033203
3 0.501563 0.227539 0.062500 0.033203
3 0.561719 0.230469 0.060937 0.035156
2 0.023438 0.230469 0.046875 0.035156
3 0.624219 0.234375 0.060937 0.035156
3 0.660156 0.025391 0.060937 0.035156
2 0.075781 0.234375 0.064062 0.035156
2 0.136719 0.237305 0.064062 0.033203
2 0.685156 0.239258 0.060937 0.033203
2 0.196094 0.238281 0.060937 0.035156
2 0.746875 0.241211 0.062500 0.033203
3 0.809375 0.241211 0.062500 0.033203
2 0.255469 0.243164 0.064062 0.037109
3 0.316406 0.245117 0.064062 0.041016
3 0.378906 0.250977 0.064062 0.033203
2 0.111719 0.027344 0.060937 0.039062
3 0.438281 0.255859 0.064062 0.035156
3 0.498437 0.260742 0.062500 0.033203
3 0.560937 0.265625 0.062500 0.035156
2 0.622656 0.270508 0.060937 0.037109
2 0.684375 0.273438 0.062500 0.039062
3 0.746094 0.274414 0.060937 0.033203
3 0.807813 0.279297 0.062500 0.042969
2 0.172656 0.030273 0.060937 0.041016
3 0.721875 0.030273 0.062500 0.033203
2 0.233594 0.032227 0.060937 0.041016
3 0.782813 0.033203 0.059375 0.035156
2 0.292187 0.034180 0.059375 0.044922
0 0.047656 0.362305 0.060937 0.033203
0 0.105469 0.366211 0.060937 0.033203
0 0.165625 0.369141 0.062500 0.035156
2 0.353125 0.037109 0.062500 0.042969
2 0.224219 0.373047 0.060937 0.031250
1 0.284375 0.378906 0.062500 0.031250
2 0.344531 0.384766 0.060937 0.035156
2 0.403906 0.386719 0.060937 0.031250
2 0.414844 0.038086 0.060937 0.044922
2 0.466406 0.392578 0.060937 0.035156
2 0.525781 0.396484 0.060937 0.035156
2 0.044531 0.398438 0.060937 0.035156
2 0.102344 0.399414 0.060937 0.033203
3 0.586719 0.402344 0.060937 0.035156
0 0.161719 0.402344 0.064062 0.035156
2 0.224219 0.405273 0.057813 0.033203
3 0.646875 0.405273 0.059375 0.037109
2 0.281250 0.409180 0.062500 0.029297
3 0.709375 0.411133 0.062500 0.037109
2 0.771094 0.415039 0.060937 0.037109
2 0.342969 0.416016 0.060937 0.031250
3 0.835156 0.418945 0.064062 0.037109
2 0.402344 0.418945 0.060937 0.033203
2 0.463281 0.425781 0.060937 0.031250
3 0.476562 0.043945 0.062500 0.041016
0 0.039062 0.430664 0.062500 0.041016
2 0.525000 0.432617 0.062500 0.033203
1 0.034375 0.768555 0.059375 0.037109
2 0.093750 0.772461 0.059375 0.033203
2 0.150000 0.781250 0.059375 0.039062
2 0.210156 0.786133 0.060937 0.037109
2 0.268750 0.791016 0.059375 0.039062
2 0.328906 0.794922 0.060937 0.039062
2 0.387500 0.799805 0.059375 0.041016
2 0.028906 0.801758 0.057813 0.033203
3 0.447656 0.804688 0.060937 0.039062
2 0.088281 0.804688 0.064062 0.031250
3 0.510156 0.808594 0.060937 0.039062
2 0.146094 0.811523 0.057813 0.041016
3 0.570312 0.812500 0.059375 0.039062
2 0.205469 0.816406 0.060937 0.035156
3 0.632031 0.819336 0.064062 0.041016
2 0.694531 0.822266 0.060937 0.042969
2 0.265625 0.824219 0.059375 0.035156
2 0.755469 0.828125 0.060937 0.042969
2 0.326562 0.832031 0.059375 0.031250
3 0.816406 0.832031 0.060937 0.039062
2 0.386719 0.835938 0.060937 0.039062
2 0.027344 0.837891 0.054688 0.039062
2 0.084375 0.841797 0.062500 0.042969
3 0.446875 0.841797 0.062500 0.039062
3 0.507031 0.847656 0.060937 0.039062
2 0.142969 0.846680 0.060937 0.041016
3 0.571094 0.849609 0.060937 0.039062
2 0.202344 0.854492 0.060937 0.041016
2 0.629687 0.856445 0.062500 0.041016
2 0.263281 0.859375 0.060937 0.042969
2 0.691406 0.860352 0.060937 0.041016
2 0.753125 0.864258 0.062500 0.041016
2 0.321875 0.865234 0.059375 0.039062
3 0.815625 0.869141 0.062500 0.039062
2 0.383594 0.875000 0.060937 0.039062
2 0.444531 0.879883 0.060937 0.033203
2 0.505469 0.884766 0.064062 0.039062
2 0.567187 0.888672 0.062500 0.039062
2 0.629687 0.891602 0.062500 0.041016
2 0.690625 0.897461 0.062500 0.037109
3 0.752344 0.900391 0.060937 0.035156
3 0.814063 0.905273 0.059375 0.037109
2 0.047656 0.965820 0.054688 0.037109
2 0.105469 0.974609 0.057813 0.039062
2 0.163281 0.980469 0.054688 0.035156
2 0.222656 0.982422 0.060937 0.035156
2 0.028906 0.165039 0.057813 0.029297
2 0.085156 0.167969 0.060937 0.031250
2 0.145313 0.169922 0.062500 0.031250
2 0.203125 0.174805 0.062500 0.037109
2 0.262500 0.176758 0.062500 0.033203
2 0.321875 0.178711 0.059375 0.033203
3 0.381250 0.182617 0.059375 0.033203
3 0.441406 0.188477 0.060937 0.033203
3 0.502344 0.191406 0.060937 0.035156
3 0.563281 0.193359 0.060937 0.035156
