3 0.871094 0.811523 0.029687 0.076172
2 0.872656 0.052734 0.035937 0.074219
2 0.876563 0.128906 0.031250 0.078125
1 0.677344 0.022461 0.029687 0.044922
0 0.684375 0.152344 0.028125 0.078125
2 0.697656 0.454102 0.029687 0.076172
2 0.682031 0.079102 0.026562 0.076172
2 0.700000 0.530273 0.028125 0.076172
2 0.708594 0.073242 0.026562 0.080078
2 0.711719 0.149414 0.029687 0.076172
2 0.879687 0.205078 0.034375 0.074219
3 0.702344 0.607422 0.029687 0.078125
3 0.707031 0.761719 0.026562 0.078125
2 0.705469 0.020508 0.026562 0.041016
3 0.704688 0.684570 0.028125 0.076172
0 0.690625 0.305664 0.028125 0.076172
2 0.694531 0.381836 0.026562 0.076172
2 0.689844 0.229492 0.032813 0.076172
3 0.596875 0.709961 0.031250 0.076172
3 0.870313 0.736328 0.028125 0.078125
2 0.246875 0.904297 0.028125 0.078125
2 0.249219 0.294922 0.026562 0.078125
2 0.251563 0.370117 0.028125 0.076172
2 0.255469 0.446289 0.026562 0.076172
2 0.592187 0.556641 0.031250 0.078125
2 0.258594 0.524414 0.026562 0.076172
3 0.593750 0.632812 0.031250 0.074219
2 0.717969 0.226562 0.026562 0.078125
2 0.260937 0.600586 0.025000 0.076172
2 0.836719 0.012695 0.029687 0.025391
2 0.840625 0.055664 0.031250 0.076172
2 0.351562 0.035156 0.025000 0.070312
2 0.264062 0.675781 0.025000 0.078125
3 0.275000 0.906250 0.025000 0.074219
2 0.267969 0.752930 0.026562 0.076172
3 0.270313 0.830078 0.025000 0.074219
2 0.734375 0.017578 0.028125 0.035156
3 0.759375 0.606445 0.028125 0.076172
3 0.735156 0.761719 0.029687 0.078125
2 0.736719 0.071289 0.029687 0.076172
2 0.741406 0.146484 0.029687 0.078125
2 0.883594 0.281250 0.032813 0.074219
3 0.761719 0.683594 0.029687 0.078125
2 0.722656 0.378906 0.026562 0.074219
2 0.237500 0.014648 0.028125 0.029297
2 0.728906 0.530273 0.026562 0.076172
3 0.732031 0.606445 0.029687 0.076172
3 0.732812 0.683594 0.028125 0.078125
2 0.202344 0.450195 0.023438 0.076172
2 0.245312 0.217773 0.028125 0.076172
3 0.246875 0.970703 0.028125 0.058594
0 0.717969 0.304688 0.026562 0.078125
3 0.239844 0.676758 0.023438 0.076172
2 0.240625 0.067383 0.028125 0.076172
2 0.244531 0.828125 0.026562 0.074219
2 0.241406 0.754883 0.026562 0.076172
2 0.242969 0.140625 0.026562 0.074219
3 0.205469 0.525391 0.026562 0.074219
3 0.231250 0.523438 0.025000 0.078125
3 0.236719 0.600586 0.023438 0.076172
2 0.220312 0.905273 0.025000 0.076172
3 0.221875 0.969727 0.021875 0.060547
2 0.227344 0.448242 0.026562 0.076172
2 0.221875 0.296875 0.025000 0.078125
2 0.225781 0.372070 0.023438 0.076172
3 0.212500 0.600586 0.025000 0.076172
2 0.216406 0.145508 0.026562 0.076172
2 0.217188 0.829102 0.028125 0.076172
2 0.220312 0.219727 0.021875 0.076172
2 0.211719 0.016602 0.023438 0.033203
3 0.215625 0.677734 0.025000 0.078125
2 0.214844 0.070312 0.023438 0.074219
3 0.214844 0.754883 0.023438 0.076172
3 0.763281 0.759766 0.026562 0.078125
2 0.192188 0.148438 0.025000 0.074219
2 0.887500 0.430664 0.025000 0.072266
2 0.196094 0.223633 0.026562 0.076172
2 0.196875 0.299805 0.025000 0.076172
2 0.200000 0.374023 0.028125 0.076172
2 0.887500 0.507812 0.025000 0.078125
2 0.187500 0.017578 0.025000 0.035156
2 0.191406 0.074219 0.023438 0.078125
2 0.889844 0.584961 0.020313 0.076172
2 0.885938 0.355469 0.028125 0.074219
3 0.756250 0.529297 0.028125 0.078125
2 0.725000 0.455078 0.028125 0.078125
2 0.751563 0.375977 0.031250 0.076172
2 0.753125 0.453125 0.031250 0.078125
2 0.745313 0.222656 0.028125 0.074219
2 0.748437 0.298828 0.031250 0.078125
2 0.847656 0.205078 0.032813 0.078125
0 0.403906 0.634766 0.026562 0.078125
1 0.403906 0.710938 0.023438 0.074219
3 0.567969 0.708984 0.026562 0.078125
2 0.407031 0.097656 0.029687 0.082031
2 0.571094 0.028320 0.026562 0.056641
3 0.866406 0.660156 0.029687 0.074219
2 0.586719 0.400391 0.029687 0.078125
2 0.867969 0.007812 0.032813 0.015625
2 0.589063 0.479492 0.031250 0.076172
2 0.572656 0.094727 0.029687 0.076172
2 0.582812 0.325195 0.031250 0.076172
2 0.575781 0.172852 0.026562 0.076172
2 0.580469 0.249023 0.029687 0.076172
2 0.410156 0.174805 0.026562 0.080078
2 0.530469 0.405273 0.029687 0.076172
2 0.554688 0.326172 0.028125 0.078125
3 0.564063 0.633789 0.028125 0.076172
3 0.864844 0.584961 0.029687 0.076172
2 0.562500 0.556641 0.028125 0.078125
2 0.557813 0.403320 0.025000 0.076172
2 0.560937 0.478516 0.025000 0.078125
2 0.534375 0.479492 0.028125 0.076172
2 0.546094 0.097656 0.026562 0.078125
2 0.548438 0.174805 0.028125 0.076172
2 0.551562 0.249023 0.028125 0.076172
2 0.534375 0.556641 0.028125 0.078125
2 0.543750 0.030273 0.028125 0.060547
2 0.536719 0.633789 0.026562 0.076172
3 0.540625 0.709961 0.025000 0.076172
2 0.411719 0.251953 0.026562 0.078125
2 0.522656 0.253906 0.029687 0.074219
2 0.859375 0.434570 0.034375 0.076172
2 0.527344 0.328125 0.026562 0.078125
2 0.860156 0.509766 0.029687 0.074219
2 0.519531 0.178711 0.026562 0.076172
0 0.514062 0.033203 0.028125 0.066406
2 0.517188 0.102539 0.028125 0.076172
2 0.416406 0.327148 0.026562 0.080078
3 0.430469 0.710938 0.029687 0.074219
2 0.851562 0.282227 0.031250 0.076172
1 0.856250 0.359375 0.031250 0.074219
2 0.418750 0.405273 0.025000 0.076172
3 0.429688 0.634766 0.028125 0.078125
2 0.422656 0.480469 0.026562 0.078125
2 0.425781 0.558594 0.026562 0.078125
0 0.404687 0.031250 0.028125 0.062500
2 0.399219 0.559570 0.026562 0.076172
2 0.390625 0.406250 0.028125 0.078125
2 0.395313 0.481445 0.028125 0.076172
2 0.364844 0.409180 0.026562 0.076172
2 0.390625 0.329102 0.025000 0.080078
2 0.369531 0.484375 0.026562 0.074219
0 0.380469 0.101562 0.023438 0.078125
2 0.384375 0.178711 0.028125 0.080078
0 0.385937 0.253906 0.028125 0.078125
2 0.371094 0.559570 0.029687 0.076172
1 0.377344 0.710938 0.026562 0.074219
2 0.374219 0.635742 0.026562 0.076172
0 0.377344 0.034180 0.026562 0.068359
2 0.358594 0.255859 0.026562 0.078125
2 0.364063 0.332031 0.028125 0.078125
1 0.357031 0.181641 0.026562 0.078125
2 0.845313 0.130859 0.034375 0.078125
1 0.355469 0.107422 0.026562 0.078125
