3 0.128906 0.703125 0.060937 0.031250
2 0.457813 0.963867 0.062500 0.033203
3 0.033594 0.963867 0.057813 0.029297
2 0.938281 0.960938 0.054688 0.042969
2 0.944531 0.620117 0.057813 0.033203
2 0.885938 0.616211 0.059375 0.033203
2 0.829688 0.610352 0.056250 0.037109
2 0.397656 0.959961 0.060937 0.033203
2 0.878125 0.959961 0.062500 0.041016
2 0.769531 0.606445 0.060937 0.033203
2 0.708594 0.603516 0.060937 0.035156
2 0.649219 0.601562 0.057813 0.035156
1 0.591406 0.596680 0.060937 0.033203
0 0.528906 0.591797 0.064062 0.035156
2 0.949219 0.588867 0.057813 0.033203
2 0.820312 0.958008 0.056250 0.041016
2 0.335938 0.958008 0.059375 0.029297
2 0.467969 0.588867 0.060937 0.037109
2 0.891406 0.585938 0.060937 0.031250
2 0.407813 0.583984 0.059375 0.035156
2 0.832031 0.582031 0.057813 0.027344
2 0.346875 0.581055 0.062500 0.037109
2 0.773438 0.576172 0.059375 0.027344
2 0.286719 0.575195 0.060937 0.033203
2 0.712500 0.573242 0.062500 0.029297
1 0.226562 0.573242 0.062500 0.037109
1 0.164062 0.567383 0.062500 0.033203
2 0.651563 0.566406 0.059375 0.031250
2 0.592187 0.565430 0.062500 0.033203
3 0.103906 0.564453 0.060937 0.031250
3 0.043750 0.559570 0.059375 0.033203
0 0.531250 0.559570 0.059375 0.033203
2 0.954688 0.558594 0.059375 0.035156
2 0.471094 0.554688 0.060937 0.035156
2 0.896094 0.551758 0.060937 0.037109
2 0.408594 0.552734 0.060937 0.031250
2 0.760156 0.954102 0.060937 0.041016
2 0.276562 0.955078 0.062500 0.027344
2 0.835938 0.549805 0.059375 0.037109
2 0.347656 0.545898 0.060937 0.033203
2 0.776563 0.544922 0.062500 0.035156
2 0.286719 0.543945 0.060937 0.033203
2 0.717187 0.542969 0.059375 0.035156
2 0.226562 0.538086 0.062500 0.033203
0 0.164844 0.536133 0.060937 0.037109
2 0.655469 0.533203 0.057813 0.035156
2 0.595313 0.530273 0.065625 0.037109
3 0.103125 0.529297 0.059375 0.035156
2 0.532813 0.527344 0.059375 0.039062
3 0.043750 0.524414 0.059375 0.037109
2 0.471875 0.522461 0.062500 0.037109
2 0.410156 0.515625 0.060937 0.039062
2 0.349219 0.511719 0.064062 0.035156
2 0.700781 0.951172 0.057813 0.039062
2 0.215625 0.949219 0.062500 0.023438
2 0.287500 0.508789 0.062500 0.037109
2 0.226562 0.503906 0.062500 0.035156
2 0.164844 0.497070 0.060937 0.037109
2 0.103125 0.494141 0.059375 0.031250
2 0.641406 0.949219 0.060937 0.039062
2 0.042969 0.490234 0.060937 0.031250
0 0.927344 0.422852 0.060937 0.041016
2 0.867969 0.414062 0.064062 0.031250
2 0.153906 0.941406 0.060937 0.031250
2 0.581250 0.941406 0.062500 0.035156
2 0.788281 0.171875 0.064062 0.031250
2 0.729688 0.168945 0.062500 0.033203
2 0.303125 0.167969 0.059375 0.039062
2 0.670312 0.162109 0.062500 0.027344
2 0.243750 0.162109 0.059375 0.035156
2 0.609375 0.161133 0.062500 0.029297
2 0.182031 0.160156 0.060937 0.039062
1 0.121094 0.157227 0.060937 0.041016
2 0.548438 0.154297 0.059375 0.027344
2 0.969531 0.152344 0.060937 0.035156
2 0.061719 0.151367 0.057813 0.041016
2 0.488281 0.150391 0.060937 0.027344
0 0.910156 0.148438 0.064062 0.039062
2 0.849219 0.143555 0.060937 0.037109
2 0.425781 0.143555 0.064062 0.029297
2 0.792188 0.137695 0.059375 0.037109
2 0.364063 0.134766 0.059375 0.035156
2 0.303125 0.131836 0.059375 0.033203
2 0.732031 0.130859 0.060937 0.042969
2 0.244531 0.128906 0.060937 0.031250
2 0.671094 0.127930 0.060937 0.041016
2 0.610156 0.125000 0.060937 0.042969
2 0.182031 0.124023 0.060937 0.033203
2 0.153906 0.911133 0.060937 0.029297
1 0.121094 0.120117 0.060937 0.033203
2 0.550000 0.118164 0.059375 0.044922
2 0.489063 0.116211 0.062500 0.041016
2 0.060156 0.112305 0.057813 0.037109
2 0.427344 0.106445 0.060937 0.041016
2 0.365625 0.101562 0.059375 0.039062
2 0.303906 0.095703 0.060937 0.039062
2 0.244531 0.092773 0.060937 0.041016
2 0.182812 0.086914 0.062500 0.041016
2 0.121094 0.083008 0.060937 0.041016
2 0.060937 0.077148 0.059375 0.033203
3 0.092969 0.904297 0.060937 0.035156
2 0.032813 0.902344 0.056250 0.027344
2 0.944531 0.019531 0.057813 0.039062
0 0.885938 0.015625 0.059375 0.031250
2 0.757812 0.987305 0.059375 0.025391
0 0.335156 0.985352 0.060937 0.029297
2 0.699219 0.984375 0.060937 0.031250
2 0.639062 0.984375 0.059375 0.031250
2 0.275000 0.982422 0.059375 0.031250
2 0.967187 0.823242 0.059375 0.033203
2 0.906250 0.818359 0.056250 0.035156
2 0.850000 0.814453 0.059375 0.031250
2 0.791406 0.813477 0.060937 0.029297
2 0.733594 0.810547 0.064062 0.031250
2 0.674219 0.806641 0.064062 0.031250
0 0.215625 0.979492 0.059375 0.033203
4 0.613281 0.804688 0.060937 0.035156
0 0.552344 0.799805 0.060937 0.033203
2 0.492188 0.795898 0.062500 0.029297
2 0.432031 0.791016 0.060937 0.031250
2 0.970313 0.791016 0.059375 0.035156
2 0.913281 0.788086 0.060937 0.033203
2 0.371094 0.787109 0.064062 0.031250
2 0.853906 0.786133 0.064062 0.029297
2 0.796875 0.787109 0.062500 0.027344
2 0.736719 0.782227 0.060937 0.025391
2 0.310937 0.781250 0.059375 0.027344
2 0.677344 0.778320 0.060937 0.025391
2 0.250781 0.776367 0.060937 0.029297
1 0.189844 0.775391 0.060937 0.031250
2 0.616406 0.772461 0.060937 0.029297
2 0.556250 0.768555 0.065625 0.029297
2 0.128906 0.767578 0.060937 0.031250
3 0.067969 0.765625 0.060937 0.031250
2 0.495312 0.765625 0.062500 0.027344
2 0.433594 0.760742 0.060937 0.029297
2 0.371875 0.757812 0.062500 0.027344
2 0.917969 0.754883 0.060937 0.033203
2 0.860156 0.753906 0.064062 0.035156
2 0.310937 0.753906 0.059375 0.027344
2 0.800781 0.751953 0.067187 0.035156
2 0.739844 0.749023 0.064062 0.041016
2 0.250781 0.746094 0.060937 0.035156
2 0.678906 0.746094 0.064062 0.035156
2 0.189844 0.743164 0.060937 0.029297
2 0.621094 0.742188 0.057813 0.039062
2 0.557813 0.738281 0.065625 0.035156
2 0.129688 0.735352 0.059375 0.033203
2 0.496875 0.733398 0.065625 0.033203
3 0.067969 0.732422 0.060937 0.031250
2 0.435937 0.728516 0.062500 0.031250
2 0.153906 0.972656 0.060937 0.035156
2 0.579688 0.971680 0.059375 0.033203
2 0.371094 0.727539 0.064062 0.033203
2 0.311719 0.723633 0.060937 0.033203
2 0.250781 0.714844 0.060937 0.027344
2 0.190625 0.709961 0.059375 0.033203
2 0.519531 0.968750 0.064062 0.031250
3 0.093750 0.968750 0.062500 0.031250
3 0.068750 0.703125 0.059375 0.027344
1 0.810937 0.410156 0.059375 0.035156
0 0.750781 0.405273 0.060937 0.037109
2 0.690625 0.400391 0.062500 0.035156
2 0.630469 0.394531 0.060937 0.035156
2 0.571875 0.387695 0.059375 0.037109
2 0.928125 0.387695 0.059375 0.033203
2 0.510156 0.385742 0.064062 0.033203
2 0.871875 0.384766 0.062500 0.035156
2 0.448437 0.381836 0.062500 0.037109
2 0.387500 0.377930 0.062500 0.033203
2 0.813281 0.375977 0.064062 0.033203
2 0.519531 0.936523 0.060937 0.033203
3 0.093750 0.936523 0.062500 0.029297
0 0.327344 0.373047 0.060937 0.035156
2 0.753906 0.370117 0.060937 0.033203
2 0.267188 0.368164 0.062500 0.033203
2 0.692187 0.367188 0.062500 0.031250
2 0.204687 0.364258 0.062500 0.033203
2 0.632031 0.362305 0.064062 0.029297
1 0.143750 0.360352 0.059375 0.033203
2 0.573438 0.358398 0.062500 0.025391
2 0.084375 0.357422 0.059375 0.035156
2 0.937500 0.352539 0.062500 0.037109
2 0.511719 0.352539 0.060937 0.029297
2 0.877344 0.350586 0.064062 0.037109
2 0.450000 0.348633 0.062500 0.029297
2 0.389062 0.345703 0.062500 0.035156
2 0.816406 0.344727 0.064062 0.037109
2 0.327344 0.340820 0.060937 0.029297
2 0.757031 0.335938 0.064062 0.039062
2 0.035156 0.933594 0.057813 0.031250
2 0.458594 0.932617 0.060937 0.033203
2 0.267969 0.335938 0.060937 0.031250
2 0.696875 0.333008 0.062500 0.041016
2 0.205469 0.333008 0.060937 0.029297
2 0.143750 0.327148 0.059375 0.029297
2 0.635156 0.327148 0.064062 0.041016
2 0.575000 0.322266 0.062500 0.042969
2 0.084375 0.320312 0.059375 0.035156
2 0.512500 0.319336 0.062500 0.041016
2 0.451562 0.313477 0.062500 0.037109
2 0.389844 0.308594 0.064062 0.035156
2 0.328906 0.303711 0.060937 0.041016
2 0.267969 0.301758 0.060937 0.037109
2 0.205469 0.296875 0.060937 0.039062
2 0.396875 0.927734 0.062500 0.031250
2 0.142969 0.293945 0.060937 0.037109
2 0.083594 0.287109 0.060937 0.035156
2 0.336719 0.923828 0.060937 0.031250
2 0.276562 0.922852 0.062500 0.033203
1 0.961719 0.220703 0.064062 0.039062
2 0.900000 0.217773 0.059375 0.033203
2 0.846094 0.211914 0.060937 0.033203
1 0.784375 0.205078 0.062500 0.035156
1 0.725000 0.201172 0.062500 0.035156
2 0.214062 0.917969 0.062500 0.039062
2 0.667188 0.196289 0.062500 0.037109
2 0.605469 0.192383 0.064062 0.033203
2 0.544531 0.186523 0.060937 0.033203
2 0.963281 0.183594 0.064062 0.035156
2 0.907031 0.184570 0.064062 0.037109
2 0.485156 0.182617 0.064062 0.033203
2 0.424219 0.176758 0.060937 0.037109
2 0.847656 0.178711 0.060937 0.033203
2 0.364063 0.171875 0.059375 0.039062
