2 0.166406 0.727539 0.026562 0.080078
2 0.290625 0.427734 0.028125 0.078125
2 0.171094 0.574219 0.029687 0.078125
2 0.829688 0.714844 0.031250 0.074219
2 0.284375 0.577148 0.028125 0.076172
2 0.287500 0.502930 0.028125 0.076172
3 0.292187 0.350586 0.028125 0.076172
2 0.838281 0.485352 0.032813 0.076172
3 0.293750 0.275391 0.028125 0.078125
1 0.296875 0.199219 0.028125 0.078125
3 0.297656 0.125977 0.026562 0.076172
2 0.628906 0.125977 0.029687 0.076172
2 0.636719 0.736328 0.026562 0.078125
2 0.665625 0.663086 0.031250 0.076172
2 0.638281 0.661133 0.026562 0.076172
2 0.664062 0.737305 0.031250 0.076172
2 0.297656 0.957031 0.026562 0.078125
2 0.307812 0.656250 0.025000 0.078125
2 0.628125 0.961914 0.028125 0.076172
2 0.300000 0.885742 0.025000 0.080078
2 0.302344 0.808594 0.026562 0.078125
2 0.303906 0.733398 0.026562 0.076172
2 0.282813 0.653320 0.025000 0.076172
2 0.667969 0.584961 0.032813 0.076172
2 0.670312 0.509766 0.034375 0.078125
2 0.674219 0.431641 0.032813 0.078125
2 0.678125 0.355469 0.031250 0.078125
2 0.680469 0.278320 0.029687 0.076172
2 0.682031 0.201172 0.029687 0.078125
2 0.684375 0.124023 0.031250 0.076172
2 0.688281 0.049805 0.029687 0.076172
2 0.178906 0.340820 0.026562 0.076172
2 0.642969 0.506836 0.026562 0.076172
2 0.644531 0.430664 0.026562 0.076172
3 0.188281 0.112305 0.029687 0.076172
2 0.648438 0.354492 0.028125 0.076172
2 0.640625 0.583984 0.025000 0.078125
2 0.650781 0.278320 0.029687 0.076172
2 0.654687 0.202148 0.028125 0.076172
2 0.654687 0.963867 0.031250 0.072266
2 0.657031 0.125977 0.026562 0.076172
2 0.662500 0.815430 0.031250 0.076172
2 0.658594 0.892578 0.029687 0.076172
2 0.658594 0.049805 0.029687 0.076172
2 0.182031 0.265625 0.026562 0.078125
3 0.185938 0.188477 0.028125 0.080078
3 0.176563 0.419922 0.028125 0.078125
3 0.173437 0.497070 0.028125 0.076172
3 0.168750 0.803711 0.031250 0.083984
2 0.168750 0.647461 0.028125 0.076172
2 0.633594 0.812500 0.026562 0.078125
2 0.630469 0.888672 0.026562 0.076172
2 0.630469 0.051758 0.029687 0.076172
2 0.826562 0.790039 0.031250 0.076172
2 0.163281 0.953125 0.029687 0.078125
2 0.162500 0.878906 0.028125 0.074219
2 0.833594 0.637695 0.032813 0.076172
2 0.280469 0.728516 0.026562 0.078125
2 0.278125 0.804688 0.025000 0.078125
2 0.824219 0.864258 0.032813 0.072266
2 0.824219 0.033203 0.029687 0.066406
3 0.161719 0.041016 0.026562 0.078125
2 0.310156 0.580078 0.026562 0.078125
3 0.151562 0.419922 0.025000 0.078125
3 0.160156 0.189453 0.026562 0.078125
3 0.160156 0.116211 0.026562 0.076172
3 0.154688 0.341797 0.025000 0.078125
2 0.157031 0.266602 0.026562 0.076172
3 0.135156 0.041992 0.029687 0.076172
2 0.143750 0.647461 0.025000 0.076172
2 0.146875 0.570312 0.025000 0.078125
3 0.147656 0.495117 0.026562 0.076172
2 0.135156 0.949219 0.026562 0.082031
3 0.141406 0.801758 0.029687 0.080078
3 0.142187 0.725586 0.025000 0.080078
3 0.136719 0.117188 0.026562 0.074219
3 0.139844 0.875000 0.029687 0.078125
3 0.130469 0.341797 0.026562 0.078125
2 0.135156 0.190430 0.026562 0.076172
2 0.132031 0.266602 0.026562 0.076172
2 0.135156 0.991211 0.026562 0.017578
2 0.821094 0.102539 0.026562 0.076172
3 0.123438 0.495117 0.025000 0.076172
3 0.126562 0.418945 0.028125 0.076172
3 0.119531 0.644531 0.026562 0.078125
2 0.121875 0.569336 0.025000 0.076172
2 0.276562 0.881836 0.025000 0.080078
2 0.619531 0.430664 0.029687 0.076172
0 0.624219 0.278320 0.029687 0.076172
0 0.621094 0.353516 0.029687 0.078125
2 0.312500 0.503906 0.025000 0.078125
2 0.626563 0.203125 0.031250 0.078125
2 0.274219 0.955078 0.026562 0.078125
2 0.834375 0.561523 0.034375 0.076172
2 0.315625 0.426758 0.025000 0.076172
2 0.317969 0.350586 0.026562 0.076172
2 0.321094 0.274414 0.026562 0.076172
2 0.610156 0.657227 0.029687 0.076172
4 0.614844 0.580078 0.029687 0.078125
2 0.616406 0.505859 0.029687 0.078125
2 0.605469 0.809570 0.029687 0.076172
2 0.608594 0.733398 0.029687 0.076172
0 0.446094 0.655273 0.026562 0.076172
2 0.603906 0.883789 0.029687 0.076172
2 0.853125 0.032227 0.031250 0.064453
2 0.521875 0.124023 0.028125 0.076172
2 0.600000 0.957031 0.031250 0.074219
2 0.524219 0.047852 0.029687 0.076172
2 0.448437 0.581055 0.028125 0.076172
2 0.451562 0.502930 0.028125 0.076172
2 0.456250 0.352539 0.028125 0.076172
2 0.493750 0.890625 0.028125 0.074219
2 0.515625 0.276367 0.028125 0.076172
2 0.517969 0.199219 0.029687 0.078125
0 0.495312 0.814453 0.028125 0.074219
2 0.505469 0.508789 0.029687 0.076172
2 0.510156 0.430664 0.029687 0.076172
2 0.513281 0.352539 0.029687 0.076172
3 0.495312 0.046875 0.028125 0.074219
2 0.503125 0.584961 0.028125 0.076172
2 0.496875 0.737305 0.031250 0.076172
2 0.498437 0.662109 0.034375 0.074219
2 0.478906 0.504883 0.026562 0.076172
3 0.490625 0.200195 0.028125 0.076172
3 0.493750 0.125977 0.028125 0.076172
2 0.482812 0.428711 0.028125 0.076172
0 0.490625 0.963867 0.028125 0.072266
2 0.484375 0.352539 0.028125 0.076172
2 0.487500 0.276367 0.031250 0.076172
2 0.454688 0.428711 0.028125 0.076172
0 0.467969 0.734375 0.026562 0.074219
1 0.471875 0.657227 0.025000 0.076172
0 0.475781 0.583008 0.026562 0.076172
2 0.458594 0.276367 0.029687 0.076172
3 0.467187 0.048828 0.028125 0.078125
2 0.461719 0.959961 0.026562 0.076172
0 0.465625 0.885742 0.028125 0.076172
3 0.463281 0.201172 0.029687 0.078125
2 0.467969 0.811523 0.026562 0.076172
3 0.463281 0.125000 0.029687 0.078125
3 0.323437 0.199219 0.028125 0.078125
2 0.437500 0.881836 0.028125 0.076172
3 0.325000 0.048828 0.034375 0.082031
0 0.434375 0.957031 0.028125 0.074219
0 0.442188 0.806641 0.028125 0.074219
2 0.442969 0.731445 0.026562 0.076172
2 0.326562 0.888672 0.028125 0.078125
2 0.351562 0.195312 0.028125 0.078125
2 0.848437 0.177734 0.031250 0.074219
2 0.850781 0.101562 0.032813 0.078125
2 0.843750 0.333008 0.031250 0.076172
2 0.846875 0.254883 0.031250 0.076172
3 0.353906 0.122070 0.029687 0.076172
3 0.355469 0.047852 0.032813 0.083984
2 0.344531 0.350586 0.029687 0.076172
2 0.347656 0.273438 0.029687 0.078125
2 0.329688 0.812500 0.028125 0.078125
2 0.330469 0.735352 0.029687 0.076172
2 0.335156 0.660156 0.029687 0.078125
2 0.335938 0.582031 0.028125 0.078125
2 0.341406 0.427734 0.029687 0.078125
2 0.339062 0.505859 0.031250 0.078125
2 0.324219 0.960938 0.029687 0.078125
3 0.324219 0.123047 0.032813 0.078125
3 0.113281 0.873047 0.026562 0.078125
2 0.841406 0.407227 0.032813 0.076172
2 0.821094 0.941406 0.029687 0.078125
2 0.111719 0.945312 0.023438 0.078125
2 0.821094 0.178711 0.029687 0.076172
3 0.111719 0.989258 0.023438 0.021484
2 0.817187 0.254883 0.028125 0.076172
0 0.807813 0.558594 0.028125 0.074219
2 0.810156 0.484375 0.026562 0.078125
2 0.812500 0.407227 0.028125 0.076172
2 0.814063 0.330078 0.028125 0.074219
2 0.816406 0.988281 0.029687 0.023438
1 0.778906 0.556641 0.029687 0.074219
2 0.794531 0.862305 0.029687 0.076172
2 0.802344 0.635742 0.029687 0.076172
2 0.795312 0.033203 0.031250 0.066406
2 0.797656 0.787109 0.029687 0.074219
2 0.800781 0.711914 0.029687 0.076172
2 0.791406 0.936523 0.029687 0.076172
2 0.791406 0.178711 0.029687 0.076172
2 0.782813 0.482422 0.031250 0.078125
2 0.792969 0.104492 0.029687 0.076172
2 0.789062 0.254883 0.031250 0.076172
2 0.783594 0.405273 0.032813 0.076172
2 0.785937 0.331055 0.031250 0.076172
2 0.789062 0.986328 0.031250 0.027344
1 0.775000 0.632812 0.028125 0.074219
2 0.759375 0.984375 0.031250 0.031250
2 0.762500 0.932617 0.031250 0.076172
0 0.771094 0.708008 0.029687 0.076172
0 0.765625 0.857422 0.031250 0.074219
2 0.767969 0.784180 0.032813 0.076172
