3 0.214844 0.663086 0.023438 0.083984
3 0.220312 0.746094 0.028125 0.078125
3 0.223438 0.820312 0.021875 0.070312
0 0.227344 0.134766 0.026562 0.074219
2 0.224219 0.011719 0.023438 0.023438
2 0.225000 0.061523 0.025000 0.076172
2 0.201563 0.141602 0.025000 0.076172
2 0.210938 0.515625 0.025000 0.070312
3 0.213281 0.585938 0.020313 0.070312
2 0.204687 0.215820 0.025000 0.072266
2 0.210938 0.440430 0.025000 0.076172
2 0.205469 0.288086 0.023438 0.076172
2 0.208594 0.362305 0.026562 0.076172
2 0.200000 0.013672 0.025000 0.027344
2 0.200781 0.066406 0.026562 0.074219
3 0.250000 0.819336 0.028125 0.072266
2 0.251563 0.129883 0.025000 0.080078
2 0.257812 0.284180 0.028125 0.076172
2 0.258594 0.360352 0.026562 0.076172
2 0.262500 0.436523 0.028125 0.076172
3 0.265625 0.583984 0.028125 0.070312
3 0.266406 0.512695 0.029687 0.076172
2 0.266406 0.513672 0.029687 0.074219
2 0.254688 0.206055 0.028125 0.076172
3 0.248438 0.745117 0.028125 0.080078
2 0.249219 0.054688 0.026562 0.078125
1 0.231250 0.285156 0.025000 0.078125
3 0.241406 0.664062 0.026562 0.085938
2 0.246875 0.009766 0.028125 0.019531
0 0.233594 0.363281 0.026562 0.074219
3 0.239063 0.587891 0.028125 0.070312
2 0.236719 0.438477 0.029687 0.076172
2 0.239063 0.512695 0.028125 0.072266
3 0.276562 0.744141 0.028125 0.082031
3 0.269531 0.661133 0.029687 0.083984
2 0.228125 0.211914 0.025000 0.076172
3 0.276562 0.821289 0.028125 0.072266
