2 0.063281 0.895508 0.064062 0.029297
0 0.485156 0.924805 0.060937 0.029297
0 0.425000 0.919922 0.059375 0.031250
2 0.363281 0.918945 0.060937 0.029297
2 0.968750 0.914062 0.059375 0.035156
2 0.609375 0.899414 0.062500 0.037109
0 0.300781 0.090820 0.060937 0.041016
2 0.123438 0.896484 0.056250 0.031250
2 0.547656 0.895508 0.064062 0.033203
0 0.303125 0.914062 0.059375 0.031250
2 0.244531 0.906250 0.060937 0.031250
2 0.183594 0.901367 0.062500 0.033203
2 0.668750 0.901367 0.059375 0.037109
2 0.910156 0.912109 0.057813 0.035156
2 0.730469 0.906250 0.060937 0.035156
2 0.850781 0.910156 0.060937 0.035156
2 0.789062 0.909180 0.059375 0.033203
2 0.125781 0.929688 0.060937 0.031250
2 0.607812 0.927734 0.059375 0.027344
2 0.065625 0.925781 0.059375 0.031250
2 0.544531 0.925781 0.060937 0.027344
2 0.185156 0.931641 0.060937 0.035156
2 0.305469 0.943359 0.057813 0.027344
2 0.789062 0.940430 0.062500 0.033203
2 0.243750 0.935547 0.062500 0.035156
2 0.667188 0.933594 0.062500 0.027344
2 0.725781 0.932617 0.060937 0.029297
2 0.846875 0.943359 0.059375 0.031250
2 0.360156 0.093750 0.064062 0.035156
2 0.750781 0.530273 0.064062 0.033203
3 0.041406 0.318359 0.060937 0.039062
2 0.525000 0.316406 0.059375 0.039062
2 0.812500 0.532227 0.059375 0.033203
2 0.202344 0.532227 0.057813 0.033203
0 0.487500 0.894531 0.062500 0.035156
2 0.962500 0.944336 0.059375 0.029297
2 0.360938 0.131836 0.062500 0.037109
2 0.904687 0.972656 0.062500 0.027344
0 0.425000 0.951172 0.059375 0.027344
1 0.365625 0.947266 0.059375 0.031250
2 0.907031 0.943359 0.060937 0.027344
2 0.842969 0.970703 0.060937 0.027344
2 0.419531 0.095703 0.057813 0.035156
2 0.545312 0.957031 0.062500 0.035156
2 0.485156 0.954102 0.060937 0.033203
2 0.782813 0.966797 0.059375 0.031250
2 0.605469 0.958984 0.060937 0.031250
2 0.725000 0.962891 0.059375 0.031250
2 0.665625 0.958984 0.059375 0.031250
2 0.302344 0.128906 0.060937 0.035156
2 0.122656 0.124023 0.060937 0.037109
2 0.958594 0.973633 0.057813 0.025391
2 0.064062 0.122070 0.062500 0.037109
2 0.240625 0.125977 0.062500 0.039062
2 0.181250 0.125977 0.059375 0.037109
2 0.419531 0.132812 0.057813 0.039062
2 0.462500 0.314453 0.062500 0.039062
2 0.425000 0.888672 0.059375 0.035156
2 0.854688 0.704102 0.059375 0.033203
2 0.914062 0.708984 0.059375 0.035156
2 0.305469 0.708008 0.064062 0.033203
2 0.245312 0.705078 0.059375 0.031250
2 0.795312 0.703125 0.062500 0.031250
2 0.926562 0.571289 0.059375 0.033203
2 0.444531 0.546875 0.060937 0.035156
0 0.262500 0.536133 0.059375 0.033203
0 0.383594 0.541992 0.060937 0.029297
2 0.868750 0.538086 0.062500 0.033203
2 0.323437 0.541016 0.062500 0.031250
0 0.930469 0.538086 0.064062 0.033203
2 0.865625 0.570312 0.059375 0.035156
2 0.628906 0.555664 0.064062 0.033203
2 0.567187 0.552734 0.062500 0.027344
1 0.505469 0.549805 0.060937 0.033203
2 0.807031 0.567383 0.060937 0.033203
2 0.688281 0.558594 0.060937 0.031250
2 0.361719 0.058594 0.060937 0.035156
2 0.747656 0.562500 0.057813 0.035156
2 0.184375 0.700195 0.059375 0.029297
2 0.365625 0.680664 0.059375 0.033203
2 0.063281 0.665039 0.057813 0.033203
2 0.419531 0.061523 0.057813 0.033203
2 0.303906 0.674805 0.060937 0.037109
2 0.123438 0.666992 0.059375 0.033203
2 0.242969 0.670898 0.060937 0.033203
2 0.183594 0.669922 0.057813 0.035156
2 0.125781 0.698242 0.060937 0.033203
2 0.550000 0.687500 0.059375 0.035156
2 0.488281 0.685547 0.060937 0.035156
2 0.426563 0.681641 0.062500 0.035156
2 0.734375 0.697266 0.062500 0.035156
2 0.610156 0.691406 0.060937 0.035156
2 0.064062 0.696289 0.059375 0.029297
2 0.673438 0.695312 0.062500 0.031250
1 0.180469 0.088867 0.060937 0.037109
2 0.728125 0.762695 0.059375 0.029297
2 0.066406 0.726562 0.057813 0.027344
2 0.609375 0.723633 0.062500 0.033203
2 0.971875 0.708984 0.056250 0.031250
2 0.401562 0.312500 0.059375 0.039062
2 0.549219 0.721680 0.060937 0.033203
2 0.365625 0.712891 0.059375 0.031250
2 0.489063 0.717773 0.062500 0.033203
2 0.427344 0.715820 0.060937 0.033203
2 0.668750 0.757812 0.062500 0.031250
2 0.244531 0.737305 0.060937 0.033203
2 0.127344 0.727539 0.057813 0.033203
2 0.670312 0.728516 0.062500 0.035156
2 0.852344 0.737305 0.060937 0.033203
2 0.731250 0.730469 0.062500 0.031250
2 0.790625 0.734375 0.062500 0.031250
2 0.185156 0.732422 0.060937 0.031250
2 0.607812 0.755859 0.059375 0.031250
0 0.910156 0.740234 0.060937 0.031250
2 0.305469 0.740234 0.060937 0.031250
2 0.970313 0.739258 0.059375 0.033203
2 0.547656 0.753906 0.060937 0.031250
2 0.364844 0.744141 0.060937 0.031250
0 0.486719 0.750977 0.060937 0.033203
2 0.426563 0.745117 0.060937 0.029297
2 0.244531 0.874023 0.060937 0.029297
2 0.183594 0.870117 0.060937 0.029297
2 0.965625 0.773438 0.065625 0.031250
0 0.905469 0.771484 0.060937 0.027344
0 0.846094 0.767578 0.057813 0.031250
1 0.785937 0.766602 0.062500 0.029297
2 0.063281 0.864258 0.064062 0.033203
0 0.121875 0.086914 0.062500 0.037109
2 0.061719 0.083008 0.060937 0.037109
2 0.125000 0.868164 0.062500 0.033203
2 0.239844 0.088867 0.060937 0.037109
2 0.304688 0.881836 0.059375 0.033203
2 0.364844 0.885742 0.064062 0.033203
2 0.038281 0.249023 0.060937 0.037109
2 0.099219 0.252930 0.060937 0.037109
2 0.342969 0.309570 0.057813 0.037109
2 0.282031 0.305664 0.064062 0.037109
2 0.157812 0.258789 0.059375 0.037109
2 0.221094 0.298828 0.060937 0.039062
2 0.159375 0.297852 0.062500 0.048828
2 0.832031 0.296875 0.057813 0.035156
2 0.100000 0.291992 0.062500 0.041016
2 0.342969 0.271484 0.060937 0.039062
2 0.281250 0.266602 0.062500 0.041016
2 0.217969 0.260742 0.060937 0.041016
2 0.041406 0.286133 0.064062 0.037109
2 0.463281 0.278320 0.060937 0.037109
2 0.405469 0.275391 0.060937 0.042969
2 0.648438 0.284180 0.062500 0.037109
2 0.524219 0.279297 0.060937 0.039062
2 0.585938 0.282227 0.062500 0.037109
2 0.771094 0.294922 0.060937 0.039062
2 0.710938 0.291992 0.059375 0.037109
2 0.142187 0.528320 0.062500 0.037109
2 0.445312 0.513672 0.065625 0.035156
2 0.385156 0.511719 0.064062 0.031250
2 0.342969 0.342773 0.057813 0.025391
2 0.300781 0.051758 0.060937 0.033203
2 0.239844 0.052734 0.060937 0.039062
2 0.708594 0.326172 0.060937 0.039062
2 0.693750 0.492188 0.062500 0.039062
2 0.647656 0.322266 0.064062 0.039062
2 0.280469 0.334961 0.060937 0.029297
2 0.585938 0.321289 0.062500 0.037109
2 0.160156 0.333008 0.060937 0.025391
2 0.100781 0.328125 0.060937 0.031250
1 0.220312 0.332031 0.059375 0.031250
2 0.828125 0.331055 0.056250 0.033203
2 0.767188 0.331055 0.062500 0.033203
2 0.180469 0.049805 0.060937 0.041016
2 0.825781 0.364258 0.057813 0.037109
1 0.583594 0.353516 0.060937 0.023438
2 0.462500 0.345703 0.059375 0.027344
2 0.521094 0.349609 0.057813 0.027344
2 0.403125 0.345703 0.059375 0.027344
2 0.767188 0.362305 0.062500 0.033203
2 0.703906 0.361328 0.060937 0.031250
2 0.644531 0.356445 0.060937 0.029297
2 0.630469 0.488281 0.060937 0.039062
2 0.260937 0.468750 0.065625 0.039062
3 0.078906 0.458008 0.060937 0.037109
2 0.060156 0.044922 0.064062 0.039062
2 0.200781 0.465820 0.064062 0.037109
2 0.140625 0.460938 0.062500 0.039062
2 0.569531 0.485352 0.064062 0.037109
2 0.322656 0.471680 0.060937 0.037109
2 0.120313 0.047852 0.059375 0.041016
2 0.507031 0.482422 0.064062 0.042969
2 0.384375 0.474609 0.062500 0.039062
2 0.446875 0.476562 0.062500 0.039062
2 0.935156 0.504883 0.064062 0.037109
2 0.874219 0.502930 0.060937 0.037109
2 0.141406 0.496094 0.064062 0.031250
2 0.753906 0.496094 0.060937 0.042969
2 0.082812 0.493164 0.065625 0.033203
0 0.261719 0.504883 0.064062 0.033203
2 0.814063 0.500000 0.059375 0.042969
2 0.201563 0.500000 0.062500 0.035156
2 0.322656 0.506836 0.060937 0.033203
2 0.691406 0.527344 0.064062 0.035156
2 0.083594 0.525391 0.060937 0.035156
0 0.627344 0.523438 0.060937 0.035156
2 0.567187 0.520508 0.062500 0.037109
2 0.507812 0.517578 0.062500 0.035156
