2 0.943750 0.020508 0.059375 0.041016
3 0.401562 0.021484 0.062500 0.035156
0 0.973437 0.196289 0.053125 0.033203
2 0.918750 0.198242 0.062500 0.033203
3 0.375781 0.201172 0.060937 0.035156
2 0.860938 0.204102 0.062500 0.033203
3 0.314063 0.205078 0.062500 0.035156
2 0.800000 0.205078 0.062500 0.031250
2 0.252344 0.205078 0.060937 0.039062
3 0.190625 0.208008 0.062500 0.033203
2 0.740625 0.210938 0.062500 0.035156
2 0.681250 0.211914 0.062500 0.029297
3 0.621094 0.216797 0.060937 0.035156
3 0.560156 0.221680 0.060937 0.033203
3 0.498437 0.227539 0.062500 0.033203
3 0.438281 0.230469 0.060937 0.035156
2 0.976562 0.230469 0.046875 0.035156
3 0.375781 0.234375 0.060937 0.035156
3 0.339844 0.025391 0.060937 0.035156
2 0.924219 0.234375 0.064062 0.035156
2 0.863281 0.237305 0.064062 0.033203
2 0.314844 0.239258 0.060937 0.033203
2 0.803906 0.238281 0.060937 0.035156
2 0.253125 0.241211 0.062500 0.033203
3 0.190625 0.241211 0.062500 0.033203
2 0.744531 0.243164 0.064062 0.037109
2 0.754687 0.583008 0.059375 0.037109
2 0.695312 0.587891 0.059375 0.039062
2 0.635938 0.593750 0.059375 0.039062
2 0.574219 0.592773 0.060937 0.037109
2 0.513281 0.598633 0.060937 0.033203
2 0.934375 0.603516 0.059375 0.035156
3 0.340625 0.061523 0.059375 0.037109
2 0.453125 0.605469 0.062500 0.039062
2 0.875781 0.608398 0.057813 0.037109
3 0.392188 0.611328 0.062500 0.042969
3 0.329688 0.613281 0.062500 0.039062
2 0.816406 0.615234 0.057813 0.035156
2 0.757031 0.619141 0.060937 0.035156
3 0.269531 0.621094 0.060937 0.039062
3 0.207813 0.624023 0.062500 0.037109
2 0.698438 0.623047 0.059375 0.035156
2 0.638281 0.627930 0.060937 0.033203
3 0.145313 0.627930 0.062500 0.041016
0 0.577344 0.630859 0.060937 0.039062
0 0.514844 0.634766 0.060937 0.039062
2 0.939063 0.640625 0.056250 0.039062
3 0.453906 0.642578 0.064062 0.042969
2 0.880469 0.644531 0.060937 0.039062
3 0.278906 0.064453 0.064062 0.035156
3 0.393750 0.645508 0.062500 0.037109
2 0.819531 0.650391 0.060937 0.035156
3 0.331250 0.651367 0.062500 0.041016
2 0.760938 0.657227 0.059375 0.041016
3 0.269531 0.657227 0.060937 0.037109
2 0.700781 0.659180 0.060937 0.041016
3 0.207031 0.660156 0.064062 0.035156
2 0.639844 0.664062 0.060937 0.039062
3 0.146094 0.666016 0.060937 0.035156
2 0.578906 0.669922 0.060937 0.039062
2 0.517969 0.675781 0.060937 0.039062
3 0.455469 0.678711 0.064062 0.044922
3 0.393750 0.679688 0.062500 0.039062
3 0.218750 0.070312 0.062500 0.035156
3 0.332031 0.686523 0.064062 0.037109
3 0.269531 0.693359 0.060937 0.039062
3 0.208594 0.696289 0.064062 0.037109
2 0.145313 0.702148 0.059375 0.037109
1 0.965625 0.768555 0.059375 0.037109
2 0.906250 0.772461 0.059375 0.033203
2 0.850000 0.781250 0.059375 0.039062
2 0.789844 0.786133 0.060937 0.037109
2 0.731250 0.791016 0.059375 0.039062
2 0.671094 0.794922 0.060937 0.039062
2 0.612500 0.799805 0.059375 0.041016
2 0.971094 0.801758 0.057813 0.033203
3 0.552344 0.804688 0.060937 0.039062
2 0.911719 0.804688 0.064062 0.031250
3 0.489844 0.808594 0.060937 0.039062
2 0.853906 0.811523 0.057813 0.041016
3 0.429688 0.812500 0.059375 0.039062
2 0.794531 0.816406 0.060937 0.035156
3 0.367969 0.819336 0.064062 0.041016
2 0.305469 0.822266 0.060937 0.042969
2 0.734375 0.824219 0.059375 0.035156
2 0.244531 0.828125 0.060937 0.042969
2 0.673438 0.832031 0.059375 0.031250
3 0.183594 0.832031 0.060937 0.039062
2 0.613281 0.835938 0.060937 0.039062
2 0.972656 0.837891 0.054688 0.039062
2 0.915625 0.841797 0.062500 0.042969
3 0.683594 0.245117 0.064062 0.041016
3 0.621094 0.250977 0.064062 0.033203
2 0.888281 0.027344 0.060937 0.039062
3 0.561719 0.255859 0.064062 0.035156
3 0.501563 0.260742 0.062500 0.033203
3 0.439063 0.265625 0.062500 0.035156
2 0.377344 0.270508 0.060937 0.037109
2 0.315625 0.272461 0.062500 0.039062
3 0.253906 0.274414 0.060937 0.033203
3 0.192188 0.279297 0.062500 0.042969
2 0.827344 0.030273 0.060937 0.041016
3 0.278125 0.030273 0.062500 0.033203
2 0.766406 0.032227 0.060937 0.041016
3 0.217188 0.033203 0.059375 0.035156
2 0.707812 0.034180 0.059375 0.044922
0 0.952344 0.362305 0.060937 0.033203
0 0.894531 0.366211 0.060937 0.033203
0 0.834375 0.369141 0.062500 0.035156
2 0.646875 0.037109 0.062500 0.042969
2 0.775781 0.373047 0.060937 0.031250
1 0.715625 0.378906 0.062500 0.031250
2 0.655469 0.384766 0.060937 0.035156
2 0.596094 0.386719 0.060937 0.031250
2 0.585156 0.038086 0.060937 0.044922
2 0.533594 0.392578 0.060937 0.035156
2 0.474219 0.396484 0.060937 0.035156
2 0.955469 0.398438 0.060937 0.035156
2 0.897656 0.399414 0.060937 0.033203
3 0.413281 0.402344 0.060937 0.035156
0 0.838281 0.402344 0.064062 0.035156
2 0.775781 0.405273 0.057813 0.033203
3 0.353125 0.405273 0.059375 0.037109
2 0.718750 0.409180 0.062500 0.029297
3 0.290625 0.411133 0.062500 0.037109
2 0.228906 0.415039 0.060937 0.037109
2 0.657031 0.416016 0.060937 0.031250
3 0.164844 0.418945 0.064062 0.037109
2 0.597656 0.418945 0.060937 0.033203
2 0.536719 0.425781 0.060937 0.031250
3 0.523438 0.043945 0.062500 0.041016
0 0.960938 0.430664 0.062500 0.041016
2 0.475000 0.432617 0.062500 0.033203
2 0.900781 0.434570 0.064062 0.041016
3 0.414062 0.435547 0.059375 0.035156
0 0.842969 0.439453 0.064062 0.039062
2 0.782813 0.440430 0.065625 0.041016
3 0.351562 0.440430 0.062500 0.037109
2 0.722656 0.445312 0.064062 0.042969
2 0.290625 0.445312 0.062500 0.039062
2 0.228125 0.449219 0.062500 0.035156
2 0.660156 0.450195 0.060937 0.044922
2 0.599219 0.454102 0.060937 0.044922
3 0.165625 0.455078 0.065625 0.035156
2 0.539844 0.460938 0.060937 0.039062
3 0.476562 0.464844 0.062500 0.042969
3 0.414844 0.468750 0.060937 0.039062
2 0.353906 0.476562 0.060937 0.035156
2 0.290625 0.478516 0.062500 0.039062
3 0.228125 0.485352 0.062500 0.037109
3 0.166406 0.486328 0.064062 0.035156
3 0.461719 0.048828 0.060937 0.039062
3 0.401562 0.055664 0.062500 0.037109
2 0.929688 0.569336 0.056250 0.037109
4 0.871875 0.574219 0.059375 0.039062
2 0.813281 0.579102 0.057813 0.037109
3 0.553125 0.841797 0.062500 0.039062
3 0.492969 0.847656 0.060937 0.039062
2 0.857031 0.846680 0.060937 0.041016
3 0.428906 0.849609 0.060937 0.039062
2 0.797656 0.854492 0.060937 0.041016
2 0.370312 0.856445 0.062500 0.041016
2 0.736719 0.859375 0.060937 0.042969
2 0.308594 0.860352 0.060937 0.041016
2 0.246875 0.864258 0.062500 0.041016
2 0.678125 0.865234 0.059375 0.039062
3 0.184375 0.869141 0.062500 0.039062
2 0.616406 0.875000 0.060937 0.039062
2 0.555469 0.879883 0.060937 0.033203
2 0.494531 0.884766 0.064062 0.039062
2 0.432812 0.888672 0.062500 0.039062
2 0.370312 0.891602 0.062500 0.041016
2 0.309375 0.897461 0.062500 0.037109
3 0.247656 0.900391 0.060937 0.035156
3 0.185938 0.905273 0.059375 0.037109
2 0.952344 0.965820 0.054688 0.037109
2 0.894531 0.974609 0.057813 0.039062
2 0.836719 0.980469 0.054688 0.035156
2 0.777344 0.982422 0.060937 0.035156
2 0.971094 0.165039 0.057813 0.029297
2 0.914844 0.167969 0.060937 0.031250
2 0.854688 0.169922 0.062500 0.031250
2 0.796875 0.174805 0.062500 0.037109
2 0.737500 0.176758 0.062500 0.033203
2 0.678125 0.178711 0.059375 0.033203
3 0.618750 0.182617 0.059375 0.033203
3 0.558594 0.188477 0.060937 0.033203
3 0.497656 0.191406 0.060937 0.035156
3 0.436719 0.193359 0.060937 0.035156
