2 0.139063 0.310547 0.021875 0.074219
0 0.490625 0.516602 0.028125 0.076172
0 0.491406 0.442383 0.029687 0.076172
0 0.495312 0.591797 0.028125 0.078125
2 0.499219 0.669922 0.026562 0.078125
2 0.500781 0.744141 0.029687 0.078125
2 0.500781 0.013672 0.029687 0.027344
1 0.502344 0.062500 0.029687 0.070312
2 0.503906 0.819336 0.029687 0.076172
0 0.506250 0.137695 0.028125 0.076172
2 0.506250 0.895508 0.025000 0.076172
2 0.508594 0.966797 0.023438 0.066406
2 0.508594 0.211914 0.029687 0.080078
0 0.512500 0.286133 0.031250 0.076172
2 0.516406 0.362305 0.032813 0.080078
2 0.518750 0.438477 0.028125 0.080078
2 0.520312 0.516602 0.031250 0.080078
2 0.142187 0.385742 0.025000 0.076172
2 0.522656 0.591797 0.029687 0.078125
2 0.527344 0.666992 0.029687 0.076172
2 0.529687 0.744141 0.028125 0.078125
2 0.533594 0.820312 0.029687 0.078125
0 0.532813 0.894531 0.028125 0.078125
0 0.535937 0.966797 0.031250 0.066406
2 0.144531 0.459961 0.023438 0.076172
2 0.144531 0.534180 0.023438 0.076172
2 0.147656 0.610352 0.023438 0.076172
2 0.149219 0.682617 0.023438 0.076172
2 0.612500 0.032227 0.028125 0.064453
2 0.153125 0.758789 0.025000 0.076172
2 0.616406 0.101562 0.026562 0.078125
2 0.619531 0.173828 0.029687 0.074219
2 0.621094 0.247070 0.029687 0.076172
0 0.622656 0.322266 0.029687 0.074219
0 0.624219 0.396484 0.032813 0.078125
2 0.627344 0.472656 0.026562 0.074219
2 0.629687 0.547852 0.028125 0.076172
1 0.633594 0.625977 0.029687 0.076172
1 0.635938 0.700195 0.031250 0.076172
2 0.641406 0.031250 0.026562 0.062500
2 0.641406 0.777344 0.029687 0.074219
2 0.642188 0.096680 0.025000 0.076172
2 0.641406 0.850586 0.029687 0.076172
2 0.644531 0.981445 0.029687 0.037109
2 0.644531 0.925781 0.029687 0.074219
2 0.155469 0.833984 0.023438 0.074219
2 0.647656 0.171875 0.026562 0.078125
2 0.648438 0.246094 0.028125 0.078125
2 0.651563 0.320312 0.028125 0.078125
2 0.653906 0.395508 0.029687 0.076172
2 0.657031 0.471680 0.029687 0.076172
2 0.659375 0.547852 0.031250 0.076172
2 0.663281 0.624023 0.032813 0.076172
2 0.664844 0.699219 0.032813 0.074219
2 0.668750 0.029297 0.028125 0.058594
2 0.669531 0.775391 0.026562 0.078125
2 0.670312 0.092773 0.028125 0.076172
2 0.672656 0.851562 0.029687 0.074219
2 0.674219 0.925781 0.029687 0.074219
2 0.674219 0.166016 0.026562 0.078125
2 0.675781 0.982422 0.029687 0.035156
2 0.676562 0.242188 0.028125 0.078125
2 0.158594 0.909180 0.023438 0.076172
2 0.679688 0.317383 0.031250 0.080078
2 0.685156 0.391602 0.029687 0.076172
1 0.184375 0.155273 0.025000 0.076172
2 0.184375 0.229492 0.025000 0.076172
2 0.185938 0.305664 0.025000 0.076172
2 0.189062 0.380859 0.025000 0.078125
2 0.190625 0.532227 0.025000 0.076172
2 0.191406 0.456055 0.026562 0.076172
2 0.191406 0.606445 0.023438 0.076172
2 0.194531 0.682617 0.023438 0.076172
2 0.200000 0.758789 0.025000 0.076172
2 0.202344 0.835938 0.026562 0.078125
2 0.203125 0.912109 0.025000 0.074219
2 0.205469 0.973633 0.023438 0.052734
2 0.296094 0.112305 0.026562 0.076172
2 0.296094 0.038086 0.026562 0.076172
2 0.296875 0.186523 0.025000 0.076172
2 0.299219 0.258789 0.026562 0.076172
2 0.301563 0.333984 0.028125 0.078125
2 0.303906 0.407227 0.026562 0.076172
0 0.304688 0.485352 0.028125 0.076172
0 0.307031 0.559570 0.026562 0.076172
0 0.308594 0.633789 0.029687 0.076172
2 0.312500 0.708008 0.028125 0.072266
2 0.314063 0.784180 0.025000 0.076172
2 0.317188 0.859375 0.028125 0.074219
0 0.317969 0.934570 0.026562 0.076172
2 0.320312 0.037109 0.025000 0.074219
2 0.321875 0.109375 0.025000 0.078125
2 0.321875 0.182617 0.025000 0.076172
2 0.321875 0.985352 0.025000 0.029297
2 0.323437 0.254883 0.025000 0.076172
2 0.328125 0.332031 0.025000 0.078125
2 0.329688 0.404297 0.025000 0.078125
2 0.331250 0.481445 0.028125 0.076172
1 0.333594 0.557617 0.026562 0.076172
2 0.335156 0.633789 0.023438 0.076172
2 0.339062 0.708008 0.028125 0.076172
2 0.341406 0.784180 0.026562 0.076172
2 0.344531 0.034180 0.023438 0.068359
2 0.344531 0.859375 0.026562 0.074219
2 0.346094 0.935547 0.026562 0.074219
1 0.347656 0.102539 0.026562 0.076172
2 0.348438 0.986328 0.025000 0.027344
2 0.349219 0.178711 0.026562 0.076172
2 0.351562 0.251953 0.028125 0.078125
2 0.353125 0.328125 0.025000 0.078125
2 0.354687 0.403320 0.028125 0.076172
2 0.358594 0.479492 0.026562 0.076172
2 0.360938 0.555664 0.028125 0.076172
2 0.362500 0.632812 0.028125 0.078125
2 0.365625 0.708008 0.025000 0.076172
2 0.367188 0.784180 0.025000 0.076172
2 0.370312 0.860352 0.025000 0.076172
2 0.371094 0.935547 0.026562 0.074219
2 0.372656 0.986328 0.023438 0.027344
0 0.449219 0.018555 0.026562 0.037109
2 0.452344 0.070312 0.026562 0.074219
2 0.453125 0.146484 0.028125 0.074219
2 0.456250 0.219727 0.028125 0.076172
1 0.458594 0.293945 0.029687 0.076172
2 0.136719 0.092773 0.026562 0.076172
2 0.461719 0.368164 0.029687 0.076172
2 0.463281 0.442383 0.026562 0.076172
2 0.464062 0.518555 0.025000 0.076172
0 0.468750 0.592773 0.028125 0.076172
0 0.471094 0.667969 0.029687 0.078125
0 0.471094 0.745117 0.029687 0.076172
2 0.474219 0.016602 0.023438 0.033203
2 0.138281 0.164062 0.023438 0.074219
2 0.138281 0.236328 0.020313 0.074219
2 0.475781 0.819336 0.026562 0.076172
2 0.475781 0.065430 0.023438 0.072266
2 0.478125 0.141602 0.025000 0.076172
2 0.478906 0.895508 0.029687 0.076172
0 0.482031 0.966797 0.029687 0.066406
2 0.482031 0.216797 0.026562 0.078125
1 0.485156 0.291992 0.026562 0.076172
2 0.487500 0.364258 0.025000 0.080078
2 0.687500 0.469727 0.031250 0.076172
2 0.690625 0.546875 0.028125 0.078125
2 0.693750 0.623047 0.028125 0.078125
2 0.159375 0.161133 0.021875 0.076172
2 0.160156 0.087891 0.020313 0.074219
2 0.160156 0.972656 0.023438 0.054688
0 0.160156 0.233398 0.023438 0.076172
2 0.694531 0.700195 0.026562 0.076172
2 0.697656 0.774414 0.026562 0.076172
2 0.700781 0.853516 0.026562 0.078125
2 0.702344 0.928711 0.026562 0.076172
2 0.703906 0.983398 0.029687 0.033203
0 0.162500 0.308594 0.025000 0.078125
2 0.165625 0.383789 0.025000 0.076172
2 0.771875 0.011719 0.028125 0.023438
2 0.167187 0.457031 0.021875 0.074219
2 0.167187 0.532227 0.021875 0.076172
2 0.167969 0.607422 0.020313 0.074219
2 0.773438 0.058594 0.025000 0.074219
0 0.777344 0.129883 0.029687 0.072266
2 0.778906 0.204102 0.035937 0.072266
2 0.781250 0.277344 0.034375 0.074219
0 0.786719 0.351562 0.026562 0.074219
2 0.789844 0.427734 0.026562 0.074219
2 0.792188 0.501953 0.028125 0.074219
0 0.793750 0.577148 0.031250 0.076172
1 0.796875 0.652344 0.031250 0.074219
1 0.798438 0.729492 0.031250 0.076172
2 0.798438 0.009766 0.028125 0.019531
2 0.802344 0.803711 0.029687 0.076172
2 0.803125 0.877930 0.031250 0.076172
4 0.803125 0.053711 0.031250 0.072266
0 0.803906 0.952148 0.032813 0.076172
2 0.807031 0.126953 0.029687 0.074219
2 0.811719 0.201172 0.029687 0.074219
2 0.814063 0.274414 0.031250 0.076172
2 0.814844 0.350586 0.026562 0.076172
2 0.816406 0.426758 0.026562 0.076172
2 0.171875 0.683594 0.021875 0.074219
2 0.821094 0.501953 0.029687 0.074219
2 0.822656 0.576172 0.026562 0.074219
2 0.825000 0.651367 0.028125 0.076172
1 0.828906 0.007812 0.029687 0.015625
2 0.828125 0.728516 0.028125 0.078125
2 0.830469 0.803711 0.029687 0.076172
2 0.833594 0.877930 0.026562 0.076172
2 0.833594 0.050781 0.029687 0.074219
2 0.835156 0.954102 0.029687 0.076172
0 0.836719 0.124023 0.032813 0.072266
0 0.839844 0.199219 0.032813 0.074219
2 0.842969 0.274414 0.029687 0.076172
2 0.844531 0.425781 0.029687 0.074219
2 0.845313 0.350586 0.031250 0.076172
2 0.850781 0.500000 0.029687 0.078125
0 0.853125 0.576172 0.034375 0.074219
2 0.854688 0.650391 0.031250 0.080078
2 0.857031 0.727539 0.029687 0.076172
2 0.860938 0.803711 0.031250 0.076172
2 0.860938 0.879883 0.028125 0.076172
2 0.864062 0.955078 0.031250 0.078125
2 0.177344 0.758789 0.023438 0.076172
2 0.178125 0.834961 0.021875 0.076172
2 0.181250 0.910156 0.021875 0.074219
2 0.182031 0.083984 0.023438 0.074219
2 0.183594 0.972656 0.020313 0.054688
