2 0.202344 0.141602 0.060937 0.029297
2 0.628906 0.132812 0.060937 0.031250
2 0.117188 0.913086 0.062500 0.041016
2 0.322656 0.144531 0.064062 0.027344
3 0.750781 0.138672 0.064062 0.035156
2 0.717187 0.957031 0.062500 0.039062
3 0.550000 0.612305 0.059375 0.037109
2 0.067187 0.509766 0.062500 0.035156
2 0.182031 0.587891 0.060937 0.039062
3 0.610938 0.617188 0.062500 0.035156
3 0.673438 0.620117 0.062500 0.041016
2 0.233594 0.962891 0.060937 0.039062
2 0.855469 0.629883 0.060937 0.041016
3 0.776563 0.960938 0.059375 0.039062
3 0.735938 0.623047 0.062500 0.039062
2 0.794531 0.626953 0.060937 0.042969
2 0.365625 0.600586 0.062500 0.041016
2 0.426563 0.604492 0.062500 0.041016
2 0.487500 0.610352 0.062500 0.037109
2 0.304688 0.596680 0.059375 0.037109
3 0.795312 0.589844 0.062500 0.039062
2 0.242969 0.592773 0.064062 0.033203
2 0.916406 0.592773 0.064062 0.037109
2 0.856250 0.593750 0.062500 0.035156
3 0.734375 0.584961 0.062500 0.041016
3 0.549219 0.575195 0.057813 0.037109
3 0.795312 0.554688 0.062500 0.035156
3 0.611719 0.579102 0.064062 0.041016
2 0.120313 0.583984 0.062500 0.039062
3 0.674219 0.581055 0.060937 0.037109
2 0.061719 0.582031 0.060937 0.035156
3 0.854688 0.556641 0.062500 0.039062
2 0.427344 0.566406 0.064062 0.035156
2 0.175000 0.957031 0.059375 0.035156
2 0.489844 0.573242 0.060937 0.041016
2 0.246094 0.557617 0.060937 0.033203
2 0.366406 0.563477 0.060937 0.033203
3 0.915625 0.561523 0.062500 0.037109
2 0.306250 0.560547 0.062500 0.035156
2 0.596875 0.951172 0.062500 0.035156
2 0.114062 0.951172 0.062500 0.035156
3 0.549219 0.538086 0.060937 0.037109
2 0.185938 0.550781 0.059375 0.035156
3 0.734375 0.550781 0.062500 0.035156
3 0.611719 0.540039 0.064062 0.033203
2 0.125781 0.546875 0.064062 0.039062
3 0.673438 0.543945 0.059375 0.037109
2 0.066406 0.545898 0.064062 0.037109
2 0.429688 0.532227 0.062500 0.033203
2 0.127344 0.511719 0.064062 0.031250
0 0.658594 0.954102 0.060937 0.033203
2 0.489844 0.535156 0.060937 0.035156
2 0.186719 0.516602 0.060937 0.037109
2 0.368750 0.526367 0.062500 0.037109
2 0.248438 0.522461 0.059375 0.041016
2 0.306250 0.525391 0.062500 0.039062
2 0.524219 0.396484 0.064062 0.046875
2 0.475781 0.944336 0.060937 0.037109
4 0.507812 0.123047 0.062500 0.027344
2 0.535156 0.945312 0.064062 0.039062
2 0.052344 0.947266 0.060937 0.039062
3 0.832812 0.416016 0.065625 0.035156
2 0.585156 0.401367 0.060937 0.037109
3 0.896094 0.424805 0.060937 0.037109
3 0.954688 0.431641 0.056250 0.035156
3 0.648438 0.404297 0.062500 0.035156
3 0.770312 0.416016 0.059375 0.035156
3 0.710156 0.410156 0.060937 0.042969
2 0.416406 0.939453 0.060937 0.039062
3 0.953125 0.394531 0.056250 0.035156
2 0.382812 0.146484 0.065625 0.027344
2 0.870313 0.147461 0.062500 0.029297
2 0.461719 0.395508 0.060937 0.041016
3 0.932813 0.148438 0.065625 0.027344
2 0.444531 0.149414 0.060937 0.029297
3 0.809375 0.145508 0.062500 0.033203
2 0.205469 0.111328 0.060937 0.031250
2 0.057813 0.910156 0.062500 0.039062
4 0.446094 0.118164 0.060937 0.029297
2 0.264062 0.112305 0.062500 0.033203
3 0.688281 0.131836 0.057813 0.029297
2 0.324219 0.115234 0.064062 0.031250
2 0.384375 0.118164 0.062500 0.033203
2 0.880469 0.833984 0.060937 0.035156
2 0.170313 0.988281 0.059375 0.023438
2 0.085156 0.106445 0.064062 0.029297
2 0.146875 0.109375 0.059375 0.031250
0 0.657031 0.985352 0.060937 0.029297
3 0.940625 0.839844 0.059375 0.035156
2 0.051562 0.983398 0.062500 0.033203
0 0.595313 0.983398 0.062500 0.033203
2 0.110937 0.984375 0.059375 0.031250
2 0.635938 0.816406 0.062500 0.042969
2 0.819531 0.833008 0.060937 0.037109
3 0.757812 0.829102 0.062500 0.037109
2 0.475000 0.981445 0.062500 0.037109
2 0.535937 0.981445 0.062500 0.037109
2 0.696875 0.826172 0.059375 0.035156
2 0.452344 0.810547 0.060937 0.042969
2 0.512500 0.812500 0.062500 0.042969
2 0.574219 0.815430 0.060937 0.044922
2 0.142187 0.138672 0.065625 0.031250
2 0.389062 0.804688 0.062500 0.046875
2 0.082812 0.134766 0.062500 0.031250
2 0.261719 0.144531 0.064062 0.031250
2 0.567187 0.126953 0.062500 0.035156
2 0.210938 0.754883 0.062500 0.033203
2 0.135937 0.171875 0.062500 0.031250
2 0.149219 0.749023 0.060937 0.037109
3 0.960156 0.972656 0.057813 0.039062
2 0.090625 0.748047 0.059375 0.039062
2 0.270313 0.755859 0.062500 0.031250
2 0.392969 0.767578 0.060937 0.035156
2 0.453125 0.772461 0.062500 0.029297
2 0.513281 0.775391 0.064062 0.035156
2 0.575000 0.775391 0.062500 0.035156
2 0.267969 0.796875 0.060937 0.054688
2 0.879687 0.798828 0.059375 0.035156
2 0.939844 0.802734 0.060937 0.035156
0 0.328906 0.804688 0.060937 0.042969
2 0.635156 0.780273 0.057813 0.033203
3 0.758594 0.791992 0.060937 0.037109
0 0.209375 0.791992 0.062500 0.044922
3 0.819531 0.796875 0.060937 0.035156
2 0.028906 0.780273 0.057813 0.041016
2 0.148438 0.789062 0.059375 0.042969
2 0.088281 0.784180 0.060937 0.044922
2 0.696875 0.788086 0.062500 0.037109
3 0.758594 0.755859 0.060937 0.039062
3 0.878906 0.763672 0.060937 0.035156
2 0.414844 0.976562 0.060937 0.039062
0 0.330469 0.764648 0.064062 0.037109
3 0.818750 0.758789 0.059375 0.037109
2 0.938281 0.767578 0.060937 0.035156
2 0.696875 0.752930 0.062500 0.041016
2 0.647656 0.370117 0.060937 0.033203
3 0.707031 0.371094 0.060937 0.035156
2 0.514062 0.740234 0.062500 0.035156
2 0.576562 0.742188 0.062500 0.035156
2 0.031250 0.743164 0.059375 0.033203
2 0.636719 0.746094 0.060937 0.031250
3 0.832812 0.379883 0.065625 0.037109
2 0.275781 0.382812 0.064062 0.035156
3 0.917969 0.633789 0.060937 0.044922
2 0.353906 0.971680 0.060937 0.037109
0 0.332813 0.730469 0.062500 0.035156
2 0.393750 0.732422 0.062500 0.035156
1 0.455469 0.738281 0.060937 0.039062
3 0.837500 0.965820 0.065625 0.041016
0 0.212500 0.719727 0.062500 0.037109
0 0.272656 0.726562 0.060937 0.035156
3 0.899219 0.970703 0.060937 0.042969
0 0.293750 0.968750 0.062500 0.039062
0 0.153125 0.714844 0.059375 0.031250
2 0.035156 0.708008 0.057813 0.037109
2 0.094531 0.710938 0.057813 0.042969
3 0.896094 0.389648 0.064062 0.033203
2 0.339062 0.389648 0.062500 0.037109
2 0.399219 0.393555 0.060937 0.041016
3 0.768750 0.379883 0.062500 0.041016
2 0.155469 0.374023 0.060937 0.033203
2 0.215625 0.378906 0.062500 0.035156
2 0.094531 0.371094 0.060937 0.039062
2 0.525781 0.361328 0.060937 0.031250
2 0.585938 0.367188 0.062500 0.031250
2 0.033594 0.369141 0.060937 0.042969
2 0.464062 0.359375 0.062500 0.031250
2 0.402344 0.357422 0.064062 0.031250
2 0.259375 0.175781 0.062500 0.035156
3 0.748437 0.173828 0.065625 0.035156
2 0.195312 0.170898 0.062500 0.037109
2 0.319531 0.178711 0.064062 0.037109
2 0.382031 0.177734 0.064062 0.039062
2 0.100781 0.338867 0.060937 0.025391
3 0.769531 0.341797 0.060937 0.031250
2 0.355469 0.934570 0.060937 0.041016
3 0.955469 0.355469 0.051562 0.039062
2 0.870313 0.178711 0.062500 0.033203
2 0.160938 0.343750 0.062500 0.031250
3 0.895312 0.354492 0.065625 0.037109
2 0.340625 0.353516 0.062500 0.035156
3 0.832031 0.346680 0.064062 0.033203
2 0.279687 0.349609 0.062500 0.027344
2 0.218750 0.346680 0.065625 0.029297
2 0.162500 0.311523 0.062500 0.029297
2 0.525781 0.330078 0.060937 0.035156
2 0.709375 0.336914 0.062500 0.029297
2 0.039062 0.333008 0.062500 0.033203
2 0.650781 0.337891 0.057813 0.031250
1 0.586719 0.333008 0.064062 0.033203
3 0.810156 0.179688 0.060937 0.031250
2 0.222656 0.315430 0.060937 0.033203
2 0.404687 0.323242 0.059375 0.037109
2 0.465625 0.329102 0.062500 0.033203
1 0.292969 0.929688 0.060937 0.039062
2 0.342969 0.320312 0.060937 0.035156
2 0.282813 0.320312 0.059375 0.031250
2 0.443750 0.185547 0.062500 0.035156
2 0.810937 0.211914 0.062500 0.029297
2 0.043750 0.302734 0.059375 0.031250
2 0.103125 0.307617 0.062500 0.033203
2 0.871094 0.210938 0.060937 0.035156
2 0.235937 0.923828 0.062500 0.039062
3 0.932813 0.213867 0.062500 0.037109
2 0.503906 0.191406 0.060937 0.039062
2 0.176563 0.918945 0.059375 0.037109
3 0.749219 0.207031 0.064062 0.031250
2 0.565625 0.193359 0.062500 0.035156
3 0.688281 0.199219 0.057813 0.035156
2 0.628125 0.196289 0.062500 0.037109
3 0.933594 0.178711 0.064062 0.033203
3 0.688281 0.164062 0.057813 0.035156
2 0.078906 0.166016 0.060937 0.035156
2 0.504687 0.156250 0.062500 0.035156
2 0.565625 0.160156 0.062500 0.031250
2 0.628906 0.161133 0.060937 0.029297
