3 0.117188 0.206055 0.031250 0.076172
3 0.116406 0.282227 0.032813 0.076172
3 0.259375 0.505859 0.028125 0.078125
3 0.262500 0.583984 0.031250 0.078125
3 0.266406 0.662109 0.029687 0.078125
2 0.270313 0.739258 0.028125 0.076172
3 0.117188 0.358398 0.034375 0.076172
2 0.117969 0.432617 0.029687 0.076172
3 0.273438 0.046875 0.028125 0.078125
2 0.275000 0.816406 0.031250 0.082031
2 0.277344 0.891602 0.029687 0.080078
3 0.278906 0.123047 0.032813 0.078125
3 0.279687 0.198242 0.031250 0.076172
3 0.279687 0.274414 0.031250 0.076172
2 0.282031 0.963867 0.029687 0.072266
3 0.285156 0.353516 0.029687 0.078125
3 0.284375 0.430664 0.031250 0.076172
3 0.289062 0.504883 0.031250 0.076172
3 0.292969 0.583984 0.029687 0.078125
3 0.295312 0.660156 0.031250 0.078125
2 0.300000 0.736328 0.031250 0.082031
3 0.302344 0.047852 0.029687 0.076172
2 0.303906 0.811523 0.026562 0.080078
2 0.307031 0.887695 0.029687 0.080078
2 0.307031 0.124023 0.023438 0.076172
2 0.308594 0.961914 0.026562 0.076172
2 0.308594 0.200195 0.026562 0.076172
3 0.310156 0.274414 0.026562 0.076172
3 0.310937 0.274414 0.028125 0.076172
3 0.313281 0.355469 0.026562 0.078125
3 0.314844 0.430664 0.026562 0.072266
3 0.317969 0.504883 0.026562 0.076172
3 0.122656 0.510742 0.032813 0.076172
3 0.322656 0.583008 0.026562 0.080078
3 0.328125 0.657227 0.031250 0.072266
3 0.330469 0.733398 0.032813 0.080078
3 0.332813 0.809570 0.031250 0.076172
2 0.333594 0.885742 0.026562 0.076172
2 0.337500 0.958008 0.031250 0.080078
3 0.125781 0.587891 0.035937 0.078125
3 0.128125 0.662109 0.034375 0.074219
2 0.131250 0.738281 0.031250 0.074219
3 0.413281 0.186523 0.029687 0.076172
3 0.417969 0.265625 0.029687 0.078125
3 0.420312 0.341797 0.031250 0.078125
3 0.421875 0.419922 0.031250 0.078125
3 0.425000 0.497070 0.028125 0.076172
3 0.428906 0.574219 0.029687 0.078125
0 0.431250 0.653320 0.028125 0.080078
2 0.435156 0.731445 0.029687 0.076172
2 0.439063 0.807617 0.031250 0.076172
3 0.441406 0.884766 0.029687 0.074219
2 0.134375 0.813477 0.031250 0.076172
3 0.443750 0.186523 0.031250 0.076172
3 0.443750 0.958984 0.028125 0.078125
3 0.446094 0.264648 0.029687 0.076172
3 0.449219 0.341797 0.032813 0.078125
3 0.453125 0.418945 0.031250 0.076172
3 0.456250 0.495117 0.031250 0.076172
3 0.457813 0.571289 0.028125 0.076172
2 0.136719 0.008789 0.029687 0.017578
3 0.460156 0.651367 0.026562 0.080078
2 0.464844 0.726562 0.029687 0.074219
3 0.468750 0.801758 0.028125 0.076172
3 0.471094 0.879883 0.029687 0.080078
3 0.471875 0.956055 0.028125 0.076172
3 0.473438 0.187500 0.031250 0.078125
3 0.139063 0.055664 0.031250 0.080078
3 0.475781 0.264648 0.026562 0.076172
3 0.477344 0.340820 0.029687 0.080078
3 0.482812 0.495117 0.025000 0.076172
3 0.485938 0.571289 0.025000 0.076172
2 0.489063 0.647461 0.028125 0.080078
2 0.139844 0.888672 0.032813 0.074219
2 0.492188 0.724609 0.028125 0.078125
3 0.495312 0.799805 0.028125 0.076172
3 0.497656 0.875977 0.026562 0.076172
3 0.499219 0.951172 0.026562 0.074219
3 0.141406 0.130859 0.029687 0.074219
2 0.142969 0.962891 0.032813 0.074219
3 0.142969 0.206055 0.029687 0.072266
3 0.146094 0.280273 0.032813 0.076172
3 0.150781 0.433594 0.032813 0.078125
3 0.150781 0.356445 0.032813 0.076172
3 0.159375 0.510742 0.037500 0.076172
3 0.163281 0.584961 0.039062 0.076172
3 0.162500 0.662109 0.034375 0.074219
2 0.164844 0.738281 0.032813 0.078125
2 0.167187 0.810547 0.031250 0.074219
2 0.171094 0.885742 0.029687 0.076172
2 0.173437 0.959961 0.031250 0.072266
2 0.110937 0.008789 0.021875 0.017578
3 0.110937 0.055664 0.021875 0.080078
2 0.111719 0.892578 0.023438 0.074219
2 0.112500 0.963867 0.025000 0.072266
3 0.113281 0.130859 0.026562 0.074219
3 0.242188 0.046875 0.034375 0.078125
3 0.244531 0.125000 0.032813 0.074219
3 0.247656 0.198242 0.032813 0.080078
3 0.249219 0.276367 0.026562 0.080078
3 0.252344 0.354492 0.032813 0.076172
3 0.253125 0.432617 0.028125 0.076172
