1 0.770312 0.735352 0.028125 0.072266
2 0.774219 0.884766 0.026562 0.074219
2 0.796875 0.810547 0.031250 0.074219
2 0.795312 0.734375 0.034375 0.070312
2 0.800781 0.884766 0.026562 0.078125
2 0.830469 0.885742 0.032813 0.072266
2 0.835156 0.960938 0.029687 0.074219
2 0.803906 0.959961 0.032813 0.072266
2 0.828125 0.808594 0.031250 0.078125
2 0.824219 0.661133 0.035937 0.076172
2 0.826562 0.732422 0.031250 0.074219
2 0.792188 0.660156 0.028125 0.074219
2 0.775000 0.958008 0.025000 0.072266
2 0.767969 0.662109 0.029687 0.070312
2 0.768750 0.811523 0.025000 0.072266
