2 0.252344 0.350586 0.026562 0.076172
2 0.255469 0.276367 0.026562 0.076172
2 0.742188 0.416016 0.025000 0.074219
2 0.884375 0.231445 0.021875 0.080078
2 0.726562 0.114258 0.025000 0.072266
2 0.735938 0.567383 0.028125 0.076172
2 0.737500 0.492188 0.028125 0.074219
2 0.258594 0.201172 0.026562 0.074219
1 0.882812 0.912109 0.025000 0.074219
2 0.732031 0.643555 0.029687 0.076172
2 0.728906 0.719727 0.029687 0.076172
2 0.730469 0.040039 0.023438 0.072266
2 0.835938 0.913086 0.031250 0.076172
2 0.839844 0.760742 0.029687 0.076172
3 0.725000 0.870117 0.028125 0.076172
2 0.727344 0.794922 0.029687 0.074219
2 0.263281 0.127930 0.026562 0.076172
2 0.837500 0.836914 0.028125 0.076172
2 0.264844 0.054688 0.029687 0.074219
2 0.270313 0.008789 0.028125 0.017578
2 0.225000 0.347656 0.028125 0.078125
2 0.180469 0.652344 0.029687 0.078125
2 0.239063 0.653320 0.028125 0.076172
2 0.240625 0.049805 0.028125 0.076172
1 0.249219 0.426758 0.029687 0.076172
2 0.241406 0.577148 0.029687 0.076172
2 0.244531 0.502930 0.029687 0.076172
1 0.226562 0.957031 0.028125 0.074219
2 0.232031 0.195312 0.026562 0.074219
2 0.233594 0.729492 0.029687 0.076172
2 0.237500 0.125000 0.028125 0.078125
3 0.831250 0.975586 0.028125 0.048828
2 0.231250 0.804688 0.028125 0.074219
2 0.228906 0.273438 0.026562 0.078125
2 0.229687 0.881836 0.028125 0.076172
2 0.183594 0.574219 0.029687 0.078125
2 0.215625 0.499023 0.031250 0.076172
2 0.207031 0.729492 0.026562 0.076172
2 0.221094 0.423828 0.026562 0.078125
2 0.208594 0.120117 0.029687 0.076172
2 0.212500 0.576172 0.028125 0.078125
2 0.209375 0.651367 0.028125 0.076172
2 0.211719 0.043945 0.029687 0.076172
2 0.187500 0.497070 0.031250 0.076172
2 0.200781 0.269531 0.029687 0.078125
2 0.203906 0.805664 0.026562 0.076172
2 0.204687 0.193359 0.031250 0.074219
2 0.192969 0.420898 0.032813 0.076172
2 0.199219 0.881836 0.026562 0.076172
2 0.195312 0.344727 0.031250 0.076172
1 0.199219 0.957031 0.026562 0.074219
2 0.178125 0.728516 0.031250 0.078125
2 0.888281 0.760742 0.023438 0.076172
2 0.114062 0.019531 0.028125 0.039062
2 0.174219 0.803711 0.029687 0.076172
2 0.169531 0.957031 0.029687 0.074219
2 0.171875 0.881836 0.031250 0.076172
1 0.753906 0.044922 0.026562 0.074219
0 0.885156 0.835938 0.023438 0.074219
0 0.887500 0.157227 0.021875 0.080078
2 0.744531 0.341797 0.026562 0.074219
0 0.752344 0.120117 0.026562 0.072266
2 0.746094 0.265625 0.026562 0.074219
2 0.749219 0.192383 0.026562 0.072266
4 0.407813 0.545898 0.028125 0.076172
2 0.375000 0.088867 0.028125 0.076172
2 0.407031 0.028320 0.026562 0.056641
2 0.375781 0.622070 0.029687 0.076172
2 0.395313 0.850586 0.028125 0.076172
2 0.402344 0.093750 0.026562 0.078125
2 0.403906 0.624023 0.029687 0.076172
2 0.397656 0.776367 0.029687 0.076172
2 0.400000 0.700195 0.031250 0.076172
2 0.399219 0.167969 0.026562 0.078125
2 0.848437 0.530273 0.028125 0.076172
2 0.378906 0.026367 0.032813 0.052734
2 0.390625 0.317383 0.028125 0.080078
2 0.392969 0.925781 0.026562 0.074219
2 0.394531 0.243164 0.026562 0.080078
0 0.379688 0.545898 0.028125 0.076172
0 0.390625 0.982422 0.028125 0.035156
2 0.383594 0.468750 0.026562 0.078125
2 0.387500 0.392578 0.028125 0.078125
2 0.343750 0.696289 0.031250 0.076172
0 0.367188 0.926758 0.025000 0.076172
2 0.372656 0.698242 0.029687 0.076172
0 0.367969 0.850586 0.026562 0.076172
2 0.370312 0.163086 0.031250 0.076172
2 0.846094 0.608398 0.029687 0.076172
2 0.370312 0.774414 0.028125 0.076172
2 0.346875 0.621094 0.031250 0.078125
0 0.361719 0.982422 0.026562 0.035156
2 0.363281 0.313477 0.029687 0.080078
2 0.366406 0.239258 0.032813 0.076172
2 0.843750 0.684570 0.031250 0.076172
2 0.359375 0.390625 0.028125 0.078125
2 0.353125 0.541992 0.031250 0.076172
2 0.354687 0.465820 0.031250 0.076172
2 0.337500 0.850586 0.034375 0.076172
2 0.339844 0.772461 0.032813 0.076172
2 0.335156 0.926758 0.032813 0.076172
2 0.332031 0.982422 0.035937 0.035156
2 0.425781 0.173828 0.029687 0.078125
2 0.869531 0.684570 0.023438 0.076172
2 0.872656 0.610352 0.023438 0.076172
2 0.696875 0.183594 0.028125 0.074219
0 0.715625 0.413086 0.025000 0.076172
2 0.717187 0.336914 0.025000 0.076172
0 0.723437 0.186523 0.025000 0.076172
3 0.718750 0.948242 0.031250 0.080078
2 0.719531 0.262695 0.026562 0.072266
2 0.699219 0.793945 0.026562 0.076172
2 0.707812 0.565430 0.028125 0.076172
2 0.711719 0.489258 0.026562 0.076172
2 0.882031 0.307617 0.023438 0.072266
2 0.700781 0.108398 0.029687 0.072266
2 0.705469 0.641602 0.026562 0.076172
2 0.702344 0.717773 0.026562 0.076172
2 0.704688 0.035156 0.031250 0.070312
2 0.875000 0.532227 0.025000 0.076172
2 0.878906 0.974609 0.026562 0.050781
2 0.688281 0.411133 0.029687 0.076172
2 0.879687 0.380859 0.025000 0.078125
2 0.690625 0.334961 0.028125 0.076172
3 0.696875 0.870117 0.028125 0.076172
3 0.692187 0.947266 0.034375 0.082031
2 0.693750 0.259766 0.028125 0.074219
3 0.663281 0.945312 0.032813 0.082031
2 0.681250 0.563477 0.028125 0.076172
2 0.878125 0.457031 0.025000 0.078125
2 0.685156 0.487305 0.029687 0.076172
3 0.668750 0.870117 0.028125 0.076172
2 0.677344 0.639648 0.029687 0.076172
2 0.672656 0.793945 0.029687 0.076172
2 0.675781 0.715820 0.029687 0.076172
2 0.430469 0.099609 0.029687 0.078125
0 0.539844 0.011719 0.029687 0.023438
0 0.567969 0.672852 0.029687 0.076172
2 0.587500 0.219727 0.028125 0.076172
2 0.590625 0.146484 0.028125 0.074219
1 0.592969 0.071289 0.026562 0.076172
2 0.596094 0.020508 0.029687 0.041016
2 0.567969 0.016602 0.029687 0.033203
0 0.578125 0.446289 0.028125 0.076172
0 0.581250 0.370117 0.028125 0.076172
2 0.583594 0.293945 0.029687 0.076172
0 0.571875 0.597656 0.028125 0.078125
0 0.575000 0.519531 0.028125 0.074219
2 0.865625 0.760742 0.025000 0.076172
2 0.867188 0.022461 0.028125 0.044922
2 0.862500 0.152344 0.031250 0.074219
2 0.557031 0.291016 0.026562 0.078125
2 0.564844 0.142578 0.026562 0.078125
2 0.564844 0.067383 0.029687 0.076172
2 0.557813 0.901367 0.031250 0.076172
1 0.564063 0.748047 0.031250 0.074219
2 0.559375 0.214844 0.028125 0.074219
2 0.561719 0.824219 0.029687 0.074219
2 0.862500 0.836914 0.025000 0.076172
2 0.554688 0.969727 0.031250 0.060547
2 0.555469 0.367188 0.026562 0.074219
2 0.864844 0.078125 0.029687 0.078125
2 0.540625 0.673828 0.028125 0.074219
2 0.552344 0.443359 0.026562 0.078125
0 0.544531 0.595703 0.023438 0.078125
2 0.546094 0.517578 0.029687 0.074219
2 0.433594 0.032227 0.029687 0.064453
2 0.510156 0.749023 0.035937 0.076172
2 0.531250 0.899414 0.028125 0.076172
0 0.535937 0.136719 0.031250 0.074219
2 0.536719 0.749023 0.026562 0.076172
2 0.535937 0.826172 0.028125 0.074219
2 0.536719 0.061523 0.029687 0.076172
2 0.514062 0.670898 0.031250 0.076172
2 0.529687 0.969727 0.028125 0.060547
2 0.529687 0.288086 0.031250 0.076172
2 0.531250 0.210938 0.031250 0.078125
0 0.517188 0.592773 0.031250 0.076172
2 0.525000 0.362305 0.034375 0.076172
2 0.518750 0.516602 0.031250 0.076172
0 0.523438 0.438477 0.031250 0.076172
2 0.853906 0.454102 0.029687 0.076172
2 0.857812 0.305664 0.028125 0.080078
2 0.860938 0.228516 0.031250 0.078125
2 0.500781 0.969727 0.029687 0.060547
2 0.860156 0.912109 0.023438 0.074219
2 0.504687 0.901367 0.034375 0.076172
2 0.508594 0.826172 0.035937 0.074219
2 0.855469 0.975586 0.023438 0.048828
2 0.854688 0.377930 0.028125 0.076172
2 0.421875 0.247070 0.031250 0.076172
2 0.417187 0.322266 0.031250 0.078125
2 0.410938 0.471680 0.028125 0.076172
2 0.414062 0.395508 0.031250 0.076172
