2 0.372656 0.440430 0.060937 0.033203
2 0.430469 0.476562 0.060937 0.035156
0 0.432812 0.442383 0.059375 0.033203
0 0.490625 0.479492 0.059375 0.033203
2 0.550781 0.480469 0.060937 0.035156
2 0.610156 0.485352 0.060937 0.033203
0 0.671875 0.488281 0.059375 0.035156
2 0.730469 0.490234 0.060937 0.035156
2 0.792188 0.496094 0.059375 0.035156
2 0.790625 0.461914 0.059375 0.029297
1 0.610156 0.450195 0.060937 0.033203
2 0.251563 0.466797 0.056250 0.035156
2 0.967969 0.470703 0.060937 0.031250
2 0.848437 0.464844 0.062500 0.031250
2 0.368750 0.471680 0.059375 0.033203
2 0.308594 0.468750 0.060937 0.039062
0 0.908594 0.469727 0.057813 0.029297
1 0.731250 0.458008 0.059375 0.029297
2 0.671094 0.455078 0.060937 0.031250
0 0.550781 0.448242 0.060937 0.033203
2 0.490625 0.446289 0.059375 0.029297
2 0.715625 0.288086 0.059375 0.029297
2 0.775781 0.291016 0.057813 0.031250
2 0.835156 0.324219 0.057813 0.031250
2 0.894531 0.330078 0.057813 0.031250
2 0.254688 0.432617 0.056250 0.033203
2 0.935937 0.942383 0.059375 0.037109
2 0.312500 0.436523 0.059375 0.033203
2 0.953125 0.333008 0.059375 0.029297
2 0.875781 0.940430 0.060937 0.037109
2 0.759375 0.936523 0.056250 0.037109
2 0.816406 0.937500 0.060937 0.039062
2 0.172656 0.291016 0.057813 0.039062
2 0.473438 0.307617 0.059375 0.033203
2 0.716406 0.320312 0.060937 0.035156
2 0.775781 0.324219 0.060937 0.035156
2 0.532031 0.308594 0.060937 0.035156
2 0.655469 0.316406 0.060937 0.031250
2 0.593750 0.313477 0.059375 0.033203
2 0.696094 0.930664 0.060937 0.037109
2 0.835156 0.293945 0.057813 0.029297
2 0.351562 0.302734 0.059375 0.035156
2 0.952344 0.302734 0.060937 0.031250
2 0.412500 0.303711 0.059375 0.037109
2 0.231250 0.295898 0.059375 0.033203
2 0.892188 0.299805 0.059375 0.029297
2 0.636719 0.928711 0.060937 0.037109
2 0.292187 0.297852 0.059375 0.033203
2 0.176563 0.257812 0.056250 0.031250
2 0.575781 0.926758 0.057813 0.037109
2 0.534375 0.277344 0.059375 0.031250
1 0.593750 0.281250 0.059375 0.035156
2 0.653906 0.283203 0.060937 0.031250
2 0.775000 0.260742 0.059375 0.029297
2 0.353906 0.268555 0.060937 0.033203
2 0.474219 0.274414 0.060937 0.033203
1 0.951562 0.269531 0.059375 0.035156
2 0.413281 0.272461 0.060937 0.029297
2 0.234375 0.262695 0.059375 0.033203
2 0.833594 0.263672 0.057813 0.031250
2 0.891406 0.267578 0.060937 0.035156
2 0.293750 0.265625 0.059375 0.031250
0 0.399219 0.843750 0.057813 0.031250
2 0.932813 0.873047 0.059375 0.035156
2 0.715625 0.254883 0.059375 0.033203
2 0.397656 0.878906 0.057813 0.039062
2 0.595313 0.247070 0.059375 0.033203
2 0.655469 0.252930 0.060937 0.029297
2 0.457813 0.881836 0.062500 0.037109
2 0.517188 0.884766 0.059375 0.035156
2 0.459375 0.846680 0.059375 0.029297
2 0.757031 0.864258 0.060937 0.033203
0 0.814063 0.865234 0.062500 0.035156
2 0.873437 0.870117 0.059375 0.033203
2 0.517969 0.855469 0.060937 0.035156
0 0.696875 0.859375 0.059375 0.031250
0 0.577344 0.855469 0.060937 0.039062
0 0.637500 0.859375 0.059375 0.035156
2 0.153906 0.030273 0.060937 0.029297
2 0.696094 0.894531 0.060937 0.035156
2 0.757031 0.898438 0.060937 0.039062
2 0.271875 0.031250 0.059375 0.031250
2 0.816406 0.902344 0.060937 0.042969
0 0.211719 0.029297 0.057813 0.031250
2 0.036719 0.024414 0.057813 0.029297
2 0.095312 0.026367 0.059375 0.029297
2 0.636719 0.893555 0.060937 0.037109
2 0.331250 0.032227 0.059375 0.029297
0 0.868750 0.092773 0.059375 0.029297
2 0.385156 0.096680 0.060937 0.033203
2 0.867188 0.124023 0.059375 0.033203
2 0.937500 0.706055 0.056250 0.037109
2 0.447656 0.098633 0.060937 0.033203
2 0.687500 0.112305 0.059375 0.033203
0 0.576562 0.890625 0.059375 0.035156
2 0.748437 0.116211 0.062500 0.033203
2 0.809375 0.120117 0.059375 0.033203
2 0.927344 0.098633 0.060937 0.029297
2 0.628906 0.108398 0.060937 0.033203
2 0.508594 0.102539 0.060937 0.033203
2 0.568750 0.106445 0.059375 0.033203
0 0.450781 0.040039 0.060937 0.029297
2 0.325000 0.091797 0.059375 0.035156
2 0.146094 0.086914 0.060937 0.033203
2 0.085938 0.084961 0.059375 0.033203
2 0.266406 0.091797 0.060937 0.031250
0 0.207031 0.088867 0.057813 0.033203
2 0.808594 0.088867 0.057813 0.029297
2 0.689063 0.081055 0.059375 0.029297
2 0.392969 0.036133 0.060937 0.029297
2 0.389844 0.065430 0.060937 0.029297
2 0.028125 0.083984 0.056250 0.031250
2 0.749219 0.084961 0.060937 0.029297
2 0.449219 0.069336 0.060937 0.029297
0 0.927344 0.066406 0.057813 0.031250
2 0.628906 0.078125 0.060937 0.031250
2 0.508594 0.073242 0.060937 0.029297
2 0.568750 0.077148 0.059375 0.029297
1 0.510156 0.042969 0.060937 0.031250
2 0.208594 0.059570 0.057813 0.029297
2 0.933594 0.905273 0.057813 0.033203
2 0.866406 0.063477 0.060937 0.029297
2 0.268750 0.059570 0.062500 0.029297
2 0.874219 0.905273 0.060937 0.033203
2 0.329688 0.061523 0.059375 0.029297
2 0.808594 0.062500 0.057813 0.027344
2 0.091406 0.055664 0.060937 0.029297
2 0.749219 0.057617 0.060937 0.025391
2 0.150000 0.058594 0.059375 0.031250
2 0.568750 0.045898 0.059375 0.029297
2 0.629687 0.047852 0.059375 0.029297
2 0.032813 0.051758 0.059375 0.033203
0 0.689063 0.051758 0.059375 0.029297
2 0.759375 0.731445 0.059375 0.033203
2 0.819531 0.736328 0.060937 0.035156
2 0.879687 0.737305 0.059375 0.037109
2 0.938281 0.741211 0.057813 0.033203
0 0.578906 0.724609 0.060937 0.039062
2 0.700781 0.728516 0.057813 0.031250
2 0.639844 0.726562 0.060937 0.035156
2 0.335156 0.705078 0.060937 0.039062
0 0.396875 0.711914 0.059375 0.037109
2 0.457031 0.714844 0.060937 0.035156
2 0.517969 0.719727 0.057813 0.033203
2 0.818750 0.700195 0.059375 0.037109
2 0.639844 0.691406 0.060937 0.035156
2 0.878906 0.703125 0.057813 0.035156
2 0.277344 0.704102 0.060937 0.037109
2 0.700000 0.695312 0.059375 0.035156
2 0.217188 0.701172 0.062500 0.039062
2 0.096094 0.691406 0.064062 0.039062
2 0.580469 0.653320 0.060937 0.033203
2 0.157812 0.696289 0.059375 0.037109
0 0.760156 0.697266 0.060937 0.035156
2 0.338281 0.670898 0.060937 0.033203
2 0.579688 0.687500 0.062500 0.035156
1 0.100781 0.655273 0.060937 0.033203
2 0.039062 0.688477 0.059375 0.037109
2 0.935156 0.671875 0.057813 0.031250
2 0.517969 0.683594 0.060937 0.039062
1 0.398438 0.672852 0.062500 0.037109
2 0.458594 0.678711 0.060937 0.041016
2 0.819531 0.666016 0.057813 0.031250
2 0.160938 0.656250 0.062500 0.039062
2 0.280469 0.666016 0.060937 0.039062
2 0.876563 0.668945 0.059375 0.033203
2 0.640625 0.659180 0.059375 0.033203
2 0.760156 0.664062 0.060937 0.031250
2 0.700000 0.661133 0.059375 0.033203
2 0.218750 0.662109 0.062500 0.039062
2 0.929688 0.129883 0.062500 0.033203
2 0.296875 0.234375 0.059375 0.035156
2 0.282813 0.631836 0.059375 0.025391
2 0.044531 0.653320 0.060937 0.037109
2 0.732031 0.526367 0.060937 0.037109
2 0.341406 0.638672 0.060937 0.031250
1 0.521094 0.650391 0.060937 0.031250
2 0.400781 0.639648 0.060937 0.029297
2 0.460156 0.643555 0.060937 0.025391
2 0.792969 0.530273 0.060937 0.033203
2 0.105469 0.622070 0.060937 0.029297
2 0.163281 0.624023 0.060937 0.029297
0 0.221094 0.628906 0.060937 0.027344
2 0.238281 0.230469 0.060937 0.031250
2 0.851562 0.533203 0.062500 0.035156
2 0.046875 0.621094 0.059375 0.027344
2 0.912500 0.534180 0.062500 0.037109
0 0.970313 0.536133 0.059375 0.033203
2 0.396875 0.916992 0.059375 0.037109
2 0.455469 0.920898 0.060937 0.037109
2 0.356250 0.234375 0.059375 0.035156
2 0.611719 0.518555 0.060937 0.037109
2 0.671094 0.522461 0.060937 0.041016
2 0.307031 0.504883 0.060937 0.037109
2 0.367969 0.505859 0.060937 0.035156
2 0.550781 0.515625 0.060937 0.035156
2 0.428906 0.508789 0.060937 0.037109
2 0.489063 0.513672 0.059375 0.035156
2 0.178906 0.226562 0.057813 0.031250
2 0.515625 0.922852 0.059375 0.041016
2 0.248438 0.500000 0.056250 0.039062
2 0.908594 0.499023 0.060937 0.033203
0 0.969531 0.502930 0.060937 0.033203
2 0.415625 0.238281 0.059375 0.035156
2 0.849219 0.499023 0.060937 0.033203
2 0.475781 0.239258 0.057813 0.037109
2 0.534375 0.243164 0.059375 0.037109
