3 0.382031 0.978516 0.029687 0.042969
2 0.384375 0.921875 0.028125 0.074219
3 0.389062 0.848633 0.025000 0.076172
3 0.390625 0.770508 0.028125 0.080078
3 0.396094 0.697266 0.032813 0.082031
3 0.397656 0.619141 0.029687 0.082031
3 0.402344 0.545898 0.035937 0.083984
3 0.403906 0.468750 0.029687 0.082031
3 0.407813 0.392578 0.034375 0.082031
3 0.408594 0.981445 0.032813 0.037109
2 0.411719 0.926758 0.029687 0.076172
3 0.413281 0.851562 0.026562 0.078125
3 0.417187 0.775391 0.028125 0.078125
3 0.422656 0.698242 0.032813 0.083984
3 0.424219 0.622070 0.032813 0.083984
3 0.428125 0.547852 0.034375 0.083984
3 0.429688 0.470703 0.028125 0.085938
3 0.435156 0.392578 0.032813 0.082031
2 0.435156 0.985352 0.029687 0.029297
3 0.439063 0.933594 0.031250 0.078125
3 0.453906 0.470703 0.032813 0.082031
3 0.456250 0.551758 0.034375 0.083984
3 0.458594 0.393555 0.032813 0.080078
3 0.545312 0.984375 0.031250 0.031250
3 0.547656 0.932617 0.029687 0.072266
3 0.551562 0.860352 0.031250 0.076172
3 0.556250 0.787109 0.031250 0.078125
3 0.560156 0.709961 0.032813 0.080078
3 0.564063 0.631836 0.031250 0.080078
3 0.565625 0.556641 0.031250 0.078125
2 0.572656 0.987305 0.029687 0.025391
3 0.572656 0.481445 0.029687 0.076172
2 0.875781 0.866211 0.026562 0.076172
2 0.880469 0.791016 0.026562 0.074219
2 0.882812 0.715820 0.025000 0.076172
1 0.887500 0.641602 0.025000 0.076172
2 0.575000 0.402344 0.025000 0.078125
2 0.575000 0.937500 0.028125 0.074219
3 0.579688 0.863281 0.028125 0.078125
3 0.580469 0.326172 0.026562 0.078125
3 0.582031 0.249023 0.026562 0.076172
3 0.584375 0.787109 0.034375 0.082031
3 0.589844 0.711914 0.032813 0.080078
3 0.592187 0.633789 0.031250 0.080078
3 0.594531 0.557617 0.032813 0.076172
3 0.598437 0.483398 0.031250 0.080078
3 0.601562 0.405273 0.028125 0.080078
2 0.601562 0.991211 0.031250 0.017578
2 0.605469 0.944336 0.029687 0.076172
3 0.607031 0.328125 0.032813 0.078125
3 0.607812 0.869141 0.028125 0.078125
3 0.609375 0.250977 0.031250 0.080078
3 0.612500 0.790039 0.034375 0.083984
3 0.616406 0.711914 0.032813 0.080078
3 0.620313 0.634766 0.031250 0.082031
3 0.624219 0.559570 0.029687 0.076172
3 0.627344 0.485352 0.029687 0.080078
3 0.629687 0.407227 0.031250 0.080078
3 0.633594 0.329102 0.032813 0.080078
3 0.639844 0.251953 0.029687 0.074219
2 0.707031 0.985352 0.029687 0.029297
3 0.709375 0.937500 0.034375 0.074219
3 0.715625 0.864258 0.031250 0.076172
3 0.717969 0.789062 0.035937 0.078125
3 0.722656 0.712891 0.032813 0.078125
3 0.725781 0.637695 0.035937 0.083984
3 0.730469 0.563477 0.032813 0.080078
3 0.734375 0.485352 0.031250 0.076172
2 0.734375 0.988281 0.028125 0.023438
3 0.739844 0.412109 0.029687 0.078125
3 0.741406 0.941406 0.032813 0.078125
3 0.744531 0.867188 0.032813 0.082031
3 0.745313 0.331055 0.028125 0.080078
3 0.748437 0.256836 0.028125 0.076172
3 0.748437 0.794922 0.028125 0.082031
3 0.752344 0.716797 0.029687 0.082031
2 0.751563 0.180664 0.028125 0.076172
3 0.754687 0.101562 0.028125 0.078125
3 0.758594 0.641602 0.029687 0.080078
3 0.760938 0.566406 0.031250 0.078125
3 0.764062 0.488281 0.031250 0.078125
2 0.764844 0.991211 0.032813 0.017578
2 0.770312 0.945312 0.031250 0.078125
3 0.771875 0.415039 0.031250 0.080078
3 0.772656 0.333984 0.029687 0.082031
2 0.774219 0.872070 0.029687 0.076172
3 0.777344 0.256836 0.026562 0.076172
2 0.779687 0.796875 0.031250 0.082031
2 0.779687 0.180664 0.028125 0.080078
3 0.783594 0.101562 0.026562 0.078125
2 0.782813 0.720703 0.031250 0.082031
3 0.788281 0.644531 0.032813 0.082031
3 0.792188 0.568359 0.031250 0.078125
3 0.794531 0.491211 0.032813 0.080078
3 0.799219 0.413086 0.032813 0.080078
3 0.803125 0.336914 0.031250 0.080078
2 0.807813 0.258789 0.031250 0.076172
3 0.808594 0.180664 0.029687 0.080078
3 0.809375 0.101562 0.028125 0.078125
0 0.867969 0.988281 0.029687 0.023438
0 0.871875 0.939453 0.028125 0.074219
