3 0.757031 0.779297 0.057813 0.035156
3 0.695312 0.779297 0.065625 0.035156
3 0.628906 0.788086 0.067187 0.037109
2 0.510938 0.791992 0.059375 0.037109
3 0.510156 0.791992 0.060937 0.037109
3 0.567187 0.792969 0.056250 0.035156
2 0.449219 0.796875 0.060937 0.035156
2 0.388281 0.801758 0.060937 0.033203
2 0.327344 0.802734 0.060937 0.035156
2 0.264844 0.806641 0.060937 0.035156
2 0.203906 0.810547 0.064062 0.031250
3 0.755469 0.812500 0.057813 0.035156
2 0.143750 0.813477 0.062500 0.033203
3 0.696094 0.814453 0.064062 0.035156
2 0.085156 0.816406 0.060937 0.035156
3 0.631250 0.823242 0.068750 0.033203
3 0.570312 0.826172 0.056250 0.035156
2 0.510156 0.826172 0.057813 0.035156
2 0.450781 0.829102 0.060937 0.037109
0 0.390625 0.833008 0.059375 0.033203
1 0.328125 0.835938 0.062500 0.031250
2 0.269531 0.839844 0.060937 0.031250
0 0.207813 0.840820 0.059375 0.033203
2 0.149219 0.843750 0.060937 0.031250
2 0.089063 0.844727 0.059375 0.029297
3 0.756250 0.845703 0.056250 0.027344
3 0.696875 0.849609 0.062500 0.035156
3 0.630469 0.856445 0.067187 0.029297
3 0.568750 0.858398 0.056250 0.025391
2 0.512500 0.861328 0.056250 0.031250
2 0.452344 0.861328 0.060937 0.031250
2 0.389844 0.864258 0.060937 0.033203
2 0.330469 0.868164 0.060937 0.029297
2 0.272656 0.869141 0.057813 0.031250
2 0.213281 0.873047 0.060937 0.031250
2 0.153125 0.874023 0.059375 0.033203
2 0.093750 0.875000 0.056250 0.031250
