0 0.594531 0.595703 0.026562 0.074219
2 0.598437 0.673828 0.025000 0.074219
0 0.600781 0.747070 0.026562 0.072266
4 0.604688 0.821289 0.028125 0.072266
2 0.685937 0.043945 0.025000 0.072266
2 0.686719 0.122070 0.023438 0.076172
2 0.691406 0.198242 0.026562 0.076172
2 0.693750 0.271484 0.025000 0.074219
2 0.696875 0.346680 0.025000 0.076172
2 0.700781 0.424805 0.026562 0.076172
2 0.705469 0.500000 0.026562 0.078125
2 0.708594 0.576172 0.026562 0.074219
2 0.707812 0.047852 0.021875 0.072266
2 0.710156 0.653320 0.026562 0.076172
2 0.711719 0.123047 0.023438 0.074219
2 0.712500 0.727539 0.028125 0.076172
2 0.714844 0.197266 0.023438 0.074219
2 0.717187 0.802734 0.031250 0.074219
2 0.717969 0.877930 0.026562 0.076172
2 0.718750 0.272461 0.025000 0.072266
2 0.721875 0.955078 0.028125 0.078125
2 0.721094 0.348633 0.023438 0.076172
2 0.725000 0.423828 0.021875 0.074219
0 0.728906 0.498047 0.023438 0.074219
2 0.732812 0.574219 0.021875 0.074219
2 0.733594 0.048828 0.026562 0.070312
2 0.735156 0.649414 0.023438 0.076172
2 0.737500 0.125000 0.025000 0.074219
2 0.739062 0.724609 0.025000 0.078125
2 0.739844 0.199219 0.023438 0.074219
2 0.741406 0.798828 0.023438 0.074219
2 0.742969 0.272461 0.023438 0.072266
2 0.743750 0.875000 0.025000 0.078125
2 0.746094 0.948242 0.023438 0.076172
1 0.745313 0.347656 0.025000 0.074219
2 0.747656 0.992188 0.023438 0.015625
0 0.748437 0.423828 0.025000 0.074219
0 0.753906 0.498047 0.023438 0.074219
2 0.755469 0.572266 0.023438 0.074219
2 0.758594 0.646484 0.023438 0.074219
0 0.761719 0.722656 0.023438 0.074219
2 0.764062 0.797852 0.025000 0.076172
0 0.766406 0.871094 0.023438 0.074219
2 0.767969 0.942383 0.023438 0.072266
2 0.771094 0.989258 0.023438 0.021484
2 0.843750 0.048828 0.025000 0.074219
2 0.850000 0.122070 0.025000 0.072266
2 0.851562 0.195312 0.025000 0.074219
2 0.854688 0.272461 0.025000 0.076172
2 0.860156 0.347656 0.029687 0.074219
2 0.860938 0.422852 0.028125 0.076172
2 0.864844 0.498047 0.029687 0.078125
2 0.867969 0.575195 0.032813 0.080078
2 0.870313 0.048828 0.025000 0.074219
2 0.872656 0.648438 0.029687 0.078125
2 0.874219 0.124023 0.023438 0.072266
2 0.875781 0.721680 0.029687 0.080078
2 0.875781 0.198242 0.023438 0.076172
2 0.878906 0.799805 0.029687 0.080078
2 0.880469 0.271484 0.023438 0.074219
2 0.881250 0.872070 0.031250 0.080078
2 0.882812 0.947266 0.031250 0.082031
2 0.884375 0.347656 0.025000 0.074219
0 0.885156 0.989258 0.029687 0.021484
2 0.887500 0.420898 0.025000 0.076172
2 0.358594 0.026367 0.029687 0.052734
2 0.360938 0.091797 0.028125 0.074219
2 0.364063 0.166992 0.028125 0.076172
2 0.367188 0.244141 0.028125 0.074219
2 0.368750 0.319336 0.028125 0.076172
2 0.371875 0.394531 0.028125 0.074219
2 0.385937 0.027344 0.025000 0.054688
2 0.387500 0.091797 0.025000 0.074219
2 0.392969 0.167969 0.023438 0.074219
2 0.393750 0.244141 0.028125 0.074219
2 0.396875 0.319336 0.028125 0.076172
2 0.399219 0.393555 0.026562 0.072266
2 0.410938 0.028320 0.028125 0.056641
1 0.414844 0.093750 0.026562 0.074219
2 0.416406 0.168945 0.023438 0.072266
2 0.419531 0.244141 0.023438 0.074219
2 0.423438 0.318359 0.028125 0.074219
2 0.426563 0.394531 0.028125 0.074219
2 0.519531 0.015625 0.029687 0.031250
2 0.522656 0.069336 0.029687 0.072266
2 0.524219 0.143555 0.026562 0.076172
2 0.528125 0.218750 0.028125 0.074219
2 0.531250 0.297852 0.028125 0.076172
2 0.534375 0.372070 0.028125 0.076172
2 0.537500 0.449219 0.028125 0.078125
2 0.540625 0.526367 0.025000 0.076172
2 0.542188 0.602539 0.025000 0.076172
2 0.546875 0.678711 0.025000 0.076172
2 0.546875 0.016602 0.025000 0.033203
2 0.547656 0.753906 0.023438 0.074219
2 0.548438 0.070312 0.021875 0.074219
0 0.550000 0.145508 0.028125 0.076172
2 0.550781 0.831055 0.023438 0.072266
2 0.554688 0.221680 0.025000 0.076172
2 0.557031 0.297852 0.023438 0.076172
2 0.557813 0.371094 0.025000 0.074219
2 0.562500 0.448242 0.025000 0.076172
0 0.565625 0.524414 0.025000 0.076172
2 0.568750 0.600586 0.025000 0.076172
1 0.571094 0.017578 0.026562 0.035156
2 0.571875 0.675781 0.025000 0.074219
2 0.575000 0.072266 0.025000 0.074219
2 0.575000 0.751953 0.025000 0.074219
2 0.576562 0.826172 0.025000 0.074219
2 0.577344 0.145508 0.026562 0.072266
2 0.580469 0.220703 0.026562 0.074219
2 0.584375 0.297852 0.028125 0.076172
2 0.584375 0.372070 0.028125 0.076172
2 0.588281 0.447266 0.026562 0.074219
2 0.591406 0.522461 0.026562 0.076172
