3 0.723437 0.178711 0.028125 0.072266
3 0.734375 0.416016 0.028125 0.070312
1 0.768750 0.714844 0.025000 0.078125
3 0.733594 0.487305 0.029687 0.076172
3 0.723437 0.255859 0.028125 0.082031
2 0.733594 0.486328 0.029687 0.074219
3 0.730469 0.338867 0.029687 0.083984
2 0.745313 0.793945 0.028125 0.076172
2 0.737500 0.563477 0.028125 0.076172
0 0.766406 0.636719 0.026562 0.074219
2 0.742188 0.715820 0.028125 0.076172
2 0.741406 0.639648 0.026562 0.076172
2 0.763281 0.561523 0.029687 0.076172
3 0.750000 0.180664 0.028125 0.072266
2 0.748437 0.870117 0.025000 0.080078
2 0.760938 0.487305 0.028125 0.072266
3 0.751563 0.254883 0.028125 0.080078
2 0.750781 0.945312 0.026562 0.078125
3 0.760938 0.412109 0.028125 0.070312
2 0.753125 0.990234 0.028125 0.019531
3 0.758594 0.335938 0.026562 0.085938
2 0.800000 0.986328 0.025000 0.027344
3 0.785156 0.336914 0.023438 0.083984
0 0.772656 0.865234 0.026562 0.074219
2 0.771875 0.788086 0.025000 0.076172
3 0.779687 0.253906 0.028125 0.078125
2 0.775000 0.938477 0.025000 0.076172
3 0.776563 0.179688 0.021875 0.070312
2 0.775781 0.988281 0.023438 0.023438
2 0.799219 0.933594 0.026562 0.074219
2 0.789062 0.559570 0.025000 0.076172
2 0.789062 0.484375 0.025000 0.070312
3 0.786719 0.414062 0.020313 0.070312
2 0.798438 0.858398 0.025000 0.076172
2 0.791406 0.637695 0.026562 0.076172
2 0.795312 0.784180 0.025000 0.072266
2 0.794531 0.711914 0.023438 0.076172
