0 0.860938 0.660156 0.025000 0.074219
2 0.861719 0.059570 0.029687 0.076172
2 0.859375 0.586914 0.025000 0.076172
2 0.854688 0.510742 0.021875 0.072266
3 0.858594 0.011719 0.029687 0.023438
2 0.685156 0.325195 0.026562 0.076172
0 0.681250 0.249023 0.025000 0.076172
2 0.367969 0.721680 0.026562 0.076172
2 0.353125 0.264648 0.028125 0.076172
2 0.366406 0.645508 0.026562 0.076172
2 0.361719 0.569336 0.026562 0.076172
2 0.353906 0.340820 0.026562 0.076172
2 0.360938 0.494141 0.028125 0.078125
2 0.357031 0.417969 0.026562 0.078125
2 0.678125 0.986328 0.028125 0.027344
2 0.371875 0.038086 0.031250 0.076172
2 0.378906 0.991211 0.026562 0.017578
2 0.371875 0.797852 0.028125 0.076172
2 0.377344 0.190430 0.029687 0.076172
2 0.373437 0.873047 0.028125 0.074219
2 0.377344 0.948242 0.026562 0.076172
2 0.375000 0.114258 0.028125 0.076172
2 0.678125 0.174805 0.025000 0.076172
1 0.385156 0.415039 0.029687 0.076172
2 0.382031 0.340820 0.029687 0.076172
2 0.379688 0.265625 0.028125 0.074219
2 0.676562 0.935547 0.028125 0.074219
0 0.673438 0.860352 0.028125 0.072266
2 0.676562 0.032227 0.021875 0.064453
2 0.675000 0.098633 0.025000 0.076172
2 0.175781 0.703125 0.029687 0.074219
2 0.807813 0.055664 0.028125 0.076172
0 0.707031 0.250000 0.026562 0.074219
2 0.695312 0.630859 0.028125 0.074219
2 0.694531 0.554688 0.026562 0.078125
2 0.690625 0.478516 0.025000 0.074219
2 0.688281 0.402344 0.023438 0.074219
2 0.705469 0.983398 0.026562 0.033203
0 0.699219 0.782227 0.026562 0.072266
2 0.698438 0.031250 0.028125 0.062500
2 0.696875 0.705078 0.028125 0.074219
0 0.704688 0.173828 0.025000 0.074219
1 0.700000 0.099609 0.028125 0.074219
2 0.703906 0.929688 0.026562 0.070312
2 0.700781 0.857422 0.026562 0.074219
3 0.804688 0.008789 0.028125 0.017578
0 0.709375 0.327148 0.028125 0.076172
2 0.723437 0.702148 0.028125 0.072266
2 0.161719 0.320312 0.029687 0.074219
2 0.721875 0.627930 0.028125 0.076172
0 0.714844 0.402344 0.026562 0.074219
2 0.719531 0.552734 0.029687 0.074219
0 0.714844 0.476562 0.026562 0.074219
2 0.170313 0.626953 0.028125 0.074219
2 0.729688 0.927734 0.025000 0.074219
0 0.726562 0.854492 0.028125 0.076172
1 0.725000 0.778320 0.028125 0.072266
2 0.169531 0.549805 0.029687 0.076172
2 0.730469 0.982422 0.026562 0.035156
2 0.164844 0.396484 0.032813 0.074219
2 0.164844 0.473633 0.029687 0.076172
0 0.850000 0.435547 0.025000 0.078125
2 0.840625 0.208008 0.025000 0.076172
2 0.828906 0.509766 0.032813 0.074219
2 0.812500 0.132812 0.031250 0.078125
2 0.822656 0.433594 0.029687 0.078125
2 0.815625 0.207031 0.028125 0.078125
2 0.819531 0.359375 0.029687 0.078125
2 0.817969 0.282227 0.029687 0.076172
2 0.839063 0.890625 0.028125 0.078125
2 0.832812 0.665039 0.028125 0.076172
2 0.832031 0.587891 0.029687 0.078125
3 0.831250 0.009766 0.025000 0.019531
2 0.838281 0.131836 0.029687 0.076172
2 0.834375 0.056641 0.028125 0.078125
2 0.837500 0.816406 0.028125 0.074219
2 0.835156 0.740234 0.029687 0.074219
2 0.846875 0.358398 0.025000 0.076172
0 0.842187 0.964844 0.028125 0.070312
2 0.842969 0.284180 0.023438 0.076172
2 0.347656 0.953125 0.029687 0.074219
2 0.347656 0.112305 0.026562 0.076172
2 0.349219 0.188477 0.026562 0.076172
2 0.862500 0.133789 0.028125 0.076172
2 0.862500 0.735352 0.025000 0.076172
2 0.345313 0.876953 0.028125 0.074219
2 0.342969 0.801758 0.029687 0.076172
2 0.339844 0.723633 0.029687 0.076172
2 0.336719 0.647461 0.029687 0.076172
2 0.315625 0.037109 0.031250 0.074219
2 0.334375 0.571289 0.031250 0.076172
2 0.325781 0.265625 0.032813 0.078125
2 0.321094 0.188477 0.029687 0.076172
2 0.319531 0.112305 0.029687 0.076172
2 0.332031 0.494141 0.029687 0.078125
2 0.326562 0.340820 0.031250 0.076172
2 0.329688 0.416992 0.031250 0.076172
2 0.345313 0.038086 0.028125 0.076172
2 0.557813 0.676758 0.028125 0.076172
2 0.542969 0.223633 0.029687 0.076172
2 0.539844 0.147461 0.029687 0.076172
2 0.484375 0.147461 0.031250 0.076172
2 0.564063 0.826172 0.028125 0.074219
2 0.560156 0.750977 0.026562 0.076172
2 0.539062 0.904297 0.025000 0.074219
2 0.536719 0.072266 0.029687 0.074219
2 0.537500 0.831055 0.025000 0.076172
2 0.534375 0.752930 0.025000 0.076172
2 0.486719 0.223633 0.029687 0.076172
2 0.534375 0.017578 0.028125 0.035156
2 0.532031 0.677734 0.026562 0.074219
2 0.523438 0.450195 0.028125 0.076172
2 0.529687 0.603516 0.028125 0.078125
2 0.527344 0.526367 0.026562 0.076172
4 0.543750 0.297852 0.028125 0.076172
2 0.542969 0.969727 0.023438 0.060547
2 0.548438 0.373047 0.028125 0.074219
2 0.550781 0.450195 0.026562 0.076172
2 0.556250 0.601562 0.028125 0.078125
2 0.552344 0.525391 0.029687 0.074219
2 0.403906 0.943359 0.026562 0.074219
2 0.405469 0.990234 0.026562 0.019531
2 0.400781 0.869141 0.026562 0.074219
2 0.477344 0.015625 0.029687 0.031250
2 0.397656 0.793945 0.026562 0.076172
2 0.394531 0.717773 0.026562 0.076172
2 0.392188 0.643555 0.028125 0.076172
2 0.389062 0.567383 0.028125 0.076172
2 0.479687 0.070312 0.028125 0.074219
2 0.386719 0.492188 0.026562 0.074219
2 0.180469 0.029297 0.029687 0.058594
2 0.181250 0.856445 0.031250 0.076172
0 0.889844 0.956055 0.020313 0.072266
2 0.888281 0.882812 0.023438 0.078125
1 0.887500 0.808594 0.025000 0.074219
2 0.882812 0.661133 0.025000 0.076172
0 0.884375 0.735352 0.021875 0.076172
2 0.650781 0.097656 0.029687 0.074219
2 0.881250 0.584961 0.021875 0.076172
0 0.668750 0.708008 0.031250 0.072266
2 0.650000 0.030273 0.034375 0.060547
2 0.568750 0.968750 0.025000 0.062500
2 0.564844 0.901367 0.026562 0.076172
2 0.667188 0.631836 0.031250 0.072266
2 0.657813 0.327148 0.031250 0.076172
0 0.654687 0.248047 0.031250 0.074219
2 0.653125 0.171875 0.031250 0.074219
2 0.665625 0.556641 0.031250 0.074219
0 0.661719 0.402344 0.032813 0.074219
2 0.662500 0.480469 0.031250 0.074219
2 0.157812 0.245117 0.028125 0.076172
2 0.179688 0.779297 0.031250 0.074219
2 0.863281 0.812500 0.023438 0.078125
2 0.872656 0.358398 0.026562 0.076172
2 0.671094 0.785156 0.029687 0.074219
2 0.869531 0.284180 0.026562 0.076172
0 0.865625 0.884766 0.025000 0.074219
2 0.867969 0.958984 0.023438 0.074219
2 0.865625 0.207031 0.028125 0.074219
2 0.878125 0.509766 0.025000 0.074219
2 0.875781 0.434570 0.026562 0.076172
0 0.244531 0.979492 0.029687 0.041016
1 0.241406 0.923828 0.029687 0.074219
2 0.189062 0.320312 0.028125 0.074219
2 0.188281 0.245117 0.029687 0.076172
2 0.187500 0.984375 0.031250 0.031250
2 0.516406 0.972656 0.029687 0.054688
2 0.183594 0.168945 0.026562 0.076172
2 0.155469 0.168945 0.029687 0.076172
2 0.184375 0.931641 0.031250 0.074219
2 0.182812 0.094727 0.028125 0.076172
2 0.193750 0.395508 0.028125 0.076172
2 0.239063 0.847656 0.031250 0.074219
2 0.208594 0.777344 0.029687 0.074219
2 0.221875 0.395508 0.031250 0.076172
2 0.195312 0.473633 0.028125 0.076172
2 0.205469 0.701172 0.029687 0.074219
2 0.200781 0.625000 0.029687 0.074219
2 0.197656 0.548828 0.029687 0.074219
1 0.218750 0.320312 0.031250 0.074219
2 0.212500 0.095703 0.031250 0.074219
0 0.211719 0.029297 0.032813 0.058594
2 0.210938 0.851562 0.028125 0.074219
2 0.213281 0.169922 0.029687 0.074219
2 0.217188 0.245117 0.031250 0.076172
2 0.216406 0.981445 0.029687 0.037109
2 0.214062 0.925781 0.031250 0.074219
2 0.235156 0.773438 0.029687 0.074219
2 0.228906 0.547852 0.029687 0.076172
2 0.225000 0.470703 0.031250 0.074219
0 0.233594 0.697266 0.029687 0.074219
0 0.230469 0.623047 0.029687 0.074219
2 0.510938 0.908203 0.028125 0.074219
2 0.510156 0.833008 0.029687 0.076172
2 0.509375 0.072266 0.028125 0.074219
2 0.509375 0.756836 0.031250 0.076172
2 0.505469 0.680664 0.029687 0.076172
2 0.503125 0.604492 0.031250 0.076172
2 0.499219 0.528320 0.029687 0.076172
2 0.490625 0.297852 0.028125 0.076172
2 0.494531 0.451172 0.026562 0.074219
2 0.492188 0.375977 0.028125 0.076172
0 0.507812 0.017578 0.028125 0.035156
2 0.512500 0.147461 0.028125 0.076172
2 0.514844 0.223633 0.029687 0.076172
2 0.152344 0.027344 0.029687 0.054688
2 0.153125 0.092773 0.028125 0.076172
2 0.519531 0.373047 0.026562 0.074219
0 0.518750 0.297852 0.028125 0.076172
