2 0.346875 0.637695 0.028125 0.076172
2 0.350000 0.562500 0.028125 0.074219
2 0.351562 0.485352 0.028125 0.076172
2 0.793750 0.399414 0.031250 0.072266
2 0.322656 0.561523 0.026562 0.076172
2 0.325781 0.486328 0.026562 0.078125
2 0.342187 0.792969 0.028125 0.078125
2 0.343750 0.716797 0.025000 0.078125
2 0.317969 0.035156 0.026562 0.070312
2 0.794531 0.326172 0.029687 0.078125
2 0.317188 0.712891 0.028125 0.078125
2 0.321094 0.636719 0.026562 0.078125
2 0.315625 0.789062 0.025000 0.078125
2 0.310156 0.940430 0.026562 0.076172
2 0.314063 0.106445 0.025000 0.076172
2 0.312500 0.863281 0.025000 0.078125
2 0.506250 0.742188 0.031250 0.078125
2 0.505469 0.009766 0.026562 0.019531
2 0.503125 0.817383 0.034375 0.076172
2 0.327344 0.409180 0.026562 0.076172
2 0.329688 0.332031 0.025000 0.074219
2 0.332813 0.990234 0.028125 0.019531
2 0.500000 0.892578 0.034375 0.074219
2 0.503125 0.051758 0.025000 0.080078
2 0.364063 0.104492 0.028125 0.072266
2 0.366406 0.033203 0.026562 0.066406
2 0.858594 0.250977 0.026562 0.076172
2 0.500000 0.126953 0.028125 0.078125
2 0.475781 0.813477 0.026562 0.080078
2 0.857812 0.174805 0.031250 0.076172
0 0.496094 0.202148 0.026562 0.080078
2 0.494531 0.278320 0.026562 0.076172
2 0.497656 0.964844 0.029687 0.070312
2 0.363281 0.178711 0.026562 0.076172
2 0.477344 0.052734 0.029687 0.078125
2 0.485938 0.509766 0.028125 0.078125
2 0.489063 0.431641 0.028125 0.082031
2 0.490625 0.356445 0.025000 0.080078
2 0.478125 0.739258 0.028125 0.080078
2 0.483594 0.583984 0.029687 0.078125
2 0.479687 0.008789 0.028125 0.017578
0 0.481250 0.659180 0.028125 0.076172
2 0.355469 0.332031 0.026562 0.074219
2 0.850781 0.399414 0.026562 0.072266
2 0.474219 0.890625 0.026562 0.074219
2 0.474219 0.127930 0.026562 0.072266
2 0.462500 0.430664 0.028125 0.076172
0 0.466406 0.354492 0.023438 0.076172
0 0.471094 0.203125 0.026562 0.074219
2 0.467187 0.279297 0.025000 0.078125
2 0.469531 0.960938 0.026562 0.078125
2 0.341406 0.035156 0.026562 0.070312
2 0.360156 0.254883 0.029687 0.076172
2 0.455469 0.661133 0.026562 0.080078
2 0.443750 0.957031 0.028125 0.074219
2 0.457813 0.583984 0.021875 0.078125
1 0.460156 0.506836 0.026562 0.076172
2 0.354687 0.408203 0.028125 0.078125
2 0.446094 0.883789 0.026562 0.076172
2 0.453125 0.735352 0.025000 0.076172
2 0.853125 0.327148 0.028125 0.076172
2 0.450000 0.809570 0.028125 0.072266
2 0.336719 0.943359 0.026562 0.074219
2 0.335938 0.181641 0.025000 0.074219
2 0.333594 0.256836 0.026562 0.080078
2 0.337500 0.869141 0.025000 0.078125
2 0.339844 0.105469 0.023438 0.074219
2 0.796875 0.252930 0.028125 0.076172
2 0.798438 0.175781 0.031250 0.078125
2 0.799219 0.101562 0.029687 0.074219
2 0.800781 0.033203 0.029687 0.066406
2 0.121875 0.983398 0.021875 0.033203
2 0.307812 0.256836 0.025000 0.076172
2 0.310156 0.180664 0.026562 0.076172
2 0.860156 0.100586 0.032813 0.076172
2 0.509375 0.663086 0.031250 0.076172
2 0.511719 0.586914 0.029687 0.080078
2 0.514062 0.508789 0.034375 0.080078
2 0.662500 0.915039 0.028125 0.072266
2 0.664062 0.838867 0.031250 0.076172
2 0.686719 0.226562 0.032813 0.078125
2 0.691406 0.147461 0.032813 0.076172
2 0.692969 0.072266 0.029687 0.074219
2 0.697656 0.018555 0.029687 0.037109
2 0.666406 0.763672 0.029687 0.074219
2 0.677344 0.454102 0.029687 0.076172
2 0.679688 0.381836 0.034375 0.076172
2 0.682813 0.303711 0.031250 0.076172
2 0.666406 0.019531 0.032813 0.039062
2 0.676562 0.530273 0.031250 0.076172
2 0.672656 0.685547 0.029687 0.078125
2 0.674219 0.607422 0.029687 0.078125
2 0.518750 0.433594 0.031250 0.078125
2 0.648438 0.453125 0.031250 0.078125
2 0.661719 0.074219 0.039062 0.078125
2 0.650000 0.376953 0.031250 0.074219
2 0.660937 0.151367 0.031250 0.076172
2 0.652344 0.303711 0.029687 0.072266
2 0.655469 0.227539 0.029687 0.080078
2 0.633594 0.075195 0.020313 0.076172
1 0.634375 0.150391 0.025000 0.074219
2 0.642188 0.684570 0.031250 0.080078
2 0.642969 0.607422 0.029687 0.078125
2 0.646875 0.531250 0.031250 0.074219
2 0.635156 0.833984 0.026562 0.078125
2 0.639062 0.760742 0.031250 0.076172
2 0.635156 0.910156 0.026562 0.070312
2 0.637500 0.019531 0.025000 0.039062
2 0.520312 0.355469 0.031250 0.078125
2 0.625781 0.303711 0.020313 0.072266
2 0.614844 0.680664 0.023438 0.076172
2 0.632031 0.225586 0.023438 0.076172
1 0.617188 0.604492 0.018750 0.076172
2 0.623437 0.453125 0.021875 0.074219
2 0.620313 0.526367 0.021875 0.072266
2 0.623437 0.378906 0.021875 0.074219
2 0.522656 0.278320 0.029687 0.076172
2 0.608594 0.907227 0.029687 0.072266
2 0.610156 0.833984 0.026562 0.078125
2 0.610938 0.754883 0.025000 0.076172
2 0.861719 0.031250 0.032813 0.062500
2 0.531250 0.050781 0.031250 0.078125
2 0.525000 0.201172 0.031250 0.082031
2 0.527344 0.125977 0.029687 0.080078
2 0.200781 0.180664 0.023438 0.076172
1 0.286719 0.857422 0.023438 0.078125
2 0.289844 0.785156 0.023438 0.074219
2 0.303906 0.408203 0.023438 0.078125
2 0.304688 0.331055 0.025000 0.076172
0 0.307812 0.987305 0.025000 0.025391
2 0.293750 0.710938 0.025000 0.078125
0 0.299219 0.483398 0.026562 0.076172
2 0.295312 0.634766 0.025000 0.074219
2 0.296875 0.559570 0.025000 0.076172
2 0.203906 0.104492 0.023438 0.076172
2 0.205469 0.035156 0.026562 0.070312
0 0.285938 0.932617 0.025000 0.072266
0 0.830469 0.033203 0.029687 0.066406
0 0.282813 0.984375 0.021875 0.031250
2 0.828906 0.174805 0.029687 0.076172
2 0.194531 0.255859 0.026562 0.074219
1 0.828906 0.100586 0.029687 0.076172
2 0.189062 0.406250 0.028125 0.074219
2 0.191406 0.331055 0.026562 0.080078
2 0.123438 0.928711 0.021875 0.076172
2 0.129688 0.781250 0.025000 0.074219
2 0.175000 0.180664 0.025000 0.076172
2 0.178906 0.105469 0.026562 0.078125
2 0.178906 0.710938 0.029687 0.074219
2 0.180469 0.636719 0.029687 0.078125
0 0.827344 0.250977 0.032813 0.076172
2 0.182812 0.032227 0.025000 0.064453
2 0.183594 0.559570 0.026562 0.080078
0 0.184375 0.484375 0.028125 0.078125
2 0.823438 0.399414 0.028125 0.072266
2 0.134375 0.556641 0.028125 0.078125
2 0.153906 0.782227 0.023438 0.076172
2 0.170313 0.988281 0.028125 0.023438
2 0.171875 0.938477 0.028125 0.076172
2 0.172656 0.861328 0.026562 0.074219
2 0.175000 0.788086 0.028125 0.076172
2 0.154688 0.106445 0.028125 0.076172
0 0.164062 0.406250 0.025000 0.074219
2 0.164844 0.329102 0.023438 0.076172
0 0.168750 0.253906 0.025000 0.074219
2 0.156250 0.035156 0.025000 0.070312
0 0.160156 0.481445 0.023438 0.076172
2 0.157812 0.634766 0.021875 0.074219
2 0.159375 0.555664 0.021875 0.076172
2 0.136719 0.481445 0.026562 0.076172
2 0.145313 0.985352 0.021875 0.029297
2 0.151562 0.179688 0.028125 0.078125
2 0.153125 0.708984 0.021875 0.078125
2 0.145313 0.933594 0.025000 0.074219
2 0.825000 0.325195 0.028125 0.080078
2 0.145313 0.256836 0.021875 0.072266
2 0.147656 0.861328 0.026562 0.078125
0 0.139063 0.406250 0.021875 0.074219
1 0.142187 0.332031 0.025000 0.074219
2 0.132812 0.707031 0.025000 0.074219
2 0.132812 0.631836 0.025000 0.076172
2 0.126562 0.853516 0.025000 0.074219
