2 0.864062 0.300781 0.062500 0.039062
2 0.803125 0.304688 0.062500 0.035156
2 0.742969 0.305664 0.060937 0.033203
2 0.682813 0.308594 0.062500 0.035156
2 0.622656 0.308594 0.060937 0.035156
2 0.560937 0.309570 0.062500 0.033203
2 0.499219 0.312500 0.060937 0.039062
2 0.438281 0.317383 0.060937 0.029297
2 0.378906 0.317383 0.060937 0.029297
2 0.316406 0.319336 0.060937 0.037109
2 0.192969 0.322266 0.060937 0.035156
2 0.132031 0.321289 0.060937 0.033203
2 0.255469 0.324219 0.060937 0.035156
2 0.071875 0.323242 0.059375 0.037109
2 0.928125 0.043945 0.059375 0.029297
0 0.812500 0.043945 0.059375 0.029297
0 0.869531 0.042969 0.057813 0.027344
0 0.753906 0.043945 0.060937 0.029297
2 0.694531 0.045898 0.057813 0.029297
2 0.942969 0.436523 0.060937 0.029297
1 0.884375 0.440430 0.059375 0.033203
0 0.826562 0.440430 0.059375 0.033203
2 0.767969 0.441406 0.060937 0.031250
2 0.649219 0.443359 0.060937 0.031250
2 0.710156 0.445312 0.060937 0.031250
1 0.589844 0.444336 0.060937 0.033203
2 0.528906 0.448242 0.060937 0.033203
2 0.468750 0.449219 0.059375 0.035156
2 0.635938 0.045898 0.059375 0.029297
2 0.407813 0.451172 0.059375 0.035156
2 0.347656 0.452148 0.060937 0.033203
2 0.287500 0.454102 0.059375 0.033203
2 0.227344 0.458008 0.060937 0.033203
1 0.164844 0.458984 0.060937 0.035156
2 0.103906 0.459961 0.060937 0.033203
2 0.045312 0.461914 0.059375 0.033203
2 0.946094 0.469727 0.064062 0.033203
2 0.576562 0.045898 0.059375 0.029297
2 0.516406 0.047852 0.060937 0.029297
2 0.455469 0.049805 0.060937 0.029297
2 0.888281 0.472656 0.057813 0.031250
2 0.831250 0.473633 0.059375 0.033203
2 0.711719 0.475586 0.060937 0.033203
2 0.770312 0.475586 0.065625 0.033203
2 0.652344 0.479492 0.060937 0.037109
2 0.590625 0.478516 0.062500 0.035156
2 0.529687 0.481445 0.062500 0.033203
2 0.469531 0.481445 0.060937 0.029297
2 0.408594 0.484375 0.060937 0.031250
2 0.346875 0.486328 0.062500 0.035156
2 0.285156 0.487305 0.060937 0.033203
2 0.395313 0.049805 0.059375 0.029297
2 0.225781 0.489258 0.060937 0.029297
2 0.164062 0.494141 0.062500 0.035156
2 0.103125 0.494141 0.062500 0.035156
2 0.042969 0.496094 0.060937 0.035156
2 0.952344 0.501953 0.064062 0.035156
2 0.892969 0.505859 0.060937 0.035156
2 0.832031 0.507812 0.060937 0.035156
2 0.335156 0.050781 0.060937 0.031250
2 0.774219 0.508789 0.064062 0.033203
2 0.714063 0.509766 0.059375 0.035156
2 0.653906 0.513672 0.060937 0.035156
2 0.592187 0.513672 0.062500 0.031250
2 0.468750 0.514648 0.062500 0.033203
2 0.516406 0.077148 0.060937 0.029297
2 0.457031 0.077148 0.060937 0.029297
2 0.396094 0.079102 0.060937 0.029297
2 0.335156 0.082031 0.060937 0.027344
2 0.275781 0.083008 0.060937 0.029297
1 0.946094 0.837891 0.057813 0.035156
2 0.889062 0.838867 0.059375 0.037109
2 0.214844 0.084961 0.060937 0.029297
2 0.832031 0.839844 0.057813 0.031250
0 0.772656 0.841797 0.060937 0.031250
2 0.713281 0.845703 0.060937 0.027344
2 0.653906 0.847656 0.060937 0.027344
2 0.594531 0.850586 0.060937 0.029297
0 0.534375 0.852539 0.059375 0.029297
0 0.474219 0.852539 0.060937 0.029297
2 0.412500 0.857422 0.059375 0.031250
1 0.353906 0.857422 0.060937 0.031250
2 0.155469 0.084961 0.060937 0.029297
2 0.093750 0.087891 0.062500 0.027344
0 0.293750 0.859375 0.059375 0.027344
2 0.232031 0.866211 0.060937 0.037109
2 0.111719 0.869141 0.060937 0.039062
2 0.052344 0.871094 0.060937 0.039062
2 0.172656 0.870117 0.060937 0.037109
2 0.950000 0.871094 0.059375 0.031250
2 0.775781 0.872070 0.060937 0.033203
2 0.834375 0.873047 0.062500 0.031250
2 0.891406 0.873047 0.060937 0.035156
2 0.716406 0.875977 0.064062 0.037109
2 0.656250 0.876953 0.062500 0.039062
2 0.035156 0.088867 0.060937 0.025391
2 0.535156 0.885742 0.060937 0.037109
0 0.596875 0.886719 0.062500 0.039062
2 0.475781 0.887695 0.060937 0.037109
2 0.415625 0.891602 0.062500 0.044922
2 0.353125 0.891602 0.062500 0.037109
2 0.291406 0.893555 0.064062 0.037109
2 0.231250 0.904297 0.062500 0.042969
2 0.954688 0.905273 0.059375 0.037109
2 0.171094 0.908203 0.060937 0.039062
2 0.050781 0.907227 0.060937 0.041016
2 0.110156 0.907227 0.060937 0.041016
2 0.896094 0.908203 0.064062 0.039062
1 0.838281 0.911133 0.060937 0.044922
0 0.777344 0.912109 0.060937 0.046875
2 0.719531 0.914062 0.060937 0.046875
2 0.657813 0.917969 0.062500 0.042969
2 0.595313 0.924805 0.062500 0.037109
2 0.535156 0.924805 0.057813 0.037109
2 0.475781 0.928711 0.060937 0.044922
2 0.415625 0.931641 0.062500 0.046875
2 0.292969 0.935547 0.060937 0.042969
2 0.353906 0.935547 0.060937 0.046875
2 0.232031 0.941406 0.060937 0.039062
2 0.109375 0.942383 0.059375 0.037109
2 0.168750 0.942383 0.062500 0.037109
2 0.048438 0.943359 0.062500 0.039062
2 0.819531 0.101562 0.060937 0.031250
2 0.879687 0.102539 0.059375 0.029297
2 0.700000 0.103516 0.059375 0.031250
2 0.937500 0.104492 0.056250 0.029297
2 0.640625 0.105469 0.059375 0.031250
2 0.759375 0.106445 0.059375 0.033203
2 0.579688 0.107422 0.062500 0.031250
2 0.517969 0.107422 0.060937 0.031250
2 0.912500 0.241211 0.059375 0.029297
4 0.736719 0.242188 0.060937 0.031250
0 0.678125 0.242188 0.059375 0.031250
2 0.796094 0.243164 0.060937 0.033203
2 0.853906 0.243164 0.060937 0.033203
1 0.618750 0.244141 0.059375 0.031250
2 0.498437 0.247070 0.059375 0.029297
2 0.558594 0.249023 0.060937 0.029297
0 0.436719 0.250000 0.060937 0.031250
2 0.377344 0.250000 0.060937 0.031250
2 0.316406 0.253906 0.060937 0.031250
2 0.255469 0.256836 0.060937 0.033203
2 0.196094 0.256836 0.060937 0.033203
2 0.075000 0.260742 0.059375 0.029297
1 0.135937 0.258789 0.059375 0.033203
2 0.916406 0.269531 0.060937 0.027344
2 0.798438 0.272461 0.062500 0.029297
2 0.858594 0.272461 0.060937 0.029297
2 0.740625 0.274414 0.059375 0.033203
2 0.679688 0.273438 0.059375 0.035156
2 0.619531 0.277344 0.060937 0.031250
2 0.499219 0.277344 0.060937 0.027344
2 0.560156 0.278320 0.060937 0.029297
2 0.439063 0.284180 0.059375 0.037109
2 0.377344 0.285156 0.060937 0.035156
2 0.316406 0.285156 0.060937 0.031250
2 0.075000 0.289062 0.059375 0.027344
2 0.194531 0.291016 0.060937 0.031250
2 0.255469 0.290039 0.060937 0.033203
2 0.133594 0.290039 0.060937 0.029297
2 0.921094 0.300781 0.064062 0.039062
2 0.530469 0.514648 0.060937 0.033203
2 0.408594 0.515625 0.060937 0.035156
2 0.345313 0.519531 0.062500 0.031250
2 0.285156 0.520508 0.060937 0.037109
2 0.221875 0.523438 0.062500 0.035156
2 0.163281 0.526367 0.064062 0.037109
2 0.275781 0.054688 0.060937 0.031250
2 0.040625 0.531250 0.062500 0.031250
2 0.103125 0.530273 0.062500 0.033203
1 0.215625 0.055664 0.059375 0.029297
2 0.155469 0.057617 0.060937 0.029297
2 0.096875 0.058594 0.059375 0.031250
2 0.036719 0.062500 0.060937 0.031250
2 0.915625 0.643555 0.056250 0.033203
2 0.797656 0.646484 0.057813 0.035156
2 0.857812 0.643555 0.059375 0.033203
2 0.740625 0.648438 0.059375 0.035156
2 0.678906 0.650391 0.060937 0.035156
0 0.560937 0.653320 0.059375 0.033203
2 0.620313 0.650391 0.059375 0.035156
2 0.500000 0.656250 0.059375 0.035156
2 0.439844 0.658203 0.060937 0.035156
2 0.317188 0.664062 0.062500 0.035156
2 0.378906 0.662109 0.060937 0.035156
2 0.196094 0.666016 0.060937 0.031250
2 0.256250 0.665039 0.059375 0.033203
0 0.135937 0.667969 0.059375 0.035156
0 0.076563 0.668945 0.062500 0.033203
2 0.918750 0.675781 0.059375 0.031250
2 0.860156 0.676758 0.060937 0.033203
2 0.742969 0.682617 0.060937 0.033203
2 0.803906 0.680664 0.060937 0.033203
2 0.682031 0.685547 0.060937 0.035156
2 0.621875 0.685547 0.062500 0.035156
2 0.503125 0.691406 0.062500 0.035156
0 0.562500 0.687500 0.059375 0.039062
2 0.440625 0.694336 0.059375 0.037109
2 0.317969 0.697266 0.060937 0.031250
2 0.379688 0.697266 0.059375 0.035156
2 0.196094 0.698242 0.060937 0.033203
2 0.257812 0.700195 0.059375 0.033203
2 0.075000 0.701172 0.059375 0.031250
2 0.136719 0.703125 0.060937 0.035156
2 0.873437 0.071289 0.059375 0.029297
2 0.923438 0.708008 0.059375 0.037109
2 0.864062 0.710938 0.059375 0.039062
2 0.745313 0.713867 0.059375 0.033203
2 0.805469 0.711914 0.060937 0.037109
2 0.685156 0.718750 0.060937 0.035156
2 0.625000 0.719727 0.062500 0.037109
2 0.562500 0.723633 0.062500 0.037109
2 0.817187 0.073242 0.059375 0.029297
2 0.933594 0.073242 0.060937 0.033203
2 0.696094 0.074219 0.060937 0.027344
2 0.501563 0.723633 0.062500 0.033203
2 0.440625 0.728516 0.062500 0.031250
2 0.317188 0.732422 0.062500 0.035156
2 0.378906 0.732422 0.060937 0.035156
2 0.256250 0.733398 0.059375 0.037109
2 0.196094 0.733398 0.060937 0.037109
2 0.135156 0.737305 0.060937 0.037109
2 0.074219 0.738281 0.057813 0.039062
2 0.638281 0.074219 0.060937 0.027344
2 0.756250 0.074219 0.059375 0.031250
2 0.575781 0.076172 0.060937 0.027344
2 0.457031 0.109375 0.060937 0.031250
2 0.396094 0.109375 0.060937 0.031250
2 0.334375 0.110352 0.059375 0.029297
2 0.275000 0.114258 0.062500 0.029297
2 0.212500 0.114258 0.062500 0.029297
2 0.153125 0.117188 0.062500 0.031250
2 0.092969 0.117188 0.064062 0.031250
2 0.032031 0.118164 0.064062 0.033203
