0 0.743750 0.286133 0.034375 0.076172
2 0.739062 0.968750 0.028125 0.062500
2 0.737500 0.209961 0.043750 0.076172
3 0.737500 0.899414 0.028125 0.076172
0 0.733594 0.136719 0.035937 0.078125
3 0.733594 0.823242 0.029687 0.076172
2 0.731250 0.060547 0.034375 0.074219
2 0.730469 0.746094 0.029687 0.078125
2 0.727344 0.011719 0.035937 0.023438
2 0.724219 0.668945 0.026562 0.072266
2 0.720313 0.593750 0.028125 0.078125
2 0.720313 0.516602 0.028125 0.080078
2 0.528125 0.487305 0.028125 0.076172
0 0.863281 0.698242 0.026562 0.076172
2 0.525781 0.412109 0.026562 0.078125
2 0.521094 0.335938 0.029687 0.078125
2 0.520312 0.257812 0.031250 0.078125
2 0.517969 0.185547 0.032813 0.074219
2 0.513281 0.108398 0.029687 0.076172
2 0.509375 0.037109 0.025000 0.074219
2 0.860938 0.028320 0.028125 0.056641
2 0.860938 0.621094 0.028125 0.078125
2 0.856250 0.543945 0.031250 0.080078
2 0.855469 0.469727 0.029687 0.076172
3 0.439844 0.978516 0.029687 0.042969
3 0.432812 0.916016 0.028125 0.082031
3 0.432812 0.837891 0.028125 0.074219
2 0.851562 0.395508 0.031250 0.076172
3 0.428125 0.762695 0.034375 0.076172
3 0.423438 0.685547 0.028125 0.078125
2 0.421094 0.606445 0.029687 0.076172
2 0.417187 0.530273 0.037500 0.080078
2 0.416406 0.452148 0.032813 0.076172
2 0.414844 0.374023 0.032813 0.076172
2 0.411719 0.298828 0.029687 0.078125
3 0.411719 0.977539 0.026562 0.044922
2 0.406250 0.219727 0.028125 0.080078
3 0.403906 0.916016 0.029687 0.082031
2 0.403125 0.144531 0.028125 0.078125
3 0.403906 0.835938 0.032813 0.078125
2 0.399219 0.069336 0.026562 0.076172
2 0.396875 0.015625 0.031250 0.031250
3 0.396875 0.758789 0.028125 0.076172
2 0.396094 0.684570 0.026562 0.076172
2 0.393750 0.607422 0.025000 0.078125
2 0.389062 0.532227 0.025000 0.076172
2 0.387500 0.455078 0.025000 0.078125
2 0.385937 0.377930 0.025000 0.080078
2 0.847656 0.319336 0.032813 0.076172
2 0.382812 0.300781 0.028125 0.078125
3 0.383594 0.976562 0.029687 0.046875
2 0.379688 0.224609 0.021875 0.078125
2 0.377344 0.148438 0.023438 0.082031
3 0.377344 0.915039 0.026562 0.080078
2 0.375000 0.076172 0.025000 0.078125
3 0.373437 0.836914 0.025000 0.076172
2 0.371094 0.019531 0.020313 0.039062
2 0.369531 0.761719 0.023438 0.078125
2 0.370312 0.688477 0.025000 0.072266
1 0.366406 0.608398 0.026562 0.080078
2 0.364063 0.532227 0.028125 0.076172
2 0.363281 0.457031 0.026562 0.078125
2 0.358594 0.380859 0.029687 0.074219
2 0.356250 0.303711 0.028125 0.076172
2 0.356250 0.228516 0.025000 0.074219
1 0.843750 0.241211 0.031250 0.076172
2 0.352344 0.153320 0.026562 0.076172
2 0.349219 0.078125 0.023438 0.078125
2 0.346094 0.021484 0.026562 0.042969
2 0.839063 0.169922 0.031250 0.078125
2 0.268750 0.962891 0.028125 0.074219
2 0.269531 0.888672 0.023438 0.078125
3 0.265625 0.811523 0.025000 0.080078
2 0.835156 0.095703 0.029687 0.074219
3 0.259375 0.735352 0.028125 0.072266
2 0.254688 0.582031 0.028125 0.078125
2 0.257031 0.660156 0.029687 0.078125
2 0.717969 0.441406 0.023438 0.078125
2 0.714063 0.366211 0.028125 0.076172
0 0.711719 0.288086 0.029687 0.080078
2 0.881250 0.393555 0.031250 0.076172
3 0.710938 0.967773 0.028125 0.064453
3 0.707031 0.898438 0.029687 0.074219
3 0.704688 0.823242 0.031250 0.076172
2 0.704688 0.212891 0.025000 0.078125
2 0.703906 0.138672 0.026562 0.078125
2 0.702344 0.746094 0.032813 0.078125
2 0.699219 0.061523 0.029687 0.076172
2 0.698438 0.012695 0.031250 0.025391
2 0.696875 0.670898 0.025000 0.076172
2 0.693750 0.595703 0.028125 0.078125
2 0.692187 0.517578 0.028125 0.078125
1 0.690625 0.444336 0.031250 0.076172
2 0.685937 0.367188 0.028125 0.078125
0 0.684375 0.291016 0.028125 0.078125
2 0.877344 0.317383 0.029687 0.076172
3 0.876563 0.980469 0.034375 0.039062
0 0.681250 0.215820 0.028125 0.076172
0 0.675781 0.140625 0.029687 0.078125
0 0.671875 0.066406 0.025000 0.074219
2 0.668750 0.014648 0.034375 0.029297
0 0.875000 0.242188 0.031250 0.078125
3 0.872656 0.921875 0.032813 0.082031
3 0.607031 0.992188 0.035937 0.015625
2 0.603906 0.944336 0.032813 0.076172
2 0.870313 0.166992 0.031250 0.076172
3 0.868750 0.845703 0.031250 0.074219
2 0.601562 0.868164 0.034375 0.076172
3 0.598437 0.794922 0.031250 0.078125
3 0.596094 0.716797 0.032813 0.078125
3 0.593750 0.638672 0.028125 0.078125
3 0.589844 0.562500 0.029687 0.074219
2 0.588281 0.484375 0.029687 0.078125
2 0.583594 0.408203 0.032813 0.078125
2 0.580469 0.332031 0.032813 0.078125
2 0.577344 0.255859 0.029687 0.074219
2 0.575000 0.945312 0.028125 0.078125
2 0.574219 0.990234 0.029687 0.019531
2 0.574219 0.178711 0.026562 0.080078
3 0.571875 0.869141 0.031250 0.078125
2 0.865625 0.771484 0.031250 0.078125
2 0.570312 0.102539 0.031250 0.076172
3 0.567969 0.792969 0.032813 0.078125
2 0.567187 0.032227 0.031250 0.064453
3 0.564844 0.717773 0.029687 0.076172
3 0.563281 0.639648 0.032813 0.080078
3 0.560156 0.561523 0.029687 0.072266
2 0.558594 0.487305 0.032813 0.076172
2 0.865625 0.092773 0.028125 0.074219
2 0.553125 0.409180 0.028125 0.080078
2 0.550781 0.333008 0.026562 0.076172
2 0.548438 0.257812 0.028125 0.078125
3 0.549219 0.990234 0.029687 0.019531
2 0.546094 0.182617 0.026562 0.076172
3 0.545312 0.943359 0.031250 0.078125
3 0.543750 0.869141 0.028125 0.078125
3 0.540625 0.792969 0.028125 0.078125
2 0.540625 0.107422 0.028125 0.074219
2 0.537500 0.036133 0.031250 0.072266
3 0.535156 0.716797 0.029687 0.074219
3 0.532031 0.639648 0.026562 0.080078
3 0.530469 0.561523 0.029687 0.076172
2 0.253125 0.504883 0.031250 0.076172
2 0.248438 0.429688 0.028125 0.078125
3 0.243750 0.887695 0.025000 0.076172
2 0.242969 0.961914 0.026562 0.076172
2 0.242188 0.352539 0.031250 0.080078
2 0.242969 0.274414 0.029687 0.080078
2 0.240625 0.199219 0.028125 0.078125
3 0.239063 0.810547 0.028125 0.082031
2 0.236719 0.119141 0.029687 0.078125
2 0.237500 0.044922 0.025000 0.078125
3 0.231250 0.735352 0.028125 0.072266
2 0.228906 0.661133 0.023438 0.076172
2 0.228125 0.582031 0.025000 0.078125
2 0.225000 0.505859 0.028125 0.078125
2 0.219531 0.430664 0.023438 0.076172
2 0.217969 0.961914 0.023438 0.076172
2 0.217188 0.353516 0.021875 0.082031
3 0.216406 0.886719 0.026562 0.078125
2 0.215625 0.202148 0.025000 0.080078
2 0.215625 0.278320 0.021875 0.080078
2 0.213281 0.127930 0.023438 0.076172
2 0.830469 0.030273 0.032813 0.060547
2 0.210938 0.052734 0.025000 0.082031
3 0.210938 0.813477 0.028125 0.080078
2 0.207813 0.008789 0.025000 0.017578
3 0.205469 0.735352 0.023438 0.072266
2 0.206250 0.661133 0.025000 0.076172
2 0.201563 0.583984 0.028125 0.078125
4 0.198437 0.509766 0.021875 0.078125
4 0.194531 0.432617 0.023438 0.076172
2 0.194531 0.355469 0.026562 0.078125
2 0.192188 0.280273 0.025000 0.080078
2 0.189844 0.205078 0.026562 0.078125
2 0.189062 0.131836 0.025000 0.076172
2 0.187500 0.058594 0.025000 0.074219
2 0.185156 0.010742 0.023438 0.021484
2 0.890625 0.087891 0.018750 0.074219
0 0.888281 0.696289 0.023438 0.076172
2 0.887500 0.025391 0.025000 0.050781
0 0.886719 0.619141 0.026562 0.078125
2 0.767188 0.968750 0.028125 0.062500
2 0.766406 0.899414 0.029687 0.076172
3 0.763281 0.822266 0.029687 0.078125
2 0.760938 0.746094 0.028125 0.074219
2 0.885156 0.544922 0.029687 0.078125
2 0.885156 0.468750 0.029687 0.078125
2 0.752344 0.592773 0.035937 0.076172
2 0.750000 0.515625 0.034375 0.078125
2 0.748437 0.440430 0.034375 0.076172
2 0.743750 0.361328 0.037500 0.078125
2 0.753125 0.669922 0.034375 0.078125
