2 0.527344 0.988281 0.029687 0.023438
2 0.664062 0.293945 0.031250 0.076172
2 0.663281 0.221680 0.029687 0.076172
2 0.635156 0.966797 0.026562 0.066406
2 0.657031 0.072266 0.029687 0.074219
2 0.662500 0.968750 0.028125 0.062500
0 0.657813 0.825195 0.028125 0.076172
2 0.660937 0.146484 0.031250 0.078125
2 0.660156 0.898438 0.029687 0.074219
2 0.597656 0.022461 0.023438 0.044922
2 0.653125 0.017578 0.031250 0.035156
2 0.653125 0.674805 0.028125 0.076172
2 0.636719 0.297852 0.026562 0.076172
2 0.656250 0.750000 0.028125 0.074219
2 0.650000 0.599609 0.028125 0.078125
1 0.638281 0.373047 0.029687 0.078125
2 0.642969 0.448242 0.032813 0.076172
2 0.646875 0.522461 0.031250 0.076172
2 0.632812 0.899414 0.025000 0.072266
2 0.599219 0.079102 0.023438 0.076172
2 0.625000 0.076172 0.031250 0.078125
2 0.632812 0.225586 0.031250 0.076172
2 0.627344 0.675781 0.026562 0.074219
2 0.631250 0.825195 0.025000 0.076172
2 0.628906 0.750000 0.026562 0.074219
2 0.629687 0.148438 0.031250 0.078125
1 0.620313 0.526367 0.025000 0.076172
0 0.603125 0.151367 0.021875 0.076172
2 0.622656 0.600586 0.026562 0.076172
1 0.624219 0.019531 0.026562 0.039062
2 0.605469 0.228516 0.020313 0.074219
2 0.614844 0.450195 0.020313 0.076172
2 0.610938 0.301758 0.025000 0.076172
2 0.611719 0.375977 0.023438 0.076172
0 0.174219 0.960938 0.023438 0.074219
2 0.521094 0.790039 0.029687 0.076172
2 0.524219 0.866211 0.026562 0.076172
2 0.526563 0.939453 0.028125 0.078125
2 0.177344 0.356445 0.026562 0.076172
2 0.512500 0.563477 0.028125 0.076172
2 0.499219 0.986328 0.026562 0.027344
2 0.514844 0.639648 0.029687 0.076172
2 0.517969 0.713867 0.032813 0.076172
2 0.178906 0.434570 0.026562 0.076172
2 0.503906 0.258789 0.029687 0.076172
2 0.510938 0.486328 0.028125 0.074219
2 0.500000 0.185547 0.031250 0.070312
2 0.504687 0.334961 0.028125 0.076172
2 0.507031 0.411133 0.029687 0.076172
2 0.182031 0.510742 0.026562 0.076172
2 0.499219 0.936523 0.026562 0.076172
2 0.833594 0.371094 0.029687 0.074219
2 0.488281 0.637695 0.026562 0.076172
2 0.496875 0.865234 0.028125 0.074219
2 0.167969 0.009766 0.026562 0.019531
0 0.490625 0.714844 0.028125 0.074219
2 0.492188 0.788086 0.028125 0.076172
2 0.196094 0.886719 0.026562 0.074219
2 0.185156 0.585938 0.026562 0.074219
2 0.199219 0.958984 0.026562 0.074219
2 0.186719 0.661133 0.026562 0.076172
2 0.189844 0.734375 0.026562 0.074219
2 0.192969 0.810547 0.026562 0.078125
2 0.173437 0.208008 0.025000 0.076172
2 0.173437 0.281250 0.028125 0.074219
2 0.791406 0.821289 0.026562 0.076172
2 0.805469 0.447266 0.029687 0.078125
2 0.815625 0.745117 0.028125 0.076172
2 0.814844 0.670898 0.029687 0.076172
2 0.150000 0.885742 0.021875 0.072266
2 0.171094 0.885742 0.023438 0.072266
2 0.167969 0.811523 0.023438 0.076172
2 0.169531 0.057617 0.026562 0.076172
0 0.171094 0.133789 0.026562 0.072266
0 0.132031 0.438477 0.023438 0.076172
2 0.147656 0.135742 0.023438 0.072266
1 0.134375 0.512695 0.025000 0.076172
2 0.138281 0.662109 0.023438 0.074219
2 0.147656 0.210938 0.023438 0.078125
2 0.149219 0.287109 0.023438 0.074219
0 0.141406 0.736328 0.023438 0.074219
2 0.146094 0.811523 0.020313 0.076172
2 0.146875 0.062500 0.025000 0.074219
2 0.144531 0.013672 0.023438 0.027344
2 0.136719 0.585938 0.023438 0.074219
2 0.128906 0.366211 0.023438 0.076172
0 0.123438 0.139648 0.025000 0.072266
2 0.124219 0.067383 0.023438 0.076172
2 0.121094 0.015625 0.023438 0.031250
2 0.125000 0.214844 0.025000 0.074219
2 0.125781 0.289062 0.023438 0.074219
2 0.821875 0.895508 0.034375 0.076172
2 0.784375 0.522461 0.028125 0.076172
0 0.812500 0.595703 0.028125 0.074219
2 0.818750 0.821289 0.031250 0.076172
2 0.807813 0.521484 0.028125 0.074219
0 0.784375 0.596680 0.031250 0.076172
2 0.796094 0.964844 0.026562 0.070312
2 0.803125 0.372070 0.031250 0.072266
0 0.787500 0.671875 0.028125 0.074219
0 0.792188 0.892578 0.028125 0.078125
0 0.787500 0.746094 0.025000 0.074219
0 0.775000 0.374023 0.025000 0.072266
2 0.777344 0.449219 0.023438 0.074219
2 0.689844 0.968750 0.029687 0.062500
2 0.824219 0.964844 0.026562 0.070312
2 0.685156 0.824219 0.026562 0.074219
2 0.689063 0.899414 0.028125 0.076172
2 0.682813 0.750977 0.025000 0.072266
2 0.671875 0.446289 0.028125 0.076172
2 0.675781 0.522461 0.026562 0.072266
0 0.679688 0.598633 0.031250 0.076172
2 0.681250 0.674805 0.028125 0.076172
2 0.161719 0.585938 0.023438 0.074219
2 0.162500 0.661133 0.025000 0.076172
2 0.164844 0.736328 0.023438 0.074219
0 0.669531 0.371094 0.029687 0.074219
2 0.158594 0.510742 0.023438 0.076172
2 0.155469 0.436523 0.023438 0.076172
2 0.150781 0.958008 0.023438 0.076172
2 0.152344 0.362305 0.023438 0.076172
2 0.477344 0.335938 0.026562 0.074219
2 0.481250 0.413086 0.028125 0.076172
2 0.310937 0.916992 0.025000 0.072266
2 0.312500 0.242188 0.025000 0.074219
2 0.335156 0.918945 0.023438 0.072266
2 0.342187 0.314453 0.028125 0.074219
2 0.336719 0.164062 0.026562 0.074219
2 0.339844 0.976562 0.023438 0.046875
2 0.842969 0.670898 0.029687 0.076172
2 0.338281 0.240234 0.026562 0.074219
2 0.314063 0.975586 0.028125 0.048828
2 0.319531 0.467773 0.026562 0.076172
2 0.330469 0.769531 0.023438 0.074219
2 0.332813 0.844727 0.025000 0.072266
2 0.332813 0.090820 0.031250 0.072266
2 0.314844 0.317383 0.026562 0.076172
2 0.841406 0.594727 0.029687 0.072266
2 0.326562 0.692383 0.025000 0.076172
2 0.317969 0.391602 0.023438 0.076172
2 0.321875 0.542969 0.025000 0.074219
1 0.325000 0.617188 0.028125 0.074219
2 0.302344 0.694336 0.023438 0.076172
2 0.303906 0.769531 0.026562 0.074219
2 0.306250 0.095703 0.025000 0.070312
2 0.308594 0.843750 0.023438 0.074219
2 0.310156 0.167969 0.026562 0.074219
2 0.290625 0.394531 0.028125 0.074219
2 0.297656 0.619141 0.026562 0.074219
2 0.291406 0.469727 0.029687 0.072266
2 0.294531 0.542969 0.029687 0.074219
2 0.836719 0.444336 0.029687 0.076172
2 0.281250 0.098633 0.025000 0.072266
2 0.342969 0.390625 0.029687 0.074219
2 0.284375 0.172852 0.025000 0.076172
2 0.838281 0.519531 0.032813 0.074219
2 0.287500 0.246094 0.028125 0.074219
2 0.287500 0.320312 0.028125 0.074219
2 0.346094 0.466797 0.026562 0.074219
2 0.346875 0.540039 0.028125 0.076172
2 0.356250 0.770508 0.028125 0.076172
2 0.473438 0.189453 0.028125 0.070312
2 0.471875 0.935547 0.025000 0.078125
0 0.483594 0.488281 0.026562 0.074219
2 0.484375 0.563477 0.028125 0.076172
2 0.844531 0.745117 0.029687 0.076172
2 0.475000 0.260742 0.031250 0.076172
0 0.475781 0.987305 0.023438 0.025391
2 0.359375 0.844727 0.028125 0.076172
1 0.466406 0.789062 0.023438 0.074219
2 0.469531 0.863281 0.023438 0.074219
0 0.453906 0.416016 0.026562 0.074219
2 0.457031 0.488281 0.023438 0.074219
0 0.458594 0.563477 0.026562 0.076172
2 0.350781 0.617188 0.026562 0.074219
2 0.359375 0.918945 0.025000 0.072266
2 0.446094 0.193359 0.026562 0.070312
2 0.449219 0.265625 0.026562 0.074219
2 0.364063 0.978516 0.025000 0.042969
2 0.852344 0.965820 0.029687 0.068359
2 0.849219 0.824219 0.029687 0.070312
2 0.353125 0.694336 0.025000 0.076172
2 0.452344 0.340820 0.026562 0.076172
2 0.850000 0.895508 0.031250 0.076172
2 0.464062 0.713867 0.025000 0.076172
1 0.460156 0.637695 0.026562 0.076172
