2 0.627344 0.409180 0.060937 0.037109
2 0.142969 0.405273 0.060937 0.033203
2 0.688281 0.405273 0.060937 0.033203
1 0.567187 0.414062 0.059375 0.035156
2 0.085938 0.411133 0.059375 0.033203
2 0.028906 0.414062 0.057813 0.035156
2 0.506250 0.418945 0.062500 0.033203
2 0.446875 0.420898 0.059375 0.033203
2 0.385156 0.423828 0.060937 0.031250
2 0.326562 0.427734 0.059375 0.035156
2 0.266406 0.430664 0.060937 0.033203
2 0.147656 0.439453 0.060937 0.035156
2 0.206250 0.436523 0.059375 0.033203
2 0.089063 0.444336 0.059375 0.037109
2 0.032031 0.448242 0.060937 0.037109
2 0.963281 0.522461 0.060937 0.033203
2 0.904687 0.525391 0.059375 0.031250
2 0.843750 0.530273 0.062500 0.033203
2 0.783594 0.537109 0.060937 0.035156
2 0.663281 0.543945 0.060937 0.037109
2 0.725000 0.539062 0.059375 0.035156
2 0.602344 0.546875 0.060937 0.039062
2 0.961719 0.553711 0.060937 0.029297
2 0.539844 0.554688 0.060937 0.035156
2 0.478906 0.556641 0.060937 0.035156
2 0.903906 0.557617 0.060937 0.033203
2 0.417969 0.559570 0.060937 0.037109
2 0.357031 0.562500 0.060937 0.035156
2 0.842969 0.564453 0.060937 0.035156
0 0.296094 0.566406 0.060937 0.035156
1 0.235937 0.570312 0.059375 0.035156
2 0.782813 0.574219 0.059375 0.035156
2 0.175781 0.573242 0.064062 0.037109
2 0.722656 0.575195 0.060937 0.033203
2 0.114844 0.576172 0.057813 0.035156
2 0.663281 0.577148 0.060937 0.029297
2 0.057031 0.582031 0.057813 0.035156
2 0.602344 0.581055 0.060937 0.029297
2 0.541406 0.585938 0.060937 0.027344
2 0.960156 0.587891 0.060937 0.039062
0 0.480469 0.589844 0.060937 0.035156
2 0.901563 0.592773 0.059375 0.037109
2 0.419531 0.593750 0.060937 0.035156
2 0.359375 0.597656 0.062500 0.035156
2 0.297656 0.599609 0.060937 0.035156
2 0.841406 0.598633 0.060937 0.033203
2 0.239063 0.603516 0.059375 0.035156
1 0.724219 0.605469 0.060937 0.031250
0 0.782031 0.605469 0.057813 0.031250
2 0.179688 0.609375 0.059375 0.035156
2 0.663281 0.609375 0.060937 0.035156
2 0.120313 0.611328 0.059375 0.035156
0 0.603125 0.615234 0.059375 0.035156
2 0.061719 0.615234 0.060937 0.035156
0 0.541406 0.620117 0.060937 0.037109
2 0.482812 0.623047 0.059375 0.035156
2 0.422656 0.625000 0.060937 0.035156
2 0.361719 0.628906 0.060937 0.031250
0 0.302344 0.632812 0.060937 0.035156
2 0.241406 0.637695 0.057813 0.033203
2 0.184375 0.640625 0.059375 0.031250
1 0.125000 0.644531 0.059375 0.035156
0 0.066406 0.648438 0.060937 0.031250
2 0.939844 0.729492 0.060937 0.033203
2 0.880469 0.733398 0.057813 0.033203
2 0.133594 0.985352 0.067187 0.029297
2 0.074219 0.985352 0.064062 0.029297
2 0.942187 0.116211 0.059375 0.041016
2 0.882031 0.121094 0.060937 0.039062
2 0.823438 0.121094 0.059375 0.039062
2 0.761719 0.125000 0.060937 0.035156
2 0.702344 0.131836 0.060937 0.037109
2 0.641406 0.134766 0.060937 0.039062
0 0.580469 0.137695 0.060937 0.041016
2 0.520312 0.141602 0.059375 0.037109
2 0.457813 0.142578 0.062500 0.039062
2 0.397656 0.147461 0.060937 0.041016
2 0.336719 0.154297 0.057813 0.039062
2 0.941406 0.155273 0.060937 0.037109
2 0.881250 0.157227 0.059375 0.033203
2 0.276562 0.158203 0.062500 0.039062
2 0.823438 0.160156 0.059375 0.035156
2 0.761719 0.161133 0.060937 0.037109
2 0.216406 0.165039 0.057813 0.037109
2 0.428906 0.016602 0.057813 0.033203
2 0.157031 0.167969 0.060937 0.035156
2 0.703125 0.166992 0.059375 0.037109
0 0.642969 0.171875 0.060937 0.035156
2 0.096875 0.172852 0.062500 0.037109
2 0.037500 0.173828 0.062500 0.035156
0 0.582031 0.174805 0.060937 0.033203
2 0.367969 0.020508 0.057813 0.037109
2 0.520312 0.177734 0.059375 0.039062
2 0.460938 0.180664 0.062500 0.037109
2 0.399219 0.185547 0.060937 0.035156
2 0.339062 0.187500 0.059375 0.035156
2 0.939844 0.188477 0.060937 0.037109
2 0.879687 0.191406 0.059375 0.035156
0 0.278906 0.194336 0.060937 0.033203
2 0.822656 0.195312 0.057813 0.035156
2 0.761719 0.197266 0.060937 0.035156
2 0.219531 0.198242 0.064062 0.033203
2 0.160938 0.202148 0.059375 0.037109
2 0.701562 0.202148 0.059375 0.033203
0 0.641406 0.206055 0.060937 0.033203
0 0.100781 0.208984 0.064062 0.035156
2 0.042188 0.208984 0.062500 0.035156
2 0.581250 0.209961 0.059375 0.033203
0 0.521875 0.212891 0.059375 0.031250
2 0.310156 0.020508 0.057813 0.037109
2 0.460938 0.215820 0.059375 0.033203
2 0.401562 0.220703 0.059375 0.035156
1 0.341406 0.222656 0.060937 0.035156
2 0.281250 0.226562 0.062500 0.031250
1 0.223438 0.232422 0.059375 0.031250
2 0.163281 0.235352 0.060937 0.029297
2 0.104688 0.242188 0.059375 0.031250
0 0.044531 0.244141 0.057813 0.035156
2 0.250000 0.026367 0.059375 0.037109
2 0.192188 0.032227 0.059375 0.037109
2 0.928125 0.322266 0.059375 0.035156
2 0.868750 0.323242 0.059375 0.033203
2 0.807813 0.328125 0.059375 0.035156
2 0.687500 0.333984 0.059375 0.039062
2 0.747656 0.330078 0.060937 0.039062
2 0.625781 0.338867 0.060937 0.037109
2 0.565625 0.343750 0.059375 0.039062
2 0.504687 0.346680 0.062500 0.041016
2 0.442969 0.351562 0.060937 0.039062
2 0.382031 0.354492 0.060937 0.037109
2 0.926562 0.356445 0.059375 0.033203
2 0.866406 0.357422 0.060937 0.035156
2 0.321875 0.358398 0.059375 0.037109
2 0.260937 0.362305 0.062500 0.037109
2 0.807813 0.363281 0.059375 0.035156
2 0.748437 0.367188 0.059375 0.035156
2 0.202344 0.367188 0.057813 0.039062
2 0.141406 0.370117 0.060937 0.037109
1 0.132031 0.039062 0.057813 0.039062
2 0.688281 0.372070 0.060937 0.033203
2 0.080469 0.375977 0.057813 0.041016
2 0.627344 0.374023 0.060937 0.033203
2 0.566406 0.377930 0.060937 0.033203
2 0.027344 0.378906 0.051562 0.039062
2 0.505469 0.384766 0.060937 0.031250
2 0.443750 0.387695 0.062500 0.033203
2 0.924219 0.390625 0.057813 0.035156
2 0.074219 0.040039 0.060937 0.037109
2 0.383594 0.389648 0.060937 0.033203
2 0.865625 0.393555 0.059375 0.037109
2 0.323437 0.394531 0.059375 0.035156
1 0.806250 0.397461 0.059375 0.033203
2 0.264062 0.397461 0.059375 0.033203
1 0.747656 0.400391 0.060937 0.035156
1 0.203906 0.402344 0.060937 0.035156
2 0.821094 0.738281 0.060937 0.031250
2 0.760156 0.744141 0.060937 0.031250
2 0.700000 0.746094 0.059375 0.035156
2 0.639844 0.748047 0.060937 0.035156
2 0.578906 0.751953 0.060937 0.035156
2 0.518750 0.756836 0.059375 0.037109
2 0.458594 0.760742 0.060937 0.033203
2 0.938281 0.761719 0.060937 0.031250
2 0.397656 0.763672 0.060937 0.035156
2 0.880469 0.764648 0.060937 0.029297
2 0.819531 0.769531 0.060937 0.031250
2 0.336719 0.769531 0.060937 0.031250
2 0.275000 0.771484 0.059375 0.031250
2 0.759375 0.774414 0.059375 0.029297
2 0.216406 0.777344 0.060937 0.035156
2 0.700000 0.776367 0.059375 0.029297
2 0.153125 0.778320 0.065625 0.033203
2 0.095312 0.780273 0.059375 0.033203
2 0.639844 0.781250 0.060937 0.031250
2 0.578906 0.786133 0.060937 0.033203
2 0.035937 0.787109 0.062500 0.035156
0 0.935156 0.790039 0.060937 0.033203
0 0.520312 0.791016 0.059375 0.031250
2 0.459375 0.792969 0.062500 0.031250
2 0.877344 0.794922 0.060937 0.031250
2 0.398438 0.796875 0.062500 0.031250
2 0.817187 0.799805 0.059375 0.033203
2 0.336719 0.799805 0.060937 0.029297
2 0.278906 0.802734 0.060937 0.031250
2 0.758594 0.804688 0.057813 0.031250
2 0.217969 0.806641 0.060937 0.027344
2 0.700000 0.806641 0.059375 0.031250
2 0.100781 0.812500 0.057813 0.031250
2 0.159375 0.808594 0.062500 0.031250
2 0.639844 0.814453 0.060937 0.031250
2 0.042969 0.816406 0.060937 0.031250
2 0.578906 0.818359 0.060937 0.031250
0 0.520312 0.821289 0.059375 0.029297
2 0.460938 0.824219 0.059375 0.031250
2 0.401562 0.826172 0.062500 0.027344
2 0.341406 0.831055 0.060937 0.029297
0 0.282031 0.834961 0.060937 0.029297
0 0.222656 0.835938 0.060937 0.031250
2 0.164844 0.836914 0.064062 0.033203
2 0.104688 0.841797 0.059375 0.031250
1 0.046094 0.845703 0.064062 0.031250
2 0.971094 0.935547 0.057813 0.031250
2 0.914844 0.938477 0.060937 0.033203
2 0.855469 0.943359 0.060937 0.035156
2 0.794531 0.947266 0.060937 0.035156
2 0.733594 0.950195 0.060937 0.033203
2 0.675000 0.956055 0.059375 0.037109
2 0.615625 0.962891 0.059375 0.035156
2 0.553906 0.966797 0.060937 0.039062
2 0.970313 0.969727 0.059375 0.037109
2 0.494531 0.968750 0.060937 0.039062
2 0.433594 0.969727 0.060937 0.033203
2 0.914062 0.972656 0.059375 0.035156
2 0.372656 0.973633 0.064062 0.033203
2 0.313281 0.975586 0.064062 0.033203
2 0.853125 0.977539 0.059375 0.033203
2 0.794531 0.981445 0.060937 0.033203
2 0.252344 0.982422 0.064062 0.035156
2 0.193750 0.982422 0.062500 0.035156
2 0.735156 0.984375 0.060937 0.031250
