1 0.882812 0.880859 0.025000 0.074219
3 0.882031 0.356445 0.026562 0.076172
0 0.878125 0.808594 0.025000 0.074219
2 0.875781 0.736328 0.023438 0.082031
2 0.874219 0.659180 0.023438 0.080078
3 0.869531 0.585938 0.023438 0.078125
3 0.866406 0.507812 0.023438 0.078125
2 0.864844 0.960938 0.032813 0.078125
3 0.860938 0.431641 0.025000 0.078125
3 0.857812 0.357422 0.025000 0.078125
2 0.858594 0.886719 0.023438 0.074219
2 0.854688 0.814453 0.025000 0.074219
2 0.851562 0.741211 0.025000 0.076172
2 0.849219 0.664062 0.026562 0.078125
3 0.846875 0.587891 0.021875 0.078125
3 0.841406 0.510742 0.026562 0.076172
3 0.836719 0.433594 0.023438 0.078125
3 0.834375 0.358398 0.025000 0.076172
3 0.889062 0.503906 0.021875 0.074219
3 0.885938 0.430664 0.025000 0.076172
