0 0.744531 0.035156 0.023438 0.070312
2 0.748437 0.107422 0.028125 0.074219
2 0.761719 0.410156 0.026562 0.074219
2 0.254688 0.168945 0.031250 0.076172
3 0.753906 0.257812 0.026562 0.078125
3 0.757812 0.334961 0.028125 0.076172
2 0.742188 0.564453 0.028125 0.074219
3 0.278906 0.029297 0.032813 0.058594
2 0.312500 0.851562 0.031250 0.074219
2 0.125000 0.290039 0.031250 0.076172
2 0.733594 0.411133 0.026562 0.076172
2 0.393750 0.194336 0.028125 0.076172
3 0.388281 0.043945 0.026562 0.074219
0 0.301563 0.625977 0.031250 0.076172
2 0.389062 0.120117 0.028125 0.076172
2 0.315625 0.925781 0.031250 0.074219
2 0.257812 0.246094 0.028125 0.074219
2 0.278906 0.780273 0.032813 0.076172
2 0.309375 0.777344 0.031250 0.078125
2 0.276562 0.704102 0.031250 0.076172
2 0.116406 0.823242 0.032813 0.076172
2 0.258594 0.934570 0.026562 0.076172
2 0.260156 0.986328 0.026562 0.027344
2 0.261719 0.321289 0.026562 0.076172
2 0.264844 0.397461 0.029687 0.076172
2 0.265625 0.473633 0.028125 0.076172
2 0.267969 0.550781 0.029687 0.078125
2 0.280469 0.094727 0.029687 0.076172
2 0.282031 0.856445 0.029687 0.076172
3 0.284375 0.170898 0.031250 0.076172
2 0.286719 0.930664 0.029687 0.076172
3 0.288281 0.245117 0.032813 0.076172
3 0.119531 0.066406 0.029687 0.074219
2 0.120313 0.897461 0.034375 0.080078
2 0.288281 0.984375 0.029687 0.031250
2 0.290625 0.320312 0.031250 0.074219
1 0.293750 0.397461 0.031250 0.076172
2 0.296875 0.472656 0.031250 0.074219
2 0.298438 0.547852 0.031250 0.076172
3 0.122656 0.141602 0.032813 0.076172
2 0.319531 0.982422 0.029687 0.035156
3 0.124219 0.215820 0.032813 0.072266
2 0.400781 0.424805 0.026562 0.076172
2 0.406250 0.502930 0.031250 0.076172
2 0.409375 0.580078 0.028125 0.078125
2 0.415625 0.044922 0.025000 0.078125
2 0.417187 0.733398 0.028125 0.080078
2 0.417187 0.811523 0.028125 0.083984
2 0.421875 0.888672 0.028125 0.082031
2 0.421875 0.194336 0.028125 0.076172
3 0.424219 0.270508 0.029687 0.076172
3 0.427344 0.346680 0.029687 0.076172
1 0.429688 0.424805 0.028125 0.076172
2 0.436719 0.578125 0.026562 0.078125
2 0.439844 0.654297 0.026562 0.078125
2 0.442969 0.045898 0.029687 0.076172
2 0.443750 0.731445 0.025000 0.080078
3 0.444531 0.119141 0.026562 0.074219
2 0.450781 0.883789 0.026562 0.083984
3 0.452344 0.270508 0.026562 0.076172
2 0.453906 0.957031 0.026562 0.082031
1 0.457813 0.423828 0.028125 0.074219
2 0.465625 0.577148 0.028125 0.076172
2 0.471094 0.727539 0.026562 0.080078
2 0.474219 0.802734 0.029687 0.078125
2 0.139063 0.591797 0.034375 0.074219
1 0.480469 0.954102 0.026562 0.080078
2 0.146094 0.746094 0.032813 0.078125
3 0.554688 0.073242 0.028125 0.072266
3 0.557813 0.151367 0.028125 0.080078
3 0.560156 0.227539 0.026562 0.076172
3 0.567969 0.378906 0.026562 0.078125
2 0.574219 0.533203 0.026562 0.078125
2 0.580469 0.688477 0.026562 0.076172
3 0.582812 0.018555 0.028125 0.037109
3 0.582031 0.076172 0.026562 0.074219
2 0.149219 0.820312 0.032813 0.074219
2 0.587500 0.839844 0.028125 0.074219
2 0.589063 0.915039 0.028125 0.076172
2 0.592969 0.976562 0.029687 0.046875
2 0.597656 0.456055 0.029687 0.076172
2 0.603125 0.608398 0.028125 0.076172
2 0.607031 0.686523 0.026562 0.076172
3 0.608594 0.074219 0.026562 0.074219
2 0.610938 0.759766 0.025000 0.074219
2 0.615625 0.836914 0.025000 0.076172
2 0.152344 0.894531 0.029687 0.074219
3 0.616406 0.228516 0.029687 0.074219
3 0.619531 0.302734 0.029687 0.074219
2 0.619531 0.974609 0.026562 0.050781
2 0.621875 0.377930 0.028125 0.076172
2 0.628125 0.530273 0.028125 0.076172
2 0.634375 0.681641 0.028125 0.078125
2 0.640625 0.833008 0.028125 0.076172
2 0.643750 0.909180 0.028125 0.076172
1 0.645312 0.971680 0.028125 0.056641
3 0.721875 0.034180 0.025000 0.068359
2 0.725000 0.180664 0.028125 0.076172
3 0.730469 0.334961 0.026562 0.076172
2 0.739062 0.489258 0.028125 0.076172
2 0.742969 0.640625 0.026562 0.074219
2 0.747656 0.717773 0.029687 0.076172
2 0.748437 0.794922 0.025000 0.074219
2 0.752344 0.180664 0.026562 0.076172
2 0.751563 0.870117 0.028125 0.076172
2 0.754687 0.947266 0.028125 0.074219
2 0.757031 0.991211 0.026562 0.017578
2 0.764062 0.486328 0.025000 0.074219
2 0.767188 0.561523 0.025000 0.076172
0 0.768750 0.035156 0.025000 0.070312
2 0.771875 0.108398 0.025000 0.072266
3 0.776563 0.183594 0.025000 0.074219
2 0.777344 0.866211 0.026562 0.076172
3 0.778906 0.258789 0.026562 0.076172
2 0.780469 0.941406 0.026562 0.074219
3 0.783594 0.333008 0.026562 0.076172
0 0.789062 0.487305 0.028125 0.076172
0 0.795312 0.635742 0.028125 0.076172
2 0.800781 0.788086 0.026562 0.076172
1 0.803906 0.937500 0.026562 0.074219
2 0.806250 0.987305 0.028125 0.025391
2 0.885156 0.204102 0.026562 0.076172
3 0.886719 0.127930 0.026562 0.076172
2 0.111719 0.594727 0.023438 0.076172
3 0.221094 0.028320 0.026562 0.056641
2 0.113281 0.670898 0.026562 0.076172
2 0.225781 0.094727 0.026562 0.076172
2 0.225000 0.168945 0.028125 0.076172
2 0.229687 0.244141 0.028125 0.078125
2 0.235156 0.398438 0.029687 0.078125
2 0.237500 0.475586 0.028125 0.076172
2 0.239844 0.552734 0.026562 0.078125
2 0.243750 0.627930 0.028125 0.076172
2 0.246875 0.707031 0.028125 0.078125
3 0.250000 0.028320 0.028125 0.056641
2 0.252344 0.093750 0.026562 0.074219
2 0.253125 0.859375 0.028125 0.078125
2 0.399219 0.347656 0.029687 0.078125
2 0.125000 0.967773 0.034375 0.064453
2 0.775000 0.714844 0.028125 0.074219
2 0.775781 0.791016 0.026562 0.074219
2 0.594531 0.378906 0.026562 0.078125
2 0.723437 0.106445 0.028125 0.076172
2 0.770312 0.638672 0.028125 0.074219
2 0.727344 0.257812 0.026562 0.078125
2 0.632031 0.606445 0.029687 0.076172
2 0.157031 0.966797 0.032813 0.066406
2 0.637500 0.757812 0.028125 0.074219
1 0.623437 0.454102 0.031250 0.076172
2 0.617188 0.912109 0.028125 0.074219
2 0.600781 0.530273 0.026562 0.076172
3 0.612500 0.152344 0.025000 0.078125
3 0.606250 0.018555 0.021875 0.037109
1 0.459375 0.500977 0.028125 0.076172
2 0.582812 0.764648 0.028125 0.076172
3 0.591406 0.302734 0.026562 0.074219
2 0.249219 0.782227 0.026562 0.076172
3 0.585938 0.152344 0.028125 0.078125
3 0.587500 0.228516 0.028125 0.074219
2 0.114844 0.747070 0.029687 0.076172
2 0.232813 0.321289 0.031250 0.076172
3 0.885938 0.052734 0.028125 0.074219
2 0.577344 0.611328 0.026562 0.078125
2 0.802344 0.863281 0.026562 0.078125
2 0.792188 0.561523 0.028125 0.076172
2 0.798438 0.711914 0.028125 0.076172
2 0.781250 0.989258 0.025000 0.021484
2 0.785937 0.410156 0.028125 0.074219
2 0.467187 0.652344 0.028125 0.078125
2 0.571094 0.458008 0.029687 0.076172
3 0.563281 0.303711 0.029687 0.072266
2 0.141406 0.667969 0.032813 0.074219
3 0.553906 0.018555 0.029687 0.037109
0 0.476562 0.878906 0.028125 0.078125
2 0.410938 0.655273 0.028125 0.080078
2 0.432031 0.500977 0.026562 0.076172
3 0.456250 0.347656 0.028125 0.078125
2 0.445312 0.807617 0.028125 0.080078
3 0.449219 0.194336 0.026562 0.076172
2 0.135937 0.518555 0.034375 0.076172
2 0.132812 0.442383 0.034375 0.076172
2 0.426563 0.959961 0.028125 0.076172
2 0.418750 0.120117 0.028125 0.076172
1 0.128906 0.366211 0.032813 0.076172
2 0.304688 0.700195 0.031250 0.076172
2 0.395313 0.271484 0.028125 0.078125
2 0.272656 0.627930 0.029687 0.076172
3 0.117188 0.013672 0.028125 0.027344
