2 0.452344 0.374023 0.060937 0.033203
2 0.735938 0.934570 0.062500 0.041016
2 0.941406 0.376953 0.067187 0.035156
0 0.392188 0.379883 0.062500 0.033203
1 0.331250 0.379883 0.059375 0.029297
0 0.881250 0.380859 0.062500 0.035156
2 0.782813 0.801758 0.062500 0.037109
2 0.821875 0.383789 0.065625 0.037109
2 0.675000 0.979492 0.059375 0.041016
2 0.475781 0.786133 0.060937 0.033203
3 0.290625 0.793945 0.062500 0.037109
2 0.842969 0.795898 0.060937 0.037109
2 0.760156 0.387695 0.064062 0.033203
2 0.964844 0.788086 0.060937 0.037109
2 0.902344 0.792969 0.060937 0.035156
3 0.414844 0.790039 0.060937 0.037109
3 0.353125 0.791016 0.062500 0.035156
2 0.698438 0.389648 0.062500 0.033203
0 0.656250 0.772461 0.062500 0.033203
2 0.596875 0.778320 0.059375 0.033203
2 0.535937 0.781250 0.062500 0.035156
2 0.638281 0.395508 0.064062 0.033203
2 0.453125 0.407227 0.062500 0.033203
2 0.575781 0.398438 0.060937 0.031250
2 0.515625 0.403320 0.062500 0.033203
2 0.297656 0.209961 0.060937 0.033203
3 0.235937 0.212891 0.059375 0.031250
2 0.935937 0.343750 0.062500 0.035156
0 0.876563 0.346680 0.062500 0.033203
2 0.636719 0.363281 0.064062 0.031250
2 0.575000 0.363281 0.062500 0.035156
2 0.514844 0.369141 0.060937 0.035156
1 0.331250 0.346680 0.059375 0.033203
0 0.696875 0.357422 0.062500 0.035156
0 0.818750 0.350586 0.062500 0.029297
2 0.757031 0.355469 0.064062 0.035156
2 0.452344 0.338867 0.060937 0.037109
1 0.754687 0.321289 0.062500 0.033203
2 0.391406 0.342773 0.060937 0.033203
2 0.695312 0.323242 0.062500 0.033203
2 0.512500 0.336914 0.059375 0.033203
2 0.634375 0.330078 0.062500 0.035156
2 0.572656 0.331055 0.060937 0.033203
2 0.874219 0.314453 0.060937 0.031250
2 0.795312 0.931641 0.062500 0.042969
1 0.814063 0.319336 0.062500 0.033203
3 0.175000 0.218750 0.059375 0.031250
2 0.932813 0.310547 0.062500 0.035156
2 0.911719 0.920898 0.064062 0.037109
2 0.855469 0.925781 0.060937 0.039062
2 0.359375 0.205078 0.062500 0.031250
2 0.419531 0.201172 0.060937 0.031250
2 0.542969 0.194336 0.060937 0.033203
2 0.480469 0.198242 0.060937 0.033203
2 0.725781 0.181641 0.060937 0.035156
3 0.115625 0.183594 0.062500 0.035156
2 0.176563 0.183594 0.062500 0.035156
2 0.664062 0.186523 0.062500 0.033203
2 0.603906 0.189453 0.060937 0.035156
2 0.602344 0.157227 0.060937 0.029297
2 0.296094 0.176758 0.060937 0.033203
2 0.787500 0.178711 0.059375 0.033203
2 0.237500 0.180664 0.059375 0.033203
2 0.906250 0.171875 0.059375 0.035156
2 0.541406 0.159180 0.060937 0.033203
3 0.358594 0.174805 0.060937 0.029297
2 0.846094 0.175781 0.060937 0.035156
1 0.970313 0.916016 0.059375 0.042969
2 0.966406 0.170898 0.064062 0.033203
3 0.481250 0.164062 0.062500 0.031250
3 0.419531 0.170898 0.060937 0.029297
3 0.116406 0.152344 0.064062 0.027344
2 0.662500 0.152344 0.062500 0.031250
2 0.783594 0.145508 0.060937 0.033203
2 0.175781 0.150391 0.060937 0.031250
2 0.236719 0.146484 0.060937 0.035156
2 0.724219 0.150391 0.060937 0.027344
2 0.454688 0.542969 0.062500 0.035156
0 0.778125 0.730469 0.062500 0.035156
2 0.716406 0.737305 0.060937 0.041016
0 0.655469 0.738281 0.060937 0.035156
2 0.594531 0.743164 0.060937 0.033203
2 0.780469 0.764648 0.060937 0.037109
2 0.735938 0.974609 0.059375 0.042969
2 0.718750 0.772461 0.062500 0.033203
2 0.536719 0.747070 0.060937 0.037109
3 0.352344 0.755859 0.060937 0.035156
3 0.290625 0.758789 0.062500 0.033203
2 0.841406 0.760742 0.064062 0.033203
2 0.475781 0.750000 0.060937 0.035156
2 0.899219 0.756836 0.064062 0.033203
3 0.414062 0.752930 0.062500 0.037109
2 0.959375 0.752930 0.062500 0.033203
2 0.579688 0.608398 0.062500 0.037109
2 0.796875 0.970703 0.062500 0.039062
2 0.760156 0.560547 0.060937 0.035156
2 0.956250 0.718750 0.062500 0.035156
1 0.895312 0.721680 0.062500 0.037109
2 0.836719 0.727539 0.060937 0.033203
2 0.917969 0.959961 0.060937 0.041016
3 0.310937 0.962891 0.062500 0.035156
3 0.250781 0.963867 0.060937 0.037109
2 0.857812 0.965820 0.059375 0.044922
2 0.516406 0.611328 0.060937 0.039062
3 0.332031 0.621094 0.060937 0.039062
2 0.454688 0.615234 0.062500 0.039062
3 0.393750 0.617188 0.059375 0.039062
2 0.700781 0.564453 0.060937 0.035156
2 0.885156 0.588867 0.060937 0.033203
2 0.700781 0.600586 0.060937 0.037109
2 0.639844 0.603516 0.060937 0.039062
3 0.371875 0.958008 0.059375 0.037109
2 0.761719 0.594727 0.060937 0.033203
2 0.973437 0.958008 0.053125 0.041016
2 0.824219 0.590820 0.060937 0.037109
2 0.639062 0.568359 0.062500 0.035156
3 0.392969 0.580078 0.060937 0.035156
2 0.945312 0.584961 0.059375 0.037109
3 0.332813 0.584961 0.062500 0.033203
3 0.432031 0.956055 0.060937 0.037109
2 0.454688 0.578125 0.062500 0.035156
2 0.577344 0.572266 0.060937 0.031250
2 0.517188 0.576172 0.062500 0.031250
2 0.821875 0.557617 0.062500 0.033203
2 0.880469 0.554688 0.057813 0.035156
2 0.939844 0.549805 0.060937 0.033203
3 0.332031 0.550781 0.060937 0.031250
2 0.392969 0.545898 0.060937 0.033203
2 0.575781 0.538086 0.060937 0.037109
2 0.516406 0.542969 0.060937 0.035156
2 0.637500 0.534180 0.062500 0.033203
3 0.296094 0.143555 0.060937 0.029297
3 0.357812 0.144531 0.062500 0.031250
3 0.392188 0.412109 0.062500 0.035156
3 0.331250 0.413086 0.059375 0.037109
2 0.696875 0.528320 0.059375 0.037109
2 0.674219 0.939453 0.060937 0.039062
0 0.876563 0.517578 0.059375 0.035156
2 0.817969 0.521484 0.060937 0.035156
2 0.757031 0.524414 0.060937 0.033203
1 0.612500 0.945312 0.059375 0.039062
2 0.935156 0.515625 0.060937 0.035156
2 0.552344 0.949219 0.060937 0.042969
2 0.492188 0.950195 0.059375 0.037109
2 0.958594 0.107422 0.060937 0.027344
2 0.962500 0.137695 0.062500 0.033203
3 0.419531 0.140625 0.060937 0.031250
2 0.902344 0.139648 0.057813 0.029297
2 0.843750 0.143555 0.059375 0.029297
2 0.901563 0.109375 0.059375 0.031250
2 0.600781 0.125000 0.060937 0.035156
2 0.539844 0.127930 0.060937 0.029297
3 0.479687 0.131836 0.059375 0.033203
2 0.840625 0.114258 0.062500 0.029297
2 0.660156 0.121094 0.060937 0.031250
2 0.781250 0.115234 0.059375 0.031250
2 0.721094 0.120117 0.060937 0.033203
2 0.615625 0.982422 0.059375 0.035156
2 0.493750 0.984375 0.062500 0.031250
2 0.432031 0.987305 0.060937 0.025391
3 0.414844 0.824219 0.060937 0.035156
2 0.555469 0.984375 0.057813 0.031250
3 0.353125 0.827148 0.062500 0.037109
3 0.292187 0.829102 0.062500 0.033203
2 0.599219 0.814453 0.060937 0.039062
2 0.537500 0.816406 0.062500 0.039062
3 0.476562 0.820312 0.062500 0.035156
2 0.660937 0.810547 0.062500 0.039062
2 0.721875 0.806641 0.059375 0.035156
