2 0.424219 0.880859 0.026562 0.078125
0 0.428125 0.955078 0.028125 0.074219
3 0.538281 0.275391 0.032813 0.078125
3 0.540625 0.352539 0.028125 0.076172
2 0.555469 0.732422 0.026562 0.074219
2 0.542969 0.427734 0.026562 0.078125
2 0.552344 0.658203 0.026562 0.074219
2 0.546094 0.503906 0.026562 0.078125
2 0.548438 0.580078 0.028125 0.078125
3 0.497656 0.044922 0.032813 0.078125
3 0.526563 0.044922 0.031250 0.078125
3 0.535937 0.196289 0.031250 0.076172
2 0.537500 0.961914 0.031250 0.076172
2 0.527344 0.737305 0.029687 0.076172
2 0.532813 0.889648 0.031250 0.076172
2 0.529687 0.811523 0.028125 0.076172
3 0.529687 0.121094 0.028125 0.074219
3 0.503125 0.121094 0.028125 0.074219
2 0.517969 0.507812 0.032813 0.078125
2 0.521875 0.583008 0.031250 0.076172
2 0.524219 0.661133 0.029687 0.076172
3 0.504687 0.197266 0.028125 0.074219
2 0.514062 0.428711 0.028125 0.076172
3 0.507031 0.274414 0.029687 0.080078
3 0.509375 0.352539 0.034375 0.076172
3 0.389844 0.047852 0.029687 0.076172
2 0.348438 0.511719 0.028125 0.078125
2 0.406250 0.505859 0.031250 0.078125
2 0.408594 0.583008 0.029687 0.076172
0 0.422656 0.807617 0.026562 0.076172
2 0.411719 0.657227 0.029687 0.076172
2 0.416406 0.734375 0.026562 0.074219
3 0.389844 0.125000 0.029687 0.078125
3 0.401562 0.274414 0.034375 0.076172
3 0.401562 0.351562 0.031250 0.078125
2 0.403125 0.430664 0.031250 0.076172
1 0.396094 0.811523 0.026562 0.076172
2 0.399219 0.960938 0.026562 0.078125
3 0.396094 0.200195 0.032813 0.076172
0 0.399219 0.887695 0.026562 0.076172
2 0.353906 0.587891 0.035937 0.078125
0 0.371094 0.962891 0.029687 0.074219
2 0.386719 0.660156 0.026562 0.078125
0 0.389844 0.737305 0.026562 0.076172
3 0.371094 0.353516 0.029687 0.078125
2 0.382812 0.583984 0.028125 0.078125
2 0.373437 0.431641 0.031250 0.078125
2 0.378125 0.507812 0.031250 0.078125
2 0.357812 0.663086 0.031250 0.080078
2 0.364844 0.814453 0.032813 0.074219
2 0.368750 0.888672 0.031250 0.074219
3 0.369531 0.276367 0.029687 0.076172
3 0.360938 0.047852 0.028125 0.076172
3 0.365625 0.201172 0.028125 0.074219
2 0.360156 0.125000 0.029687 0.078125
2 0.360938 0.740234 0.028125 0.078125
3 0.329688 0.046875 0.031250 0.078125
2 0.346094 0.433594 0.029687 0.078125
2 0.332031 0.123047 0.029687 0.078125
2 0.342969 0.354492 0.029687 0.080078
2 0.335938 0.200195 0.031250 0.076172
2 0.338281 0.276367 0.032813 0.076172
2 0.256250 0.811523 0.028125 0.076172
2 0.259375 0.883789 0.028125 0.076172
2 0.262500 0.959961 0.028125 0.076172
2 0.171094 0.205078 0.029687 0.078125
2 0.173437 0.282227 0.031250 0.076172
2 0.213281 0.511719 0.029687 0.078125
2 0.216406 0.587891 0.026562 0.078125
1 0.228906 0.128906 0.026562 0.074219
2 0.217969 0.664062 0.026562 0.078125
2 0.228906 0.814453 0.026562 0.078125
4 0.224219 0.053711 0.029687 0.076172
2 0.225781 0.740234 0.029687 0.078125
2 0.176563 0.359375 0.031250 0.078125
2 0.198437 0.818359 0.031250 0.078125
2 0.206250 0.358398 0.028125 0.080078
2 0.210938 0.435547 0.025000 0.078125
2 0.199219 0.205078 0.029687 0.078125
2 0.206250 0.963867 0.028125 0.072266
2 0.202344 0.892578 0.026562 0.078125
2 0.203125 0.281250 0.028125 0.078125
2 0.179688 0.435547 0.031250 0.078125
2 0.196094 0.051758 0.029687 0.076172
2 0.196094 0.742188 0.032813 0.078125
2 0.197656 0.127930 0.032813 0.076172
2 0.183594 0.513672 0.029687 0.078125
2 0.192188 0.007812 0.028125 0.015625
2 0.186719 0.590820 0.029687 0.080078
2 0.188281 0.667969 0.029687 0.078125
3 0.752344 0.938477 0.020313 0.060547
3 0.754687 0.985352 0.028125 0.029297
2 0.167187 0.129883 0.028125 0.076172
0 0.111719 0.984375 0.020313 0.031250
2 0.166406 0.052734 0.029687 0.078125
2 0.744531 0.717773 0.026562 0.076172
1 0.746094 0.793945 0.023438 0.076172
3 0.750000 0.870117 0.021875 0.080078
3 0.743750 0.642578 0.028125 0.074219
3 0.743750 0.568359 0.028125 0.078125
2 0.229687 0.886719 0.028125 0.078125
2 0.229687 0.282227 0.028125 0.076172
2 0.564063 0.957031 0.025000 0.074219
3 0.565625 0.199219 0.028125 0.078125
2 0.230469 0.205078 0.029687 0.078125
3 0.567187 0.275391 0.028125 0.078125
3 0.570312 0.350586 0.028125 0.076172
3 0.728125 0.183594 0.025000 0.078125
3 0.728125 0.261719 0.025000 0.078125
3 0.728906 0.991211 0.026562 0.017578
2 0.731250 0.338867 0.025000 0.076172
2 0.695312 0.800781 0.028125 0.074219
3 0.716406 0.038086 0.035937 0.076172
3 0.725781 0.948242 0.029687 0.076172
3 0.716406 0.645508 0.026562 0.076172
3 0.724219 0.874023 0.029687 0.076172
3 0.571094 0.426758 0.029687 0.076172
2 0.717187 0.721680 0.028125 0.076172
2 0.720313 0.798828 0.028125 0.074219
2 0.710156 0.416992 0.023438 0.080078
2 0.696094 0.876953 0.026562 0.074219
3 0.710156 0.494141 0.026562 0.078125
3 0.714063 0.570312 0.028125 0.078125
2 0.700000 0.949219 0.031250 0.074219
2 0.704688 0.340820 0.025000 0.076172
3 0.700000 0.186523 0.028125 0.076172
3 0.704688 0.261719 0.025000 0.078125
3 0.573438 0.501953 0.031250 0.074219
3 0.689063 0.647461 0.028125 0.076172
3 0.678125 0.341797 0.031250 0.078125
2 0.692969 0.725586 0.026562 0.076172
2 0.682813 0.417969 0.028125 0.078125
3 0.688281 0.039062 0.029687 0.078125
2 0.685156 0.496094 0.026562 0.078125
3 0.686719 0.573242 0.029687 0.076172
2 0.589063 0.951172 0.028125 0.074219
2 0.574219 0.577148 0.029687 0.076172
3 0.673438 0.185547 0.025000 0.078125
3 0.676562 0.263672 0.025000 0.078125
2 0.578906 0.653320 0.029687 0.076172
2 0.585938 0.876953 0.028125 0.074219
2 0.581250 0.727539 0.028125 0.076172
2 0.584375 0.803711 0.028125 0.076172
2 0.246094 0.660156 0.029687 0.078125
2 0.558594 0.884766 0.026562 0.074219
3 0.559375 0.121094 0.031250 0.074219
2 0.556250 0.809570 0.028125 0.076172
1 0.254688 0.735352 0.028125 0.076172
3 0.557813 0.045898 0.031250 0.080078
2 0.235156 0.357422 0.029687 0.078125
0 0.241406 0.510742 0.029687 0.076172
2 0.242969 0.585938 0.029687 0.078125
0 0.238281 0.432617 0.029687 0.076172
2 0.235156 0.960938 0.026562 0.078125
3 0.735938 0.492188 0.025000 0.078125
3 0.732812 0.414062 0.025000 0.078125
