1 0.264844 0.807617 0.060937 0.029297
2 0.796094 0.083984 0.060937 0.035156
2 0.325781 0.805664 0.060937 0.033203
2 0.735938 0.088867 0.062500 0.037109
3 0.923438 0.286133 0.062500 0.037109
2 0.039062 0.018555 0.059375 0.037109
3 0.203906 0.812500 0.064062 0.027344
2 0.919531 0.078125 0.060937 0.039062
2 0.857812 0.083008 0.062500 0.037109
3 0.149219 0.815430 0.048438 0.025391
0 0.095312 0.014648 0.059375 0.025391
3 0.092188 0.818359 0.062500 0.035156
2 0.032031 0.818359 0.057813 0.031250
2 0.739844 0.294922 0.060937 0.039062
3 0.750781 0.750000 0.060937 0.035156
2 0.628906 0.789062 0.060937 0.031250
3 0.568750 0.791016 0.062500 0.031250
3 0.506250 0.794922 0.062500 0.031250
3 0.445312 0.804688 0.062500 0.035156
3 0.385937 0.804688 0.059375 0.035156
2 0.260937 0.775391 0.059375 0.035156
3 0.085156 0.786133 0.057813 0.033203
2 0.616406 0.303711 0.064062 0.037109
2 0.028125 0.787109 0.056250 0.031250
3 0.200781 0.780273 0.060937 0.037109
3 0.690625 0.785156 0.062500 0.031250
3 0.141406 0.782227 0.060937 0.037109
3 0.753125 0.785156 0.062500 0.031250
2 0.627344 0.755859 0.060937 0.031250
3 0.871094 0.770508 0.064062 0.044922
2 0.080469 0.752930 0.057813 0.037109
3 0.383594 0.770508 0.060937 0.033203
2 0.322656 0.771484 0.060937 0.035156
3 0.690625 0.755859 0.062500 0.031250
3 0.443750 0.767578 0.062500 0.035156
2 0.566406 0.762695 0.064062 0.029297
3 0.504687 0.762695 0.062500 0.033203
3 0.932031 0.768555 0.064062 0.041016
2 0.553125 0.307617 0.062500 0.037109
2 0.678906 0.297852 0.060937 0.041016
2 0.429688 0.317383 0.062500 0.044922
3 0.382031 0.736328 0.060937 0.035156
2 0.319531 0.741211 0.060937 0.033203
2 0.140625 0.750000 0.059375 0.039062
2 0.259375 0.744141 0.059375 0.035156
2 0.198437 0.745117 0.059375 0.033203
3 0.934375 0.699219 0.062500 0.035156
3 0.932031 0.734375 0.064062 0.035156
3 0.441406 0.733398 0.060937 0.037109
3 0.870313 0.735352 0.065625 0.037109
3 0.751563 0.716797 0.062500 0.031250
3 0.689063 0.720703 0.062500 0.031250
2 0.503125 0.731445 0.062500 0.033203
3 0.626563 0.722656 0.062500 0.039062
2 0.565625 0.728516 0.062500 0.035156
2 0.369531 0.322266 0.064062 0.039062
2 0.139063 0.611328 0.059375 0.035156
2 0.438281 0.592773 0.060937 0.037109
2 0.081250 0.616211 0.059375 0.033203
2 0.377344 0.598633 0.060937 0.037109
2 0.198437 0.607422 0.059375 0.035156
2 0.317969 0.601562 0.060937 0.035156
2 0.257031 0.605469 0.060937 0.035156
3 0.925000 0.323242 0.062500 0.037109
3 0.619531 0.587891 0.060937 0.035156
3 0.558594 0.588867 0.060937 0.037109
3 0.498437 0.591797 0.059375 0.039062
3 0.861719 0.326172 0.060937 0.035156
3 0.679688 0.583984 0.062500 0.035156
3 0.740625 0.582031 0.062500 0.035156
2 0.076563 0.583984 0.059375 0.031250
2 0.490625 0.310547 0.062500 0.035156
3 0.862500 0.287109 0.062500 0.039062
2 0.801562 0.290039 0.062500 0.037109
2 0.248438 0.161133 0.062500 0.033203
2 0.674219 0.091797 0.060937 0.039062
4 0.857031 0.155273 0.060937 0.037109
2 0.307812 0.157227 0.062500 0.037109
1 0.796875 0.161133 0.059375 0.033203
2 0.735938 0.163086 0.062500 0.037109
2 0.190625 0.162109 0.062500 0.035156
2 0.674219 0.162109 0.060937 0.035156
2 0.250781 0.195312 0.060937 0.035156
2 0.192969 0.199219 0.060937 0.035156
2 0.132031 0.203125 0.060937 0.035156
0 0.075000 0.209961 0.062500 0.037109
2 0.129688 0.168945 0.065625 0.033203
2 0.431250 0.178711 0.062500 0.037109
2 0.371875 0.182617 0.062500 0.037109
1 0.311719 0.193359 0.060937 0.035156
2 0.614062 0.168945 0.062500 0.037109
0 0.491406 0.176758 0.060937 0.037109
0 0.553906 0.172852 0.060937 0.037109
2 0.071875 0.171875 0.062500 0.035156
2 0.612500 0.095703 0.062500 0.039062
2 0.306250 0.120117 0.062500 0.041016
2 0.551562 0.099609 0.062500 0.039062
2 0.797656 0.122070 0.060937 0.041016
2 0.490625 0.141602 0.062500 0.037109
2 0.429688 0.145508 0.062500 0.033203
2 0.368750 0.147461 0.062500 0.033203
4 0.918750 0.153320 0.059375 0.037109
2 0.068750 0.138672 0.062500 0.035156
2 0.551562 0.138672 0.062500 0.031250
2 0.245312 0.123047 0.062500 0.039062
2 0.735938 0.124023 0.062500 0.037109
2 0.613281 0.132812 0.064062 0.035156
2 0.185938 0.127930 0.062500 0.033203
2 0.675000 0.128906 0.062500 0.035156
2 0.125781 0.132812 0.064062 0.035156
2 0.427344 0.108398 0.064062 0.037109
2 0.489063 0.104492 0.062500 0.037109
2 0.365625 0.110352 0.062500 0.037109
2 0.858594 0.120117 0.060937 0.037109
2 0.918750 0.115234 0.062500 0.035156
2 0.432812 0.353516 0.062500 0.035156
3 0.864062 0.533203 0.062500 0.039062
2 0.310156 0.534180 0.060937 0.037109
2 0.250781 0.537109 0.060937 0.035156
3 0.679688 0.547852 0.062500 0.041016
2 0.071094 0.549805 0.060937 0.041016
3 0.617969 0.550781 0.060937 0.035156
3 0.803125 0.537109 0.059375 0.035156
2 0.130469 0.546875 0.060937 0.039062
2 0.188281 0.541016 0.060937 0.039062
3 0.742969 0.544922 0.060937 0.039062
2 0.371875 0.358398 0.062500 0.033203
3 0.925781 0.533203 0.064062 0.039062
0 0.253906 0.403320 0.060937 0.033203
3 0.617969 0.511719 0.060937 0.042969
2 0.371094 0.530273 0.060937 0.037109
2 0.557031 0.517578 0.060937 0.035156
2 0.493750 0.522461 0.062500 0.041016
2 0.433594 0.527344 0.060937 0.039062
2 0.195312 0.405273 0.062500 0.033203
3 0.803125 0.503906 0.059375 0.035156
3 0.742188 0.505859 0.059375 0.035156
3 0.680469 0.508789 0.064062 0.037109
0 0.135937 0.410156 0.059375 0.035156
3 0.864062 0.497070 0.062500 0.041016
2 0.078125 0.414062 0.059375 0.035156
3 0.925781 0.494141 0.064062 0.039062
0 0.310156 0.362305 0.060937 0.033203
2 0.374219 0.389648 0.060937 0.037109
0 0.074219 0.377930 0.060937 0.041016
2 0.312500 0.395508 0.059375 0.033203
3 0.618750 0.376953 0.062500 0.039062
2 0.433594 0.385742 0.060937 0.037109
2 0.555469 0.378906 0.060937 0.039062
2 0.495312 0.382812 0.062500 0.039062
3 0.861719 0.362305 0.060937 0.037109
0 0.189844 0.374023 0.060937 0.033203
2 0.131250 0.374023 0.062500 0.033203
3 0.680469 0.376953 0.060937 0.042969
3 0.800000 0.362305 0.062500 0.037109
3 0.739844 0.370117 0.060937 0.041016
3 0.924219 0.363281 0.064062 0.039062
1 0.250781 0.370117 0.060937 0.033203
3 0.617188 0.338867 0.062500 0.037109
2 0.493750 0.347656 0.062500 0.039062
0 0.128906 0.338867 0.060937 0.037109
2 0.069531 0.342773 0.057813 0.029297
2 0.554688 0.341797 0.062500 0.039062
2 0.248438 0.331055 0.059375 0.041016
2 0.189062 0.335938 0.059375 0.039062
3 0.678906 0.336914 0.060937 0.037109
3 0.739062 0.332031 0.059375 0.035156
2 0.800000 0.325195 0.062500 0.037109
2 0.307812 0.326172 0.062500 0.035156
2 0.557813 0.553711 0.062500 0.033203
2 0.496875 0.557617 0.062500 0.033203
3 0.924219 0.566406 0.060937 0.039062
2 0.314063 0.569336 0.059375 0.033203
2 0.252344 0.570312 0.060937 0.035156
3 0.863281 0.572266 0.064062 0.039062
2 0.134375 0.580078 0.059375 0.031250
2 0.192188 0.573242 0.059375 0.033203
3 0.803125 0.574219 0.059375 0.039062
2 0.435937 0.560547 0.062500 0.035156
2 0.373437 0.565430 0.059375 0.033203
