2 0.960156 0.872070 0.060937 0.029297
0 0.509375 0.732422 0.059375 0.031250
2 0.566406 0.697266 0.057813 0.035156
2 0.505469 0.700195 0.054688 0.033203
0 0.445312 0.704102 0.056250 0.033203
2 0.269531 0.743164 0.054688 0.033203
2 0.385156 0.707031 0.054688 0.031250
2 0.210938 0.746094 0.056250 0.035156
2 0.153125 0.750977 0.056250 0.033203
2 0.095312 0.751953 0.053125 0.027344
2 0.926562 0.707031 0.059375 0.035156
0 0.687500 0.723633 0.059375 0.033203
2 0.388281 0.737305 0.054688 0.033203
2 0.327344 0.740234 0.057813 0.035156
2 0.628125 0.727539 0.059375 0.033203
2 0.446875 0.735352 0.056250 0.033203
0 0.566406 0.729492 0.057813 0.033203
2 0.325000 0.707031 0.056250 0.031250
2 0.746875 0.717773 0.059375 0.033203
2 0.146875 0.717773 0.053125 0.033203
0 0.867969 0.710938 0.060937 0.035156
2 0.206250 0.715820 0.053125 0.033203
2 0.807031 0.713867 0.057813 0.033203
2 0.900781 0.876953 0.057813 0.031250
2 0.383594 0.676758 0.054688 0.033203
2 0.085156 0.691406 0.051562 0.035156
2 0.686719 0.690430 0.057813 0.033203
2 0.626563 0.696289 0.059375 0.033203
2 0.928125 0.677734 0.059375 0.031250
2 0.202344 0.684570 0.054688 0.033203
2 0.142969 0.687500 0.054688 0.035156
2 0.322656 0.677734 0.054688 0.035156
2 0.262500 0.683594 0.056250 0.035156
2 0.867969 0.680664 0.060937 0.033203
2 0.632812 0.079102 0.059375 0.037109
2 0.898438 0.906250 0.059375 0.031250
2 0.808594 0.651367 0.060937 0.037109
2 0.504687 0.669922 0.056250 0.035156
2 0.749219 0.657227 0.060937 0.037109
2 0.564844 0.666992 0.057813 0.033203
2 0.686719 0.659180 0.060937 0.033203
0 0.572656 0.082031 0.060937 0.035156
2 0.332031 0.100586 0.054688 0.037109
2 0.932813 0.100586 0.059375 0.037109
2 0.092188 0.083984 0.056250 0.039062
2 0.391406 0.094727 0.060937 0.037109
2 0.510938 0.085938 0.059375 0.035156
2 0.301563 0.877930 0.056250 0.037109
2 0.630469 0.042969 0.060937 0.039062
2 0.270313 0.068359 0.062500 0.035156
2 0.150000 0.078125 0.062500 0.039062
2 0.814063 0.070312 0.059375 0.035156
2 0.692187 0.076172 0.059375 0.035156
2 0.210156 0.074219 0.057813 0.039062
2 0.571875 0.044922 0.059375 0.039062
2 0.329688 0.064453 0.056250 0.035156
2 0.932031 0.066406 0.060937 0.031250
2 0.510156 0.050781 0.060937 0.039062
2 0.362500 0.905273 0.056250 0.033203
2 0.450000 0.053711 0.059375 0.037109
2 0.840625 0.876953 0.059375 0.035156
2 0.934375 0.029297 0.062500 0.042969
1 0.957812 0.902344 0.059375 0.035156
2 0.421875 0.903320 0.056250 0.033203
2 0.873437 0.032227 0.059375 0.041016
2 0.692969 0.041016 0.060937 0.039062
2 0.813281 0.035156 0.060937 0.039062
2 0.240625 0.878906 0.059375 0.035156
2 0.601562 0.893555 0.059375 0.033203
2 0.542188 0.895508 0.056250 0.033203
2 0.182031 0.880859 0.054688 0.035156
2 0.661719 0.889648 0.057813 0.033203
2 0.781250 0.882812 0.059375 0.035156
0 0.539844 0.864258 0.057813 0.033203
2 0.480469 0.868164 0.057813 0.037109
2 0.359375 0.874023 0.056250 0.033203
1 0.420312 0.871094 0.056250 0.035156
2 0.721094 0.855469 0.060937 0.035156
2 0.660937 0.856445 0.059375 0.033203
0 0.600781 0.859375 0.057813 0.035156
2 0.960156 0.838867 0.060937 0.037109
2 0.782031 0.849609 0.060937 0.035156
0 0.900000 0.843750 0.059375 0.035156
2 0.840625 0.846680 0.059375 0.033203
2 0.089844 0.720703 0.054688 0.031250
2 0.451562 0.089844 0.059375 0.035156
2 0.873437 0.068359 0.059375 0.035156
2 0.720313 0.887695 0.059375 0.029297
2 0.753125 0.036133 0.059375 0.041016
4 0.482031 0.900391 0.057813 0.035156
2 0.389844 0.059570 0.060937 0.033203
2 0.753125 0.074219 0.059375 0.035156
2 0.443750 0.672852 0.056250 0.033203
2 0.626563 0.662109 0.059375 0.035156
2 0.870313 0.649414 0.059375 0.037109
2 0.264062 0.714844 0.054688 0.027344
2 0.808594 0.683594 0.060937 0.035156
2 0.747656 0.688477 0.057813 0.029297
2 0.424219 0.265625 0.057813 0.039062
2 0.968750 0.267578 0.059375 0.031250
2 0.364063 0.268555 0.059375 0.037109
2 0.910156 0.235352 0.060937 0.041016
2 0.908594 0.271484 0.060937 0.031250
2 0.369531 0.335938 0.057813 0.039062
2 0.305469 0.274414 0.060937 0.037109
2 0.946094 0.435547 0.060937 0.035156
2 0.308594 0.340820 0.060937 0.037109
2 0.884375 0.437500 0.059375 0.039062
2 0.250000 0.345703 0.056250 0.039062
2 0.364063 0.936523 0.056250 0.033203
2 0.306250 0.940430 0.056250 0.033203
2 0.247656 0.942383 0.054688 0.033203
2 0.192188 0.350586 0.056250 0.037109
2 0.078906 0.357422 0.057813 0.035156
2 0.134375 0.353516 0.056250 0.035156
2 0.425000 0.933594 0.056250 0.031250
2 0.849219 0.275391 0.057813 0.035156
2 0.609375 0.323242 0.059375 0.041016
2 0.848437 0.307617 0.059375 0.037109
2 0.073438 0.323242 0.056250 0.033203
2 0.428906 0.332031 0.057813 0.039062
2 0.548438 0.328125 0.059375 0.035156
2 0.489063 0.329102 0.059375 0.037109
2 0.305469 0.306641 0.057813 0.035156
2 0.484375 0.932617 0.059375 0.033203
2 0.669531 0.317383 0.060937 0.041016
2 0.130469 0.319336 0.054688 0.037109
2 0.247656 0.309570 0.057813 0.037109
2 0.188281 0.315430 0.054688 0.041016
2 0.789062 0.311523 0.059375 0.037109
1 0.729688 0.314453 0.059375 0.039062
2 0.487500 0.295898 0.059375 0.033203
2 0.907813 0.303711 0.059375 0.037109
2 0.789062 0.277344 0.059375 0.035156
0 0.542969 0.928711 0.057813 0.033203
2 0.366406 0.303711 0.057813 0.037109
2 0.426563 0.297852 0.059375 0.037109
1 0.967969 0.301758 0.057813 0.037109
2 0.244531 0.277344 0.057813 0.035156
2 0.607812 0.287109 0.059375 0.039062
2 0.066406 0.291016 0.054688 0.039062
2 0.546875 0.291016 0.059375 0.035156
2 0.729688 0.280273 0.059375 0.033203
2 0.125000 0.288086 0.053125 0.037109
2 0.185156 0.282227 0.054688 0.037109
2 0.667188 0.284180 0.059375 0.037109
2 0.338281 0.467773 0.060937 0.033203
2 0.850781 0.237305 0.060937 0.041016
2 0.825000 0.442383 0.059375 0.033203
2 0.884375 0.473633 0.059375 0.033203
2 0.944531 0.469727 0.060937 0.033203
2 0.100781 0.487305 0.054688 0.041016
2 0.217188 0.477539 0.056250 0.037109
2 0.399219 0.463867 0.060937 0.033203
2 0.519531 0.458984 0.060937 0.039062
2 0.582031 0.490234 0.060937 0.035156
2 0.521094 0.495117 0.060937 0.033203
2 0.160938 0.482422 0.059375 0.039062
2 0.460938 0.497070 0.059375 0.037109
2 0.882812 0.507812 0.059375 0.035156
2 0.341406 0.501953 0.060937 0.035156
2 0.642969 0.450195 0.060937 0.037109
2 0.703125 0.448242 0.059375 0.037109
2 0.190625 0.945312 0.053125 0.031250
2 0.581250 0.456055 0.059375 0.041016
2 0.221094 0.510742 0.057813 0.033203
2 0.763281 0.514648 0.057813 0.037109
2 0.402344 0.535156 0.057813 0.035156
2 0.343750 0.538086 0.059375 0.037109
2 0.164062 0.513672 0.059375 0.035156
2 0.582812 0.524414 0.059375 0.037109
0 0.521875 0.528320 0.059375 0.037109
2 0.462500 0.530273 0.059375 0.037109
2 0.104688 0.519531 0.056250 0.035156
2 0.046094 0.520508 0.051562 0.037109
2 0.703906 0.517578 0.060937 0.039062
2 0.642969 0.519531 0.060937 0.035156
2 0.764062 0.481445 0.059375 0.033203
0 0.400781 0.500000 0.057813 0.035156
2 0.823438 0.508789 0.059375 0.037109
2 0.942969 0.502930 0.060937 0.037109
2 0.281250 0.509766 0.056250 0.035156
2 0.041406 0.491211 0.051562 0.037109
2 0.703906 0.483398 0.060937 0.037109
2 0.642188 0.485352 0.059375 0.037109
2 0.823438 0.476562 0.059375 0.035156
2 0.458594 0.461914 0.060937 0.033203
2 0.278125 0.472656 0.059375 0.035156
2 0.728906 0.246094 0.060937 0.039062
2 0.788281 0.240234 0.060937 0.039062
2 0.606250 0.251953 0.059375 0.039062
2 0.667969 0.248047 0.060937 0.035156
2 0.546094 0.255859 0.060937 0.039062
2 0.603125 0.923828 0.059375 0.035156
2 0.763281 0.444336 0.060937 0.037109
2 0.485938 0.259766 0.059375 0.039062
2 0.573438 0.115234 0.059375 0.035156
2 0.158594 0.144531 0.057813 0.039062
2 0.970313 0.231445 0.059375 0.041016
2 0.101562 0.151367 0.053125 0.037109
2 0.781250 0.915039 0.059375 0.033203
0 0.721094 0.917969 0.057813 0.035156
2 0.662500 0.920898 0.059375 0.033203
2 0.097656 0.116211 0.054688 0.037109
2 0.840625 0.910156 0.059375 0.035156
2 0.275000 0.139648 0.059375 0.033203
2 0.186719 0.912109 0.054688 0.031250
2 0.217188 0.143555 0.056250 0.037109
2 0.514062 0.121094 0.059375 0.035156
2 0.334375 0.133789 0.056250 0.037109
2 0.453125 0.125000 0.059375 0.035156
2 0.394531 0.129883 0.060937 0.037109
2 0.052344 0.553711 0.051562 0.033203
2 0.212500 0.110352 0.059375 0.037109
2 0.153906 0.114258 0.057813 0.033203
2 0.633594 0.115234 0.060937 0.039062
2 0.108594 0.552734 0.051562 0.035156
2 0.753906 0.107422 0.060937 0.039062
2 0.693750 0.110352 0.059375 0.037109
2 0.167187 0.548828 0.059375 0.035156
2 0.303906 0.909180 0.054688 0.033203
2 0.244531 0.911133 0.057813 0.033203
2 0.873437 0.102539 0.059375 0.037109
1 0.813281 0.107422 0.060937 0.039062
2 0.272656 0.106445 0.060937 0.037109
2 0.226562 0.543945 0.059375 0.033203
1 0.283594 0.542969 0.057813 0.035156
2 0.929688 0.644531 0.059375 0.035156
