2 0.640625 0.486328 0.062500 0.035156
2 0.702344 0.486328 0.060937 0.035156
3 0.578906 0.488281 0.060937 0.035156
2 0.763281 0.484375 0.060937 0.035156
1 0.038281 0.369141 0.057813 0.035156
2 0.948438 0.476562 0.062500 0.031250
2 0.825000 0.480469 0.062500 0.035156
3 0.887500 0.479492 0.062500 0.033203
2 0.269531 0.328125 0.060937 0.031250
2 0.210156 0.332031 0.057813 0.027344
2 0.151562 0.333008 0.059375 0.029297
2 0.092188 0.335938 0.056250 0.031250
4 0.095312 0.368164 0.056250 0.033203
2 0.758594 0.344727 0.060937 0.037109
2 0.212500 0.362305 0.059375 0.037109
2 0.153125 0.365234 0.059375 0.035156
2 0.696875 0.346680 0.062500 0.037109
2 0.392188 0.359375 0.059375 0.035156
2 0.332031 0.359375 0.060937 0.035156
2 0.635156 0.349609 0.060937 0.035156
2 0.453125 0.354492 0.062500 0.037109
2 0.575781 0.349609 0.060937 0.035156
2 0.880469 0.339844 0.060937 0.035156
2 0.818750 0.343750 0.062500 0.035156
0 0.575781 0.149414 0.060937 0.033203
2 0.635938 0.313477 0.062500 0.033203
2 0.575781 0.315430 0.060937 0.033203
2 0.391406 0.323242 0.060937 0.033203
2 0.329688 0.323242 0.059375 0.037109
2 0.513281 0.318359 0.060937 0.031250
2 0.452344 0.319336 0.060937 0.033203
2 0.328125 0.292969 0.059375 0.039062
2 0.267188 0.291992 0.062500 0.041016
2 0.698438 0.313477 0.062500 0.033203
2 0.882031 0.306641 0.060937 0.035156
2 0.821094 0.308594 0.060937 0.035156
2 0.759375 0.310547 0.062500 0.031250
2 0.209375 0.296875 0.059375 0.042969
2 0.030469 0.301758 0.060937 0.037109
2 0.941406 0.305664 0.060937 0.033203
2 0.149219 0.298828 0.060937 0.039062
2 0.089063 0.300781 0.059375 0.039062
2 0.515625 0.151367 0.059375 0.033203
2 0.883594 0.271484 0.060937 0.035156
2 0.511719 0.283203 0.060937 0.039062
2 0.450781 0.284180 0.060937 0.037109
2 0.388281 0.289062 0.064062 0.035156
2 0.821875 0.273438 0.062500 0.035156
2 0.636719 0.279297 0.060937 0.039062
2 0.575000 0.280273 0.062500 0.037109
2 0.759375 0.275391 0.062500 0.039062
2 0.696875 0.277344 0.062500 0.039062
0 0.455469 0.153320 0.060937 0.037109
0 0.156250 0.166016 0.059375 0.035156
2 0.942969 0.271484 0.060937 0.035156
0 0.099219 0.166992 0.057813 0.033203
2 0.039844 0.171875 0.060937 0.035156
2 0.393750 0.156250 0.062500 0.035156
2 0.214062 0.163086 0.059375 0.037109
2 0.334375 0.159180 0.059375 0.037109
2 0.274219 0.159180 0.060937 0.037109
2 0.034375 0.335938 0.062500 0.031250
2 0.759375 0.106445 0.062500 0.033203
2 0.155469 0.131836 0.060937 0.033203
2 0.757812 0.141602 0.062500 0.037109
0 0.698438 0.144531 0.059375 0.035156
2 0.636719 0.146484 0.060937 0.035156
2 0.095312 0.134766 0.059375 0.031250
2 0.880469 0.137695 0.060937 0.037109
2 0.819531 0.140625 0.060937 0.035156
2 0.939844 0.135742 0.060937 0.037109
2 0.036719 0.136719 0.060937 0.031250
1 0.697656 0.112305 0.060937 0.033203
2 0.273438 0.122070 0.059375 0.033203
2 0.214062 0.128906 0.059375 0.031250
0 0.393750 0.122070 0.062500 0.033203
0 0.332813 0.122070 0.059375 0.033203
0 0.636719 0.113281 0.060937 0.031250
2 0.453906 0.120117 0.060937 0.029297
0 0.514844 0.118164 0.060937 0.033203
2 0.575781 0.118164 0.060937 0.033203
3 0.939844 0.340820 0.064062 0.037109
0 0.330469 0.084961 0.060937 0.041016
2 0.941406 0.099609 0.060937 0.035156
2 0.880469 0.102539 0.060937 0.033203
2 0.819531 0.105469 0.060937 0.031250
0 0.271094 0.086914 0.060937 0.041016
2 0.093750 0.098633 0.059375 0.041016
2 0.034375 0.100586 0.062500 0.041016
2 0.210938 0.091797 0.059375 0.042969
2 0.150781 0.097656 0.057813 0.039062
2 0.942969 0.064453 0.060937 0.039062
0 0.575781 0.077148 0.060937 0.044922
0 0.391406 0.084961 0.060937 0.041016
2 0.514844 0.078125 0.060937 0.042969
0 0.451562 0.082031 0.062500 0.046875
2 0.882031 0.064453 0.060937 0.042969
2 0.636719 0.076172 0.060937 0.042969
2 0.821094 0.070312 0.060937 0.039062
2 0.698438 0.074219 0.059375 0.042969
2 0.758594 0.070312 0.060937 0.039062
2 0.514844 0.352539 0.060937 0.037109
2 0.271875 0.361328 0.059375 0.035156
3 0.337500 0.566406 0.062500 0.035156
3 0.399219 0.560547 0.060937 0.035156
2 0.456250 0.559570 0.062500 0.033203
3 0.518750 0.557617 0.062500 0.033203
3 0.580469 0.557617 0.060937 0.033203
3 0.640625 0.555664 0.059375 0.033203
4 0.702344 0.552734 0.060937 0.035156
2 0.763281 0.551758 0.060937 0.033203
3 0.824219 0.550781 0.060937 0.031250
3 0.883594 0.548828 0.060937 0.031250
2 0.517969 0.490234 0.064062 0.035156
2 0.393750 0.492188 0.062500 0.035156
2 0.333594 0.495117 0.060937 0.037109
3 0.946875 0.510742 0.062500 0.037109
3 0.885938 0.513672 0.062500 0.039062
3 0.823438 0.517578 0.062500 0.035156
2 0.764062 0.518555 0.059375 0.033203
2 0.394531 0.527344 0.060937 0.035156
3 0.333594 0.530273 0.060937 0.033203
3 0.946875 0.547852 0.062500 0.033203
2 0.702344 0.519531 0.060937 0.035156
3 0.517188 0.525391 0.062500 0.035156
2 0.456250 0.525391 0.062500 0.035156
3 0.640625 0.521484 0.062500 0.035156
3 0.579688 0.523438 0.059375 0.035156
2 0.455469 0.491211 0.064062 0.033203
