2 0.500781 0.864258 0.029687 0.076172
2 0.499219 0.032227 0.032813 0.064453
2 0.507031 0.178711 0.029687 0.076172
2 0.522656 0.713867 0.029687 0.076172
2 0.663281 0.057617 0.032813 0.072266
2 0.664062 0.821289 0.028125 0.076172
2 0.683594 0.591797 0.032813 0.078125
2 0.685156 0.667969 0.029687 0.078125
2 0.693750 0.896484 0.028125 0.078125
2 0.688281 0.745117 0.029687 0.076172
2 0.692187 0.821289 0.031250 0.076172
2 0.666406 0.896484 0.026562 0.078125
2 0.675000 0.362305 0.028125 0.076172
2 0.678906 0.440430 0.029687 0.076172
2 0.681250 0.516602 0.031250 0.076172
0 0.667188 0.132812 0.031250 0.074219
2 0.671094 0.286133 0.029687 0.076172
2 0.667188 0.967773 0.028125 0.064453
2 0.669531 0.210938 0.029687 0.078125
2 0.524219 0.790039 0.026562 0.076172
2 0.650000 0.442383 0.028125 0.076172
2 0.632812 0.013672 0.028125 0.027344
2 0.660156 0.746094 0.029687 0.074219
2 0.501563 0.101562 0.028125 0.078125
2 0.651563 0.517578 0.028125 0.078125
2 0.660156 0.010742 0.029687 0.021484
2 0.653906 0.592773 0.029687 0.076172
2 0.657813 0.669922 0.028125 0.078125
2 0.635156 0.063477 0.032813 0.076172
2 0.639844 0.215820 0.029687 0.076172
2 0.644531 0.290039 0.026562 0.076172
2 0.648438 0.367188 0.028125 0.074219
2 0.635156 0.821289 0.029687 0.076172
2 0.640625 0.967773 0.028125 0.064453
2 0.638281 0.896484 0.029687 0.078125
2 0.639062 0.139648 0.031250 0.076172
2 0.861719 0.916992 0.032813 0.076172
1 0.617188 0.293945 0.025000 0.076172
2 0.628906 0.670898 0.026562 0.076172
2 0.632812 0.745117 0.031250 0.076172
2 0.503906 0.940430 0.026562 0.076172
1 0.620313 0.368164 0.028125 0.076172
2 0.626563 0.594727 0.028125 0.076172
2 0.621875 0.442383 0.028125 0.076172
2 0.625781 0.518555 0.032813 0.076172
2 0.862500 0.976562 0.031250 0.046875
1 0.607031 0.069336 0.026562 0.076172
2 0.609375 0.141602 0.028125 0.076172
2 0.613281 0.215820 0.026562 0.076172
2 0.529687 0.866211 0.028125 0.076172
2 0.606250 0.015625 0.031250 0.031250
2 0.531250 0.942383 0.028125 0.076172
2 0.533594 0.989258 0.029687 0.021484
2 0.506250 0.987305 0.025000 0.025391
2 0.511719 0.330078 0.029687 0.078125
2 0.507031 0.254883 0.029687 0.076172
2 0.517969 0.559570 0.029687 0.076172
2 0.520312 0.637695 0.028125 0.076172
2 0.511719 0.407227 0.023438 0.076172
2 0.514062 0.483398 0.028125 0.076172
2 0.334375 0.018555 0.028125 0.037109
2 0.489844 0.561523 0.026562 0.076172
2 0.486719 0.485352 0.026562 0.076172
2 0.850000 0.612305 0.031250 0.076172
2 0.493750 0.637695 0.025000 0.076172
2 0.496094 0.712891 0.026562 0.078125
2 0.859375 0.839844 0.031250 0.074219
2 0.497656 0.790039 0.026562 0.076172
2 0.852344 0.690430 0.029687 0.076172
0 0.445312 0.037109 0.028125 0.074219
0 0.448437 0.110352 0.031250 0.076172
2 0.479687 0.180664 0.028125 0.076172
2 0.452344 0.185547 0.029687 0.078125
2 0.481250 0.255859 0.025000 0.074219
2 0.481250 0.986328 0.028125 0.027344
2 0.483594 0.333984 0.026562 0.078125
2 0.484375 0.411133 0.031250 0.080078
1 0.453906 0.259766 0.029687 0.078125
2 0.478906 0.937500 0.029687 0.074219
2 0.471875 0.712891 0.028125 0.078125
2 0.472656 0.788086 0.029687 0.076172
2 0.857031 0.764648 0.029687 0.076172
2 0.474219 0.104492 0.029687 0.076172
2 0.475000 0.861328 0.028125 0.078125
2 0.467969 0.637695 0.029687 0.076172
0 0.455469 0.335938 0.029687 0.074219
0 0.471094 0.033203 0.026562 0.066406
2 0.460156 0.409180 0.032813 0.083984
2 0.462500 0.488281 0.028125 0.074219
2 0.464062 0.562500 0.028125 0.074219
2 0.846094 0.460938 0.029687 0.078125
2 0.847656 0.536133 0.029687 0.076172
2 0.365625 0.974609 0.025000 0.050781
2 0.338281 0.913086 0.026562 0.076172
2 0.339844 0.973633 0.026562 0.052734
2 0.345313 0.376953 0.028125 0.078125
2 0.338281 0.226562 0.026562 0.074219
2 0.347656 0.456055 0.026562 0.076172
2 0.351562 0.532227 0.025000 0.076172
2 0.354687 0.608398 0.025000 0.076172
2 0.356250 0.683594 0.028125 0.078125
2 0.359375 0.761719 0.025000 0.078125
2 0.359375 0.837891 0.025000 0.078125
2 0.364063 0.913086 0.028125 0.076172
2 0.342969 0.301758 0.029687 0.072266
0 0.317188 0.972656 0.028125 0.054688
2 0.319531 0.380859 0.023438 0.078125
2 0.317969 0.303711 0.023438 0.076172
2 0.841406 0.383789 0.029687 0.076172
2 0.323437 0.456055 0.025000 0.076172
2 0.327344 0.532227 0.026562 0.076172
0 0.328906 0.608398 0.026562 0.076172
2 0.335938 0.149414 0.028125 0.076172
2 0.337500 0.838867 0.021875 0.076172
2 0.331250 0.684570 0.028125 0.076172
2 0.335938 0.073242 0.028125 0.076172
2 0.333594 0.759766 0.026562 0.078125
2 0.314063 0.909180 0.028125 0.076172
2 0.312500 0.834961 0.028125 0.076172
0 0.304688 0.610352 0.025000 0.072266
2 0.307812 0.684570 0.028125 0.076172
0 0.307812 0.020508 0.028125 0.041016
2 0.308594 0.759766 0.026562 0.078125
2 0.312500 0.227539 0.028125 0.080078
2 0.309375 0.079102 0.025000 0.076172
0 0.773438 0.161133 0.028125 0.076172
2 0.804688 0.974609 0.028125 0.050781
2 0.797656 0.764648 0.029687 0.076172
0 0.800000 0.084961 0.031250 0.076172
0 0.803125 0.160156 0.031250 0.074219
2 0.800781 0.837891 0.029687 0.078125
2 0.778125 0.236328 0.031250 0.074219
2 0.792188 0.612305 0.028125 0.076172
2 0.794531 0.688477 0.029687 0.076172
2 0.780469 0.311523 0.029687 0.076172
2 0.790625 0.537109 0.028125 0.074219
2 0.782031 0.387695 0.026562 0.076172
0 0.769531 0.026367 0.029687 0.052734
2 0.769531 0.088867 0.029687 0.076172
2 0.694531 0.965820 0.026562 0.068359
2 0.786719 0.461914 0.026562 0.076172
2 0.796094 0.025391 0.029687 0.050781
2 0.801562 0.916016 0.028125 0.074219
2 0.311719 0.151367 0.023438 0.076172
2 0.142187 0.650391 0.025000 0.078125
2 0.145313 0.726562 0.025000 0.074219
2 0.195312 0.801758 0.025000 0.076172
0 0.828125 0.082031 0.031250 0.078125
2 0.829688 0.839844 0.028125 0.074219
2 0.198437 0.878906 0.028125 0.074219
2 0.203125 0.953125 0.025000 0.074219
2 0.831250 0.915039 0.031250 0.076172
2 0.182031 0.423828 0.023438 0.078125
2 0.174219 0.196289 0.026562 0.072266
2 0.182031 0.500000 0.023438 0.074219
2 0.191406 0.727539 0.023438 0.072266
2 0.186719 0.574219 0.023438 0.074219
2 0.189844 0.651367 0.026562 0.080078
2 0.178125 0.951172 0.025000 0.074219
2 0.174219 0.876953 0.023438 0.074219
2 0.179688 0.346680 0.025000 0.076172
2 0.176563 0.270508 0.025000 0.076172
2 0.170313 0.045898 0.021875 0.076172
2 0.170313 0.120117 0.025000 0.076172
2 0.825000 0.021484 0.031250 0.042969
2 0.170313 0.800781 0.025000 0.078125
2 0.146875 0.124023 0.021875 0.076172
2 0.164844 0.651367 0.023438 0.076172
2 0.147656 0.050781 0.023438 0.074219
2 0.147656 0.801758 0.023438 0.076172
2 0.825781 0.764648 0.029687 0.076172
2 0.167187 0.726562 0.021875 0.074219
1 0.159375 0.992188 0.025000 0.015625
2 0.149219 0.197266 0.023438 0.074219
2 0.159375 0.500977 0.021875 0.076172
2 0.162500 0.577148 0.021875 0.076172
2 0.154688 0.348633 0.025000 0.076172
2 0.158594 0.424805 0.023438 0.076172
2 0.150781 0.272461 0.026562 0.076172
2 0.153125 0.948242 0.025000 0.072266
2 0.151562 0.875000 0.028125 0.074219
2 0.284375 0.083008 0.028125 0.072266
2 0.820312 0.612305 0.028125 0.076172
2 0.832812 0.157227 0.031250 0.072266
2 0.835938 0.231445 0.028125 0.076172
0 0.283594 0.024414 0.023438 0.048828
1 0.137500 0.499023 0.025000 0.076172
2 0.832031 0.975586 0.029687 0.048828
2 0.139063 0.574219 0.025000 0.074219
2 0.286719 0.158203 0.026562 0.078125
2 0.294531 0.305664 0.026562 0.076172
2 0.296875 0.380859 0.028125 0.078125
2 0.839063 0.306641 0.028125 0.078125
2 0.299219 0.456055 0.026562 0.076172
1 0.301563 0.534180 0.025000 0.076172
2 0.289062 0.230469 0.031250 0.078125
2 0.133594 0.425781 0.026562 0.074219
1 0.120313 0.008789 0.025000 0.017578
2 0.131250 0.350586 0.028125 0.076172
2 0.823438 0.688477 0.028125 0.076172
2 0.123438 0.055664 0.025000 0.076172
0 0.128125 0.275391 0.025000 0.074219
2 0.125781 0.126953 0.020313 0.074219
2 0.125781 0.202148 0.023438 0.076172
2 0.817187 0.536133 0.028125 0.076172
2 0.814844 0.460938 0.029687 0.074219
2 0.810156 0.386719 0.029687 0.078125
2 0.806250 0.235352 0.031250 0.076172
2 0.810156 0.309570 0.026562 0.076172
