2 0.164844 0.960938 0.029687 0.074219
2 0.169531 0.885742 0.032813 0.072266
2 0.171875 0.808594 0.031250 0.078125
2 0.173437 0.732422 0.031250 0.074219
2 0.175781 0.661133 0.035937 0.076172
2 0.196094 0.959961 0.032813 0.072266
2 0.199219 0.884766 0.026562 0.078125
2 0.204687 0.734375 0.034375 0.070312
2 0.203125 0.810547 0.031250 0.074219
2 0.207813 0.660156 0.028125 0.074219
2 0.225000 0.958008 0.025000 0.072266
2 0.225781 0.884766 0.026562 0.074219
1 0.229687 0.735352 0.028125 0.072266
2 0.231250 0.811523 0.025000 0.072266
2 0.232031 0.662109 0.029687 0.070312
