2 0.068750 0.758789 0.059375 0.037109
2 0.552344 0.759766 0.060937 0.035156
2 0.674219 0.752930 0.060937 0.033203
2 0.127344 0.755859 0.057813 0.039062
2 0.613281 0.756836 0.060937 0.033203
2 0.491406 0.764648 0.060937 0.033203
2 0.346094 0.977539 0.057813 0.029297
3 0.920312 0.766602 0.062500 0.041016
2 0.310156 0.774414 0.057813 0.033203
0 0.430469 0.769531 0.060937 0.031250
0 0.249219 0.779297 0.060937 0.031250
2 0.369531 0.771484 0.060937 0.031250
3 0.858594 0.773438 0.064062 0.039062
2 0.960938 0.356445 0.059375 0.041016
2 0.414062 0.359375 0.062500 0.035156
0 0.536719 0.349609 0.060937 0.035156
2 0.230469 0.337891 0.060937 0.039062
2 0.053125 0.353516 0.062500 0.042969
2 0.475000 0.354492 0.062500 0.033203
2 0.658594 0.340820 0.060937 0.037109
2 0.111719 0.348633 0.060937 0.041016
2 0.171094 0.343750 0.060937 0.035156
2 0.597656 0.344727 0.060937 0.037109
0 0.901563 0.363281 0.059375 0.035156
2 0.353906 0.363281 0.064062 0.035156
2 0.840625 0.366211 0.059375 0.033203
2 0.821094 0.572266 0.060937 0.039062
2 0.465625 0.972656 0.062500 0.031250
2 0.489844 0.731445 0.060937 0.037109
2 0.246875 0.746094 0.059375 0.035156
2 0.735156 0.749023 0.060937 0.033203
2 0.186719 0.750977 0.057813 0.037109
3 0.920312 0.734375 0.062500 0.039062
3 0.796094 0.746094 0.060937 0.035156
2 0.889844 0.973633 0.060937 0.033203
2 0.404687 0.974609 0.062500 0.031250
2 0.428906 0.735352 0.060937 0.037109
2 0.307812 0.742188 0.059375 0.035156
2 0.367969 0.738281 0.060937 0.035156
3 0.857812 0.740234 0.065625 0.042969
2 0.271875 0.574219 0.059375 0.035156
2 0.217188 0.613281 0.059375 0.035156
3 0.948438 0.970703 0.059375 0.031250
2 0.550781 0.726562 0.060937 0.035156
3 0.796094 0.710938 0.060937 0.035156
2 0.611719 0.721680 0.060937 0.037109
2 0.735156 0.715820 0.060937 0.037109
2 0.672656 0.719727 0.060937 0.037109
1 0.157031 0.616211 0.060937 0.033203
2 0.525781 0.968750 0.060937 0.031250
3 0.920312 0.700195 0.062500 0.037109
3 0.856250 0.704102 0.065625 0.041016
2 0.100781 0.620117 0.064062 0.037109
2 0.588281 0.965820 0.060937 0.029297
2 0.041406 0.622070 0.064062 0.037109
2 0.647656 0.961914 0.060937 0.029297
2 0.759375 0.577148 0.059375 0.037109
2 0.035937 0.591797 0.062500 0.031250
2 0.046094 0.959961 0.060937 0.037109
2 0.275781 0.609375 0.060937 0.035156
0 0.515625 0.593750 0.059375 0.035156
2 0.335156 0.604492 0.060937 0.037109
0 0.457031 0.597656 0.060937 0.035156
0 0.396094 0.601562 0.060937 0.035156
1 0.698438 0.580078 0.059375 0.039062
0 0.578125 0.589844 0.062500 0.035156
2 0.708594 0.957031 0.060937 0.031250
2 0.105469 0.958984 0.060937 0.035156
2 0.214062 0.581055 0.062500 0.033203
2 0.095312 0.584961 0.062500 0.037109
2 0.153906 0.581055 0.060937 0.037109
0 0.638281 0.584961 0.060937 0.037109
2 0.294531 0.368164 0.064062 0.033203
2 0.699219 0.545898 0.060937 0.033203
2 0.454688 0.565430 0.062500 0.033203
2 0.882031 0.568359 0.060937 0.039062
2 0.332813 0.571289 0.062500 0.033203
2 0.393750 0.569336 0.059375 0.033203
2 0.162500 0.956055 0.062500 0.037109
0 0.089063 0.549805 0.059375 0.037109
0 0.576562 0.555664 0.062500 0.029297
2 0.514062 0.557617 0.059375 0.037109
2 0.941406 0.564453 0.060937 0.039062
2 0.221875 0.953125 0.059375 0.039062
2 0.032031 0.555664 0.064062 0.037109
2 0.769531 0.953125 0.060937 0.031250
2 0.639062 0.550781 0.059375 0.035156
2 0.760938 0.510742 0.059375 0.044922
2 0.829688 0.950195 0.059375 0.029297
2 0.882031 0.537109 0.060937 0.035156
2 0.760938 0.544922 0.059375 0.035156
2 0.149219 0.545898 0.060937 0.037109
2 0.330469 0.537109 0.060937 0.039062
0 0.209375 0.544922 0.059375 0.039062
2 0.268750 0.539062 0.062500 0.039062
2 0.819531 0.539062 0.060937 0.035156
2 0.282813 0.951172 0.062500 0.039062
0 0.450781 0.529297 0.060937 0.039062
2 0.942187 0.530273 0.059375 0.033203
2 0.389844 0.531250 0.060937 0.042969
2 0.699219 0.512695 0.060937 0.044922
2 0.513281 0.523438 0.060937 0.039062
2 0.636719 0.517578 0.060937 0.039062
0 0.574219 0.521484 0.060937 0.039062
2 0.780469 0.369141 0.060937 0.035156
2 0.416406 0.392578 0.060937 0.039062
3 0.950000 0.943359 0.059375 0.027344
2 0.821094 0.505859 0.060937 0.042969
2 0.891406 0.944336 0.060937 0.029297
2 0.882031 0.500977 0.060937 0.037109
2 0.344531 0.947266 0.064062 0.035156
2 0.942969 0.496094 0.057813 0.035156
2 0.357812 0.396484 0.062500 0.039062
2 0.063281 0.419922 0.060937 0.035156
2 0.463281 0.942383 0.060937 0.037109
2 0.402344 0.943359 0.060937 0.035156
2 0.297656 0.402344 0.060937 0.039062
2 0.121094 0.416992 0.060937 0.037109
2 0.239063 0.407227 0.062500 0.037109
2 0.179688 0.413086 0.062500 0.037109
2 0.721094 0.372070 0.060937 0.037109
2 0.660156 0.375000 0.060937 0.039062
2 0.057813 0.387695 0.062500 0.033203
2 0.477344 0.388672 0.060937 0.035156
2 0.175000 0.377930 0.062500 0.033203
2 0.114844 0.383789 0.060937 0.033203
2 0.599219 0.379883 0.060937 0.037109
4 0.536719 0.384766 0.060937 0.035156
2 0.234375 0.374023 0.062500 0.033203
2 0.524219 0.935547 0.060937 0.035156
2 0.769531 0.921875 0.060937 0.035156
2 0.902344 0.290039 0.060937 0.044922
2 0.493750 0.796875 0.059375 0.035156
2 0.432812 0.802734 0.059375 0.031250
2 0.285156 0.980469 0.064062 0.027344
2 0.596875 0.308594 0.062500 0.039062
2 0.780469 0.296875 0.060937 0.042969
2 0.586719 0.932617 0.060937 0.037109
2 0.841406 0.293945 0.060937 0.041016
0 0.075000 0.791016 0.059375 0.031250
2 0.553906 0.794922 0.060937 0.035156
2 0.719531 0.337891 0.060937 0.035156
2 0.675781 0.786133 0.060937 0.037109
2 0.132031 0.788086 0.057813 0.029297
2 0.614844 0.790039 0.060937 0.037109
3 0.796094 0.781250 0.060937 0.035156
1 0.829688 0.978516 0.059375 0.031250
2 0.735938 0.784180 0.059375 0.037109
2 0.191406 0.783203 0.057813 0.031250
3 0.961719 0.323242 0.060937 0.037109
0 0.841406 0.333984 0.060937 0.031250
0 0.780469 0.334961 0.060937 0.033203
2 0.412500 0.324219 0.062500 0.035156
2 0.291406 0.333008 0.060937 0.041016
0 0.901563 0.327148 0.059375 0.033203
2 0.350781 0.329102 0.064062 0.037109
2 0.647656 0.929688 0.060937 0.039062
2 0.533594 0.316406 0.060937 0.039062
2 0.472656 0.318359 0.060937 0.039062
2 0.717969 0.299805 0.060937 0.041016
2 0.657031 0.304688 0.060937 0.039062
3 0.964063 0.285156 0.062500 0.042969
2 0.708594 0.924805 0.060937 0.037109
2 0.315625 0.125977 0.062500 0.037109
2 0.744531 0.129883 0.060937 0.033203
2 0.254688 0.130859 0.059375 0.039062
2 0.683594 0.133789 0.060937 0.033203
2 0.196094 0.135742 0.060937 0.037109
2 0.100781 0.017578 0.060937 0.035156
2 0.497656 0.109375 0.060937 0.039062
2 0.805469 0.124023 0.060937 0.033203
2 0.436719 0.116211 0.060937 0.041016
1 0.865625 0.124023 0.059375 0.033203
3 0.928125 0.119141 0.062500 0.035156
2 0.375781 0.119141 0.060937 0.039062
1 0.042969 0.020508 0.060937 0.041016
2 0.682813 0.097656 0.062500 0.039062
2 0.621875 0.100586 0.062500 0.037109
2 0.559375 0.104492 0.062500 0.037109
2 0.927344 0.083008 0.060937 0.037109
2 0.742969 0.092773 0.060937 0.037109
2 0.865625 0.086914 0.059375 0.037109
2 0.805469 0.089844 0.060937 0.039062
0 0.225781 0.984375 0.064062 0.027344
2 0.253906 0.811523 0.057813 0.033203
2 0.708594 0.985352 0.060937 0.029297
0 0.196094 0.815430 0.057813 0.033203
0 0.768750 0.981445 0.059375 0.029297
1 0.135937 0.817383 0.059375 0.033203
2 0.078125 0.822266 0.059375 0.031250
2 0.373437 0.805664 0.059375 0.033203
2 0.312500 0.807617 0.059375 0.033203
2 0.621094 0.136719 0.060937 0.035156
2 0.560937 0.140625 0.062500 0.035156
2 0.135156 0.139648 0.060937 0.037109
2 0.260937 0.198242 0.059375 0.033203
2 0.499219 0.144531 0.060937 0.039062
2 0.378125 0.156250 0.062500 0.035156
2 0.830469 0.919922 0.060937 0.039062
2 0.202344 0.204102 0.060937 0.033203
2 0.143750 0.206055 0.059375 0.037109
2 0.085156 0.212891 0.057813 0.035156
1 0.865625 0.158203 0.059375 0.035156
2 0.139844 0.175781 0.060937 0.035156
2 0.380469 0.190430 0.060937 0.033203
2 0.321094 0.194336 0.060937 0.033203
2 0.561719 0.176758 0.060937 0.037109
1 0.441406 0.186523 0.060937 0.037109
2 0.080469 0.179688 0.060937 0.035156
2 0.502344 0.180664 0.060937 0.037109
3 0.891406 0.914062 0.060937 0.035156
2 0.683594 0.166992 0.060937 0.037109
2 0.200000 0.171875 0.062500 0.035156
2 0.622656 0.173828 0.060937 0.035156
2 0.318750 0.161133 0.062500 0.033203
2 0.256250 0.165039 0.059375 0.033203
2 0.805469 0.162109 0.060937 0.035156
2 0.743750 0.164062 0.059375 0.035156
2 0.075000 0.146484 0.059375 0.035156
2 0.439063 0.151367 0.062500 0.033203
3 0.926562 0.154297 0.059375 0.039062
