2 0.621094 0.868164 0.029687 0.076172
2 0.616406 0.943359 0.029687 0.074219
2 0.612500 0.990234 0.028125 0.019531
2 0.607812 0.409180 0.028125 0.076172
2 0.603906 0.485352 0.029687 0.076172
2 0.603906 0.561523 0.026562 0.076172
3 0.600781 0.637695 0.029687 0.076172
3 0.597656 0.711914 0.029687 0.076172
2 0.594531 0.788086 0.029687 0.072266
2 0.590625 0.866211 0.031250 0.080078
2 0.588281 0.941406 0.029687 0.074219
2 0.585938 0.988281 0.028125 0.023438
3 0.500000 0.442383 0.034375 0.076172
3 0.500781 0.521484 0.029687 0.078125
2 0.496094 0.596680 0.029687 0.076172
2 0.492969 0.674805 0.029687 0.080078
3 0.489844 0.752930 0.029687 0.076172
3 0.486719 0.827148 0.029687 0.076172
3 0.484375 0.900391 0.028125 0.074219
3 0.481250 0.968750 0.031250 0.062500
2 0.469531 0.517578 0.029687 0.078125
3 0.468750 0.442383 0.028125 0.076172
2 0.464844 0.593750 0.029687 0.078125
3 0.464062 0.670898 0.031250 0.076172
3 0.460938 0.749023 0.031250 0.076172
3 0.457031 0.824219 0.029687 0.074219
3 0.453906 0.898438 0.029687 0.074219
3 0.452344 0.968750 0.026562 0.062500
3 0.441406 0.440430 0.029687 0.076172
2 0.440625 0.516602 0.028125 0.076172
3 0.437500 0.591797 0.028125 0.078125
3 0.435156 0.670898 0.029687 0.076172
3 0.432031 0.744141 0.026562 0.074219
3 0.431250 0.821289 0.028125 0.076172
3 0.428125 0.898438 0.025000 0.078125
3 0.426563 0.967773 0.025000 0.064453
3 0.330469 0.475586 0.032813 0.076172
3 0.328906 0.552734 0.029687 0.078125
3 0.325000 0.630859 0.028125 0.078125
3 0.323437 0.707031 0.028125 0.074219
3 0.319531 0.785156 0.029687 0.078125
3 0.315625 0.861328 0.028125 0.074219
2 0.313281 0.937500 0.029687 0.082031
2 0.312500 0.988281 0.028125 0.023438
3 0.300000 0.474609 0.028125 0.078125
3 0.298438 0.551758 0.031250 0.076172
3 0.296875 0.628906 0.028125 0.078125
3 0.294531 0.707031 0.029687 0.078125
3 0.289844 0.781250 0.026562 0.074219
3 0.289844 0.858398 0.026562 0.076172
2 0.286719 0.931641 0.026562 0.074219
2 0.284375 0.985352 0.028125 0.029297
3 0.272656 0.474609 0.026562 0.078125
3 0.271094 0.550781 0.026562 0.074219
3 0.270313 0.625977 0.025000 0.076172
3 0.266406 0.702148 0.026562 0.076172
3 0.263281 0.779297 0.026562 0.078125
2 0.264062 0.851562 0.028125 0.074219
1 0.262500 0.926758 0.028125 0.076172
0 0.260156 0.982422 0.026562 0.035156
2 0.835938 0.381836 0.028125 0.080078
3 0.832812 0.458984 0.028125 0.078125
3 0.829688 0.534180 0.031250 0.080078
3 0.827344 0.610352 0.029687 0.076172
3 0.159375 0.500977 0.028125 0.076172
3 0.665625 0.410156 0.031250 0.078125
3 0.662500 0.488281 0.031250 0.078125
2 0.662500 0.565430 0.034375 0.076172
2 0.659375 0.640625 0.031250 0.078125
3 0.655469 0.719727 0.029687 0.080078
3 0.652344 0.795898 0.032813 0.076172
2 0.651563 0.872070 0.028125 0.076172
2 0.648438 0.949219 0.031250 0.078125
2 0.637500 0.410156 0.028125 0.074219
2 0.633594 0.486328 0.026562 0.078125
2 0.632812 0.562500 0.028125 0.074219
3 0.627344 0.639648 0.032813 0.076172
3 0.626563 0.716797 0.031250 0.078125
2 0.623437 0.791992 0.028125 0.076172
2 0.160156 0.578125 0.026562 0.078125
2 0.158594 0.655273 0.026562 0.076172
3 0.156250 0.734375 0.025000 0.078125
3 0.153125 0.811523 0.025000 0.076172
2 0.153125 0.886719 0.025000 0.074219
3 0.824219 0.686523 0.029687 0.080078
2 0.148438 0.959961 0.028125 0.072266
3 0.821875 0.764648 0.028125 0.076172
3 0.132031 0.655273 0.026562 0.080078
3 0.132031 0.499023 0.026562 0.076172
2 0.132031 0.577148 0.026562 0.076172
3 0.131250 0.733398 0.025000 0.076172
3 0.128906 0.807617 0.023438 0.072266
2 0.127344 0.880859 0.026562 0.074219
2 0.121875 0.957031 0.025000 0.074219
0 0.817187 0.839844 0.031250 0.074219
2 0.814063 0.915039 0.028125 0.076172
2 0.809375 0.975586 0.028125 0.048828
3 0.807813 0.380859 0.028125 0.078125
3 0.802344 0.455078 0.029687 0.078125
3 0.799219 0.533203 0.029687 0.078125
3 0.797656 0.610352 0.029687 0.076172
3 0.792969 0.687500 0.029687 0.078125
3 0.791406 0.761719 0.032813 0.074219
0 0.785937 0.835938 0.034375 0.074219
0 0.782813 0.912109 0.034375 0.074219
2 0.779687 0.974609 0.031250 0.050781
3 0.775781 0.378906 0.032813 0.078125
3 0.774219 0.455078 0.029687 0.074219
3 0.771875 0.531250 0.028125 0.078125
3 0.767188 0.608398 0.028125 0.076172
3 0.764844 0.683594 0.026562 0.074219
2 0.760156 0.759766 0.029687 0.078125
2 0.753906 0.833984 0.029687 0.074219
2 0.752344 0.909180 0.029687 0.076172
2 0.750000 0.972656 0.031250 0.054688
