2 0.210156 0.013672 0.029687 0.027344
2 0.202344 0.218750 0.029687 0.078125
2 0.208594 0.064453 0.026562 0.074219
2 0.206250 0.140625 0.028125 0.074219
2 0.183594 0.067383 0.026562 0.072266
2 0.178906 0.142578 0.023438 0.074219
2 0.867969 0.007812 0.029687 0.015625
2 0.198437 0.291992 0.028125 0.072266
2 0.183594 0.014648 0.023438 0.029297
2 0.866406 0.052734 0.029687 0.074219
0 0.175000 0.290039 0.025000 0.072266
2 0.664844 0.234375 0.029687 0.074219
2 0.662500 0.309570 0.028125 0.076172
2 0.634375 0.310547 0.031250 0.074219
2 0.154688 0.144531 0.025000 0.074219
2 0.659375 0.384766 0.028125 0.074219
2 0.642969 0.084961 0.029687 0.072266
1 0.639844 0.159180 0.029687 0.072266
2 0.637500 0.234375 0.031250 0.074219
2 0.657031 0.459961 0.029687 0.072266
2 0.645312 0.022461 0.028125 0.044922
1 0.653125 0.536133 0.028125 0.072266
2 0.650781 0.611328 0.029687 0.070312
2 0.785156 0.650391 0.026562 0.070312
2 0.666406 0.159180 0.026562 0.072266
2 0.684375 0.463867 0.031250 0.072266
2 0.682031 0.538086 0.032813 0.072266
2 0.670312 0.083984 0.028125 0.074219
2 0.833594 0.127930 0.032813 0.076172
2 0.678906 0.613281 0.029687 0.074219
0 0.672656 0.022461 0.026562 0.044922
2 0.160938 0.067383 0.021875 0.072266
0 0.160938 0.014648 0.028125 0.029297
2 0.690625 0.310547 0.031250 0.074219
1 0.687500 0.386719 0.031250 0.074219
2 0.700781 0.022461 0.032813 0.044922
2 0.693750 0.234375 0.031250 0.074219
2 0.698438 0.083984 0.034375 0.074219
0 0.696094 0.158203 0.032813 0.074219
0 0.805469 0.127930 0.029687 0.076172
2 0.790625 0.502930 0.025000 0.072266
2 0.830469 0.205078 0.029687 0.074219
2 0.789062 0.576172 0.028125 0.070312
2 0.801562 0.203125 0.028125 0.074219
2 0.794531 0.429688 0.029687 0.070312
0 0.798438 0.279297 0.031250 0.074219
2 0.795312 0.353516 0.028125 0.074219
2 0.826562 0.279297 0.028125 0.074219
2 0.814063 0.655273 0.031250 0.068359
2 0.809375 0.007812 0.028125 0.015625
2 0.807031 0.053711 0.029687 0.072266
0 0.822656 0.353516 0.026562 0.074219
2 0.816406 0.579102 0.029687 0.072266
2 0.819531 0.428711 0.026562 0.072266
0 0.817969 0.504883 0.029687 0.072266
2 0.856250 0.279297 0.034375 0.074219
2 0.175000 0.216797 0.025000 0.078125
2 0.862500 0.128906 0.031250 0.074219
0 0.846094 0.506836 0.032813 0.076172
2 0.836719 0.052734 0.032813 0.074219
2 0.859375 0.205078 0.034375 0.074219
1 0.845313 0.584961 0.031250 0.076172
2 0.842187 0.658203 0.028125 0.070312
2 0.853125 0.355469 0.034375 0.074219
2 0.850781 0.431641 0.032813 0.074219
2 0.495312 0.496094 0.028125 0.074219
2 0.476562 0.191406 0.028125 0.074219
2 0.471094 0.417969 0.029687 0.074219
2 0.468750 0.491211 0.028125 0.072266
2 0.314063 0.291016 0.028125 0.074219
2 0.472656 0.342773 0.029687 0.076172
2 0.310156 0.366211 0.023438 0.072266
2 0.374219 0.012695 0.026562 0.025391
0 0.338281 0.216797 0.023438 0.074219
2 0.316406 0.141602 0.026562 0.072266
2 0.314063 0.216797 0.025000 0.074219
2 0.336719 0.291016 0.023438 0.074219
2 0.319531 0.067383 0.026562 0.076172
2 0.335156 0.367188 0.023438 0.074219
2 0.324219 0.014648 0.026562 0.029297
2 0.348438 0.013672 0.028125 0.027344
2 0.371875 0.064453 0.028125 0.074219
2 0.346094 0.065430 0.026562 0.076172
0 0.340625 0.140625 0.025000 0.074219
2 0.367188 0.140625 0.028125 0.074219
2 0.359375 0.367188 0.028125 0.074219
2 0.363281 0.216797 0.029687 0.074219
1 0.363281 0.292969 0.029687 0.074219
2 0.475781 0.267578 0.029687 0.074219
2 0.483594 0.041016 0.029687 0.074219
2 0.479687 0.117188 0.028125 0.074219
2 0.532813 0.192383 0.028125 0.072266
2 0.503125 0.267578 0.028125 0.074219
2 0.521875 0.497070 0.028125 0.076172
2 0.510156 0.041016 0.026562 0.074219
2 0.496875 0.419922 0.028125 0.074219
2 0.507031 0.117188 0.026562 0.074219
2 0.499219 0.343750 0.026562 0.074219
2 0.504687 0.191406 0.028125 0.074219
2 0.150000 0.290039 0.025000 0.072266
1 0.528125 0.343750 0.031250 0.078125
2 0.525781 0.420898 0.029687 0.076172
2 0.537500 0.040039 0.031250 0.076172
2 0.531250 0.267578 0.028125 0.074219
2 0.535937 0.117188 0.031250 0.074219
2 0.625781 0.534180 0.026562 0.072266
0 0.624219 0.607422 0.026562 0.070312
2 0.151562 0.216797 0.025000 0.074219
0 0.628906 0.458008 0.026562 0.072266
2 0.632031 0.384766 0.029687 0.074219
