3 0.801562 0.103516 0.031250 0.078125
2 0.796875 0.030273 0.031250 0.060547
3 0.789844 0.563477 0.032813 0.080078
2 0.785156 0.486328 0.032813 0.078125
3 0.783594 0.409180 0.032813 0.076172
3 0.779687 0.332031 0.031250 0.078125
3 0.776563 0.255859 0.031250 0.078125
3 0.774219 0.175781 0.029687 0.078125
3 0.769531 0.099609 0.029687 0.074219
3 0.767188 0.031250 0.031250 0.062500
3 0.758594 0.564453 0.029687 0.078125
2 0.757031 0.488281 0.032813 0.074219
3 0.753125 0.410156 0.031250 0.078125
3 0.749219 0.331055 0.029687 0.080078
3 0.746094 0.252930 0.029687 0.076172
3 0.743750 0.177734 0.031250 0.074219
3 0.742188 0.103516 0.028125 0.078125
3 0.739062 0.035156 0.028125 0.070312
3 0.647656 0.408203 0.029687 0.078125
3 0.642188 0.329102 0.031250 0.080078
3 0.640625 0.253906 0.028125 0.078125
3 0.637500 0.174805 0.031250 0.076172
3 0.633594 0.095703 0.032813 0.078125
3 0.629687 0.030273 0.031250 0.060547
3 0.617188 0.412109 0.031250 0.070312
3 0.612500 0.334961 0.031250 0.080078
3 0.608594 0.256836 0.032813 0.076172
3 0.607812 0.181641 0.028125 0.074219
3 0.605469 0.101562 0.029687 0.082031
3 0.599219 0.032227 0.029687 0.064453
3 0.585938 0.412109 0.028125 0.078125
3 0.582812 0.336914 0.028125 0.080078
2 0.580469 0.259766 0.026562 0.074219
3 0.578125 0.185547 0.028125 0.074219
3 0.576562 0.107422 0.028125 0.082031
3 0.572656 0.034180 0.029687 0.068359
3 0.469531 0.265625 0.032813 0.082031
3 0.467969 0.185547 0.026562 0.082031
3 0.464844 0.113281 0.029687 0.082031
3 0.460938 0.035156 0.028125 0.070312
3 0.441406 0.190430 0.026562 0.076172
3 0.439844 0.265625 0.026562 0.078125
3 0.437500 0.113281 0.025000 0.078125
3 0.435937 0.039062 0.028125 0.078125
3 0.414844 0.271484 0.026562 0.078125
3 0.415625 0.193359 0.028125 0.078125
3 0.410938 0.118164 0.031250 0.072266
3 0.407813 0.044922 0.025000 0.078125
3 0.821094 0.560547 0.026562 0.078125
3 0.816406 0.483398 0.029687 0.076172
2 0.814063 0.407227 0.034375 0.076172
3 0.811719 0.330078 0.035937 0.078125
3 0.807031 0.251953 0.032813 0.078125
3 0.803125 0.176758 0.031250 0.076172
