1 0.804688 0.021484 0.059375 0.031250
3 0.385156 0.022461 0.060937 0.033203
0 0.746875 0.027344 0.059375 0.031250
2 0.689063 0.030273 0.065625 0.029297
2 0.627344 0.032227 0.064062 0.029297
3 0.568750 0.038086 0.062500 0.029297
2 0.925781 0.041016 0.057813 0.039062
3 0.506250 0.041992 0.062500 0.029297
2 0.868750 0.043945 0.062500 0.041016
3 0.445312 0.048828 0.062500 0.031250
3 0.385937 0.052734 0.062500 0.031250
2 0.809375 0.051758 0.059375 0.029297
2 0.751563 0.056641 0.059375 0.031250
2 0.692969 0.060547 0.060937 0.031250
2 0.631250 0.063477 0.062500 0.033203
3 0.570312 0.066406 0.062500 0.027344
3 0.508594 0.073242 0.060937 0.033203
3 0.446875 0.079102 0.062500 0.029297
3 0.386719 0.082031 0.060937 0.031250
3 0.503125 0.013672 0.059375 0.027344
3 0.444531 0.017578 0.060937 0.031250
