2 0.180469 0.105469 0.060937 0.031250
2 0.240625 0.106445 0.062500 0.033203
1 0.302344 0.112305 0.060937 0.033203
0 0.363281 0.113281 0.060937 0.031250
2 0.119531 0.137695 0.060937 0.037109
2 0.180469 0.140625 0.060937 0.035156
2 0.240625 0.275391 0.062500 0.039062
2 0.790625 0.296875 0.059375 0.042969
2 0.850781 0.298828 0.060937 0.039062
2 0.117969 0.306641 0.060937 0.035156
2 0.910937 0.300781 0.059375 0.039062
2 0.058594 0.305664 0.060937 0.033203
2 0.969531 0.301758 0.060937 0.037109
2 0.303125 0.277344 0.062500 0.039062
2 0.611719 0.289062 0.064062 0.035156
2 0.671875 0.292969 0.059375 0.039062
2 0.732812 0.291992 0.062500 0.041016
2 0.363281 0.279297 0.060937 0.039062
2 0.549219 0.284180 0.060937 0.037109
2 0.425000 0.280273 0.062500 0.037109
2 0.488281 0.283203 0.060937 0.039062
2 0.242188 0.141602 0.062500 0.037109
2 0.785937 0.163086 0.059375 0.037109
2 0.116406 0.271484 0.060937 0.035156
2 0.178125 0.273438 0.062500 0.035156
0 0.843750 0.166016 0.059375 0.035156
2 0.057031 0.271484 0.060937 0.035156
0 0.900781 0.166992 0.057813 0.033203
2 0.960156 0.171875 0.060937 0.035156
0 0.301563 0.144531 0.059375 0.035156
2 0.606250 0.156250 0.062500 0.035156
2 0.665625 0.159180 0.059375 0.037109
2 0.725781 0.159180 0.060937 0.037109
2 0.363281 0.146484 0.060937 0.035156
0 0.544531 0.153320 0.060937 0.037109
0 0.424219 0.149414 0.060937 0.033203
2 0.484375 0.151367 0.059375 0.033203
0 0.485156 0.118164 0.060937 0.033203
2 0.546094 0.120117 0.060937 0.029297
2 0.060156 0.135742 0.060937 0.037109
2 0.963281 0.136719 0.060937 0.031250
2 0.424219 0.118164 0.060937 0.033203
2 0.844531 0.131836 0.060937 0.033203
2 0.904687 0.134766 0.059375 0.031250
2 0.726562 0.122070 0.059375 0.033203
0 0.606250 0.122070 0.062500 0.033203
0 0.667188 0.122070 0.059375 0.033203
2 0.785937 0.128906 0.059375 0.031250
0 0.424219 0.077148 0.060937 0.044922
2 0.849219 0.097656 0.057813 0.039062
2 0.906250 0.098633 0.059375 0.041016
2 0.965625 0.100586 0.062500 0.041016
2 0.058594 0.099609 0.060937 0.035156
2 0.119531 0.102539 0.060937 0.033203
2 0.485156 0.078125 0.060937 0.042969
0 0.548438 0.082031 0.062500 0.046875
0 0.608594 0.084961 0.060937 0.041016
0 0.669531 0.084961 0.060937 0.041016
0 0.728906 0.086914 0.060937 0.041016
2 0.789062 0.091797 0.059375 0.042969
2 0.241406 0.070312 0.060937 0.039062
2 0.301563 0.074219 0.059375 0.042969
2 0.363281 0.076172 0.060937 0.042969
2 0.178906 0.070312 0.060937 0.039062
2 0.117969 0.064453 0.060937 0.042969
3 0.600781 0.560547 0.060937 0.035156
3 0.175781 0.550781 0.060937 0.031250
2 0.236719 0.551758 0.060937 0.033203
3 0.662500 0.566406 0.062500 0.035156
3 0.481250 0.557617 0.062500 0.033203
2 0.543750 0.559570 0.062500 0.033203
3 0.419531 0.557617 0.060937 0.033203
4 0.297656 0.552734 0.060937 0.035156
3 0.359375 0.555664 0.059375 0.033203
2 0.303125 0.346680 0.062500 0.037109
2 0.667969 0.359375 0.060937 0.035156
2 0.364844 0.349609 0.060937 0.035156
2 0.424219 0.349609 0.060937 0.035156
2 0.485156 0.352539 0.060937 0.037109
2 0.546875 0.354492 0.062500 0.037109
2 0.424219 0.315430 0.060937 0.033203
2 0.965625 0.335938 0.062500 0.031250
3 0.060156 0.340820 0.064062 0.037109
2 0.728125 0.361328 0.059375 0.035156
2 0.241406 0.344727 0.060937 0.037109
2 0.119531 0.339844 0.060937 0.035156
2 0.181250 0.343750 0.062500 0.035156
2 0.848437 0.333008 0.059375 0.029297
2 0.907813 0.335938 0.056250 0.031250
2 0.789844 0.332031 0.057813 0.027344
2 0.486719 0.318359 0.060937 0.031250
2 0.547656 0.319336 0.060937 0.033203
2 0.608594 0.323242 0.060937 0.033203
2 0.670312 0.323242 0.059375 0.037109
2 0.730469 0.328125 0.060937 0.031250
2 0.787500 0.362305 0.059375 0.037109
3 0.420312 0.523438 0.059375 0.035156
2 0.057031 0.064453 0.060937 0.039062
2 0.178906 0.308594 0.060937 0.035156
2 0.543750 0.525391 0.062500 0.035156
3 0.482812 0.525391 0.062500 0.035156
2 0.605469 0.527344 0.060937 0.035156
2 0.240625 0.310547 0.062500 0.031250
3 0.666406 0.530273 0.060937 0.033203
2 0.301563 0.313477 0.062500 0.033203
3 0.053125 0.547852 0.062500 0.033203
2 0.364063 0.313477 0.062500 0.033203
3 0.116406 0.548828 0.060937 0.031250
4 0.904687 0.368164 0.056250 0.033203
3 0.421094 0.488281 0.060937 0.035156
3 0.359375 0.521484 0.062500 0.035156
2 0.482031 0.490234 0.064062 0.035156
3 0.114062 0.513672 0.062500 0.039062
2 0.297656 0.519531 0.060937 0.035156
3 0.176563 0.517578 0.062500 0.035156
2 0.235937 0.518555 0.059375 0.033203
2 0.544531 0.491211 0.064062 0.033203
3 0.053125 0.510742 0.062500 0.037109
2 0.606250 0.492188 0.062500 0.035156
2 0.666406 0.495117 0.060937 0.037109
2 0.051562 0.476562 0.062500 0.031250
3 0.112500 0.479492 0.062500 0.033203
2 0.175000 0.480469 0.062500 0.035156
2 0.297656 0.486328 0.060937 0.035156
2 0.359375 0.486328 0.062500 0.035156
2 0.236719 0.484375 0.060937 0.035156
1 0.961719 0.369141 0.057813 0.035156
2 0.846875 0.365234 0.059375 0.035156
2 0.607812 0.359375 0.059375 0.035156
