2 0.200000 0.648438 0.028125 0.074219
2 0.464844 0.813477 0.026562 0.072266
2 0.462500 0.887695 0.028125 0.068359
2 0.199219 0.044922 0.026562 0.074219
2 0.196094 0.797852 0.026562 0.068359
2 0.194531 0.120117 0.026562 0.076172
2 0.193750 0.870117 0.025000 0.068359
2 0.479687 0.441406 0.025000 0.074219
2 0.332031 0.778320 0.026562 0.068359
2 0.331250 0.100586 0.028125 0.076172
2 0.330469 0.848633 0.026562 0.068359
0 0.328125 0.175781 0.028125 0.074219
2 0.325781 0.922852 0.026562 0.068359
2 0.478125 0.516602 0.025000 0.076172
0 0.335156 0.701172 0.026562 0.070312
2 0.360156 0.705078 0.026562 0.070312
2 0.346875 0.402344 0.025000 0.070312
0 0.342969 0.476562 0.026562 0.074219
0 0.335156 0.031250 0.026562 0.062500
2 0.339062 0.552734 0.025000 0.070312
2 0.337500 0.627930 0.025000 0.072266
2 0.357812 0.781250 0.028125 0.070312
2 0.353125 0.250000 0.025000 0.074219
2 0.349219 0.983398 0.026562 0.033203
2 0.349219 0.326172 0.026562 0.074219
0 0.357031 0.101562 0.026562 0.074219
2 0.352344 0.928711 0.026562 0.068359
2 0.355469 0.174805 0.026562 0.076172
2 0.354687 0.853516 0.028125 0.070312
2 0.476562 0.591797 0.028125 0.070312
2 0.364063 0.630859 0.028125 0.074219
2 0.376563 0.250977 0.025000 0.076172
0 0.361719 0.031250 0.026562 0.062500
2 0.375000 0.327148 0.028125 0.072266
2 0.365625 0.553711 0.028125 0.072266
2 0.371875 0.405273 0.028125 0.072266
2 0.368750 0.478516 0.028125 0.074219
1 0.472656 0.665039 0.026562 0.072266
2 0.387500 0.031250 0.028125 0.062500
0 0.382812 0.099609 0.028125 0.074219
2 0.380469 0.174805 0.026562 0.076172
2 0.471094 0.740234 0.026562 0.070312
2 0.459375 0.959961 0.028125 0.068359
2 0.846094 0.246094 0.029687 0.074219
2 0.506250 0.443359 0.025000 0.074219
2 0.490625 0.215820 0.025000 0.072266
2 0.490625 0.891602 0.028125 0.068359
2 0.483594 0.367188 0.023438 0.074219
2 0.485938 0.291992 0.025000 0.072266
2 0.484375 0.964844 0.025000 0.070312
2 0.505469 0.519531 0.026562 0.074219
2 0.493750 0.743164 0.025000 0.072266
2 0.493750 0.142578 0.025000 0.074219
1 0.491406 0.819336 0.026562 0.072266
2 0.192188 0.196289 0.025000 0.076172
2 0.501563 0.594727 0.025000 0.072266
2 0.496094 0.066406 0.026562 0.074219
2 0.498437 0.013672 0.025000 0.027344
2 0.498437 0.669922 0.025000 0.074219
2 0.842969 0.321289 0.029687 0.076172
2 0.512500 0.967773 0.028125 0.064453
2 0.518750 0.140625 0.025000 0.074219
0 0.510156 0.367188 0.026562 0.074219
0 0.517188 0.822266 0.028125 0.070312
2 0.513281 0.291016 0.026562 0.074219
2 0.517188 0.216797 0.025000 0.074219
2 0.517188 0.896484 0.028125 0.070312
2 0.839063 0.397461 0.028125 0.072266
2 0.522656 0.748047 0.029687 0.070312
2 0.521875 0.066406 0.025000 0.074219
2 0.142969 0.985352 0.023438 0.029297
2 0.174219 0.791992 0.026562 0.068359
2 0.525781 0.013672 0.026562 0.027344
0 0.527344 0.596680 0.029687 0.072266
2 0.525781 0.673828 0.029687 0.074219
2 0.185156 0.421875 0.026562 0.074219
2 0.849219 0.170898 0.029687 0.076172
2 0.192188 0.942383 0.025000 0.076172
2 0.853906 0.027344 0.029687 0.054688
0 0.851562 0.093750 0.031250 0.074219
2 0.174219 0.719727 0.023438 0.072266
2 0.175781 0.646484 0.026562 0.074219
2 0.175781 0.048828 0.029687 0.074219
2 0.182031 0.496094 0.023438 0.078125
2 0.873437 0.246094 0.028125 0.074219
2 0.870313 0.323242 0.028125 0.076172
2 0.867969 0.398438 0.029687 0.074219
2 0.883594 0.028320 0.029687 0.056641
2 0.878125 0.168945 0.028125 0.076172
2 0.881250 0.093750 0.028125 0.074219
1 0.179688 0.570312 0.025000 0.070312
2 0.189062 0.271484 0.025000 0.074219
2 0.185938 0.345703 0.025000 0.074219
2 0.192188 0.991211 0.028125 0.017578
2 0.199219 0.722656 0.026562 0.074219
2 0.209375 0.421875 0.025000 0.074219
2 0.208594 0.499023 0.026562 0.076172
2 0.205469 0.573242 0.026562 0.072266
2 0.217188 0.195312 0.028125 0.074219
2 0.213281 0.271484 0.026562 0.074219
2 0.210938 0.347656 0.028125 0.074219
2 0.220312 0.119141 0.028125 0.074219
2 0.222656 0.044922 0.026562 0.074219
0 0.644531 0.444336 0.026562 0.076172
0 0.643750 0.519531 0.028125 0.070312
0 0.637500 0.595703 0.028125 0.074219
2 0.300781 0.977539 0.026562 0.044922
2 0.635156 0.668945 0.026562 0.072266
2 0.546094 0.140625 0.029687 0.074219
2 0.544531 0.216797 0.026562 0.074219
2 0.304688 0.842773 0.025000 0.068359
2 0.318750 0.474609 0.025000 0.074219
2 0.301563 0.916992 0.028125 0.068359
1 0.315625 0.548828 0.025000 0.070312
0 0.308594 0.771484 0.026562 0.070312
0 0.312500 0.623047 0.025000 0.070312
2 0.310156 0.698242 0.023438 0.072266
2 0.539844 0.292969 0.026562 0.074219
2 0.325000 0.980469 0.025000 0.039062
2 0.325000 0.324219 0.028125 0.074219
1 0.321875 0.401367 0.025000 0.072266
2 0.537500 0.369141 0.028125 0.074219
2 0.326562 0.251953 0.028125 0.074219
2 0.534375 0.444336 0.028125 0.076172
2 0.529687 0.520508 0.028125 0.076172
0 0.628125 0.815430 0.025000 0.072266
2 0.549219 0.066406 0.026562 0.074219
2 0.150781 0.714844 0.026562 0.070312
2 0.631250 0.743164 0.025000 0.072266
2 0.149219 0.788086 0.026562 0.072266
2 0.550781 0.013672 0.026562 0.027344
2 0.146094 0.862305 0.026562 0.072266
2 0.146094 0.932617 0.026562 0.072266
2 0.152344 0.567383 0.023438 0.072266
2 0.151562 0.642578 0.025000 0.074219
0 0.651563 0.292969 0.031250 0.074219
2 0.647656 0.369141 0.026562 0.074219
2 0.169531 0.865234 0.023438 0.070312
2 0.169531 0.939453 0.026562 0.070312
2 0.653125 0.822266 0.028125 0.074219
2 0.685156 0.750977 0.029687 0.072266
2 0.156250 0.494141 0.028125 0.074219
2 0.654687 0.219727 0.031250 0.076172
2 0.167969 0.197266 0.026562 0.074219
2 0.662500 0.673828 0.028125 0.074219
2 0.657031 0.143555 0.029687 0.076172
0 0.660937 0.070312 0.028125 0.074219
2 0.658594 0.748047 0.026562 0.074219
2 0.682031 0.218750 0.026562 0.074219
2 0.667969 0.522461 0.026562 0.076172
0 0.663281 0.596680 0.026562 0.076172
0 0.663281 0.015625 0.026562 0.031250
2 0.670312 0.445312 0.025000 0.078125
2 0.681250 0.828125 0.028125 0.074219
2 0.678906 0.294922 0.026562 0.074219
2 0.674219 0.370117 0.026562 0.076172
2 0.689063 0.677734 0.028125 0.074219
2 0.164844 0.987305 0.023438 0.025391
2 0.685937 0.143555 0.028125 0.076172
2 0.164844 0.270508 0.026562 0.076172
2 0.695312 0.525391 0.028125 0.074219
0 0.689063 0.069336 0.028125 0.072266
2 0.160938 0.419922 0.028125 0.074219
2 0.692187 0.599609 0.028125 0.074219
2 0.690625 0.016602 0.028125 0.033203
2 0.163281 0.344727 0.026562 0.072266
2 0.706250 0.296875 0.031250 0.074219
2 0.700781 0.372070 0.026562 0.076172
2 0.697656 0.449219 0.029687 0.074219
2 0.718750 0.014648 0.028125 0.029297
2 0.708594 0.219727 0.029687 0.076172
2 0.715625 0.068359 0.028125 0.074219
2 0.712500 0.143555 0.028125 0.074219
4 0.810156 0.395508 0.029687 0.072266
2 0.812500 0.320312 0.028125 0.074219
1 0.171094 0.121094 0.026562 0.074219
2 0.820312 0.168945 0.028125 0.076172
2 0.822656 0.093750 0.029687 0.074219
2 0.816406 0.244141 0.029687 0.074219
2 0.824219 0.027344 0.029687 0.054688
