2 0.325000 0.846680 0.059375 0.037109
2 0.487500 0.715820 0.059375 0.029297
2 0.368750 0.705078 0.059375 0.027344
2 0.427344 0.708984 0.060937 0.031250
0 0.309375 0.702148 0.059375 0.029297
2 0.250000 0.698242 0.059375 0.025391
1 0.132031 0.689453 0.057813 0.031250
2 0.070312 0.686523 0.059375 0.029297
2 0.489063 0.682617 0.062500 0.033203
1 0.020313 0.682617 0.040625 0.029297
2 0.429688 0.678711 0.062500 0.029297
2 0.369531 0.676758 0.060937 0.029297
2 0.309375 0.675781 0.059375 0.023438
0 0.249219 0.667969 0.060937 0.031250
2 0.189062 0.663086 0.059375 0.033203
2 0.129688 0.659180 0.059375 0.029297
0 0.069531 0.658203 0.060937 0.027344
2 0.492969 0.652344 0.060937 0.031250
2 0.020313 0.655273 0.040625 0.025391
2 0.429688 0.649414 0.062500 0.029297
2 0.370312 0.645508 0.062500 0.033203
2 0.309375 0.643555 0.059375 0.041016
2 0.249219 0.635742 0.060937 0.033203
2 0.189062 0.630859 0.059375 0.031250
2 0.129688 0.626953 0.059375 0.031250
2 0.067969 0.625977 0.060937 0.033203
2 0.019531 0.624023 0.039062 0.037109
2 0.699219 0.528320 0.060937 0.029297
2 0.639062 0.525391 0.062500 0.027344
2 0.580469 0.523438 0.057813 0.031250
0 0.521094 0.519531 0.060937 0.031250
2 0.462500 0.512695 0.059375 0.033203
2 0.401562 0.507812 0.059375 0.031250
2 0.282031 0.500000 0.060937 0.035156
2 0.342969 0.505859 0.060937 0.031250
1 0.221875 0.497070 0.059375 0.037109
2 0.702344 0.495117 0.060937 0.037109
1 0.643750 0.494141 0.062500 0.035156
2 0.161719 0.491211 0.060937 0.033203
2 0.582812 0.490234 0.059375 0.031250
2 0.265625 0.839844 0.059375 0.035156
2 0.206250 0.837891 0.059375 0.035156
2 0.145313 0.833008 0.059375 0.033203
2 0.085938 0.827148 0.059375 0.033203
2 0.027344 0.826172 0.054688 0.035156
0 0.189844 0.694336 0.060937 0.029297
1 0.146875 0.863281 0.059375 0.027344
2 0.565625 0.859375 0.059375 0.035156
2 0.086719 0.858398 0.060937 0.029297
2 0.028125 0.855469 0.056250 0.027344
2 0.506250 0.855469 0.059375 0.031250
2 0.446094 0.852539 0.060937 0.033203
2 0.385156 0.849609 0.060937 0.035156
2 0.523438 0.488281 0.059375 0.031250
2 0.103125 0.487305 0.059375 0.033203
2 0.042969 0.481445 0.057813 0.033203
2 0.463281 0.479492 0.060937 0.029297
2 0.403906 0.474609 0.060937 0.035156
1 0.342187 0.471680 0.062500 0.037109
2 0.282031 0.464844 0.060937 0.035156
2 0.222656 0.461914 0.060937 0.033203
2 0.161719 0.461914 0.060937 0.033203
2 0.706250 0.459961 0.062500 0.033203
2 0.646094 0.460938 0.060937 0.035156
2 0.585156 0.456055 0.060937 0.037109
2 0.523438 0.453125 0.062500 0.035156
2 0.101562 0.453125 0.059375 0.035156
2 0.042969 0.449219 0.057813 0.035156
2 0.464062 0.447266 0.059375 0.035156
2 0.405469 0.441406 0.060937 0.031250
0 0.343750 0.435547 0.062500 0.035156
2 0.283594 0.430664 0.060937 0.033203
2 0.222656 0.426758 0.060937 0.033203
0 0.161719 0.425781 0.060937 0.039062
2 0.102344 0.418945 0.060937 0.033203
2 0.042188 0.415039 0.059375 0.033203
0 0.344531 0.299805 0.057813 0.037109
2 0.285156 0.294922 0.060937 0.031250
2 0.225000 0.291992 0.059375 0.033203
0 0.165625 0.288086 0.059375 0.033203
0 0.106250 0.282227 0.059375 0.029297
0 0.047656 0.278320 0.057813 0.029297
2 0.345313 0.263672 0.059375 0.039062
2 0.285156 0.260742 0.060937 0.033203
2 0.225000 0.257812 0.059375 0.035156
0 0.165625 0.250977 0.059375 0.037109
2 0.105469 0.248047 0.060937 0.035156
2 0.045312 0.247070 0.059375 0.033203
2 0.346875 0.227539 0.059375 0.033203
2 0.285938 0.225586 0.062500 0.037109
2 0.225000 0.220703 0.059375 0.035156
2 0.165625 0.215820 0.059375 0.033203
2 0.105469 0.213867 0.060937 0.033203
2 0.045312 0.212891 0.059375 0.035156
2 0.560156 0.917969 0.057813 0.031250
0 0.501563 0.914062 0.059375 0.031250
2 0.442969 0.910156 0.057813 0.031250
2 0.382812 0.908203 0.059375 0.031250
2 0.323437 0.904297 0.059375 0.031250
2 0.264062 0.900391 0.059375 0.035156
2 0.204687 0.895508 0.059375 0.033203
2 0.146094 0.892578 0.057813 0.031250
2 0.562500 0.889648 0.056250 0.025391
2 0.087500 0.888672 0.059375 0.031250
2 0.503906 0.884766 0.060937 0.031250
2 0.028906 0.882812 0.057813 0.027344
2 0.443750 0.881836 0.059375 0.025391
2 0.384375 0.878906 0.059375 0.023438
2 0.325000 0.876953 0.059375 0.023438
2 0.265625 0.870117 0.059375 0.025391
2 0.206250 0.866211 0.059375 0.025391
