1 0.117188 0.119141 0.025000 0.074219
3 0.117969 0.643555 0.026562 0.076172
0 0.121875 0.191406 0.025000 0.074219
2 0.124219 0.263672 0.023438 0.082031
2 0.125781 0.340820 0.023438 0.080078
3 0.130469 0.414062 0.023438 0.078125
3 0.133594 0.492188 0.023438 0.078125
2 0.135156 0.039062 0.032813 0.078125
3 0.139063 0.568359 0.025000 0.078125
3 0.142187 0.642578 0.025000 0.078125
2 0.141406 0.113281 0.023438 0.074219
2 0.145313 0.185547 0.025000 0.074219
2 0.148438 0.258789 0.025000 0.076172
2 0.150781 0.335938 0.026562 0.078125
3 0.153125 0.412109 0.021875 0.078125
3 0.158594 0.489258 0.026562 0.076172
3 0.163281 0.566406 0.023438 0.078125
3 0.165625 0.641602 0.025000 0.076172
3 0.110937 0.496094 0.021875 0.074219
3 0.114062 0.569336 0.025000 0.076172
