2 0.250781 0.688477 0.060937 0.033203
2 0.921094 0.685547 0.060937 0.035156
2 0.311719 0.683594 0.060937 0.035156
2 0.372656 0.682617 0.060937 0.033203
2 0.434375 0.678711 0.062500 0.033203
2 0.495312 0.673828 0.062500 0.035156
2 0.555469 0.672852 0.060937 0.033203
2 0.616406 0.666992 0.060937 0.033203
2 0.677344 0.665039 0.060937 0.033203
2 0.072656 0.664062 0.060937 0.039062
2 0.738281 0.660156 0.060937 0.035156
2 0.130469 0.660156 0.060937 0.039062
2 0.798438 0.658203 0.059375 0.035156
2 0.191406 0.656250 0.060937 0.035156
2 0.858594 0.653320 0.060937 0.033203
2 0.252344 0.653320 0.060937 0.037109
2 0.917188 0.651367 0.062500 0.033203
2 0.312500 0.650391 0.059375 0.035156
2 0.972656 0.648438 0.054688 0.031250
2 0.372656 0.647461 0.060937 0.037109
1 0.432031 0.643555 0.060937 0.037109
2 0.493750 0.641602 0.059375 0.033203
2 0.553906 0.638672 0.060937 0.035156
2 0.614844 0.634766 0.060937 0.035156
2 0.674219 0.631836 0.060937 0.033203
2 0.735156 0.627930 0.060937 0.033203
2 0.795312 0.624023 0.059375 0.033203
2 0.854688 0.620117 0.059375 0.033203
2 0.914062 0.618164 0.059375 0.033203
0 0.971094 0.613281 0.057813 0.035156
2 0.036719 0.530273 0.060937 0.041016
2 0.095312 0.528320 0.059375 0.037109
2 0.156250 0.525391 0.059375 0.035156
2 0.217969 0.519531 0.060937 0.039062
2 0.278906 0.516602 0.060937 0.037109
2 0.338281 0.511719 0.060937 0.035156
2 0.400781 0.509766 0.060937 0.035156
2 0.460938 0.506836 0.059375 0.033203
2 0.522656 0.500977 0.060937 0.037109
2 0.583594 0.496094 0.060937 0.039062
2 0.644531 0.493164 0.060937 0.037109
0 0.036719 0.492188 0.060937 0.035156
0 0.097656 0.490234 0.060937 0.035156
2 0.705469 0.488281 0.060937 0.039062
2 0.157812 0.488281 0.059375 0.035156
2 0.766406 0.487305 0.060937 0.037109
2 0.826562 0.486328 0.059375 0.035156
2 0.217969 0.484375 0.060937 0.035156
2 0.278906 0.481445 0.060937 0.037109
2 0.886719 0.479492 0.060937 0.037109
0 0.338281 0.476562 0.060937 0.035156
2 0.946094 0.478516 0.060937 0.039062
2 0.398438 0.475586 0.059375 0.033203
2 0.460156 0.470703 0.060937 0.035156
2 0.521094 0.465820 0.060937 0.033203
2 0.582812 0.462891 0.062500 0.035156
2 0.642188 0.459961 0.059375 0.033203
2 0.038281 0.458008 0.060937 0.033203
2 0.702344 0.457031 0.060937 0.031250
2 0.097656 0.457031 0.060937 0.035156
2 0.764844 0.453125 0.060937 0.031250
2 0.157812 0.454102 0.059375 0.037109
2 0.823438 0.451172 0.059375 0.031250
2 0.217969 0.450195 0.060937 0.037109
2 0.278906 0.446289 0.060937 0.037109
2 0.901563 0.211914 0.059375 0.033203
2 0.959375 0.208008 0.062500 0.033203
2 0.478906 0.918945 0.060937 0.037109
2 0.417187 0.918945 0.059375 0.041016
2 0.539844 0.913086 0.060937 0.037109
3 0.028906 0.122070 0.057813 0.037109
2 0.601562 0.912109 0.059375 0.035156
3 0.085156 0.119141 0.057813 0.035156
2 0.144531 0.115234 0.060937 0.035156
2 0.325781 0.102539 0.060937 0.037109
2 0.206250 0.109375 0.062500 0.039062
2 0.265625 0.105469 0.062500 0.035156
2 0.387500 0.100586 0.062500 0.037109
2 0.446875 0.096680 0.062500 0.037109
2 0.507812 0.088867 0.059375 0.041016
3 0.029687 0.087891 0.059375 0.031250
3 0.087500 0.085938 0.056250 0.031250
2 0.632031 0.083984 0.060937 0.035156
2 0.570312 0.084961 0.062500 0.037109
2 0.145313 0.082031 0.062500 0.035156
2 0.692187 0.081055 0.059375 0.037109
2 0.753125 0.078125 0.059375 0.035156
2 0.205469 0.077148 0.060937 0.037109
2 0.812500 0.076172 0.062500 0.035156
2 0.266406 0.074219 0.060937 0.031250
0 0.931250 0.071289 0.062500 0.033203
0 0.872656 0.072266 0.057813 0.035156
2 0.327344 0.071289 0.060937 0.029297
2 0.386719 0.066406 0.060937 0.031250
0 0.448437 0.062500 0.062500 0.031250
2 0.662500 0.905273 0.059375 0.037109
2 0.508594 0.056641 0.057813 0.027344
3 0.029687 0.053711 0.059375 0.037109
2 0.569531 0.050781 0.060937 0.031250
3 0.089063 0.051758 0.059375 0.037109
0 0.628125 0.048828 0.059375 0.031250
2 0.147656 0.047852 0.060937 0.037109
2 0.688281 0.046875 0.060937 0.031250
2 0.207031 0.046875 0.060937 0.035156
2 0.750000 0.045898 0.062500 0.029297
0 0.807813 0.042969 0.059375 0.031250
2 0.867188 0.040039 0.059375 0.029297
2 0.265625 0.042969 0.059375 0.035156
2 0.927344 0.039062 0.057813 0.027344
2 0.327344 0.038086 0.060937 0.033203
2 0.386719 0.034180 0.060937 0.033203
2 0.447656 0.030273 0.060937 0.033203
2 0.507812 0.027344 0.059375 0.031250
2 0.723437 0.900391 0.059375 0.039062
2 0.567969 0.023438 0.060937 0.027344
2 0.628906 0.021484 0.060937 0.031250
0 0.688281 0.019531 0.060937 0.027344
1 0.746875 0.015625 0.059375 0.031250
2 0.806250 0.014648 0.062500 0.029297
0 0.864844 0.012695 0.057813 0.025391
2 0.055469 0.899414 0.060937 0.037109
2 0.116406 0.899414 0.060937 0.037109
2 0.785156 0.898438 0.060937 0.039062
2 0.175781 0.896484 0.060937 0.035156
2 0.845313 0.894531 0.059375 0.039062
2 0.235156 0.895508 0.060937 0.033203
2 0.905469 0.890625 0.060937 0.039062
2 0.296094 0.889648 0.060937 0.037109
2 0.356250 0.888672 0.059375 0.035156
2 0.964063 0.886719 0.059375 0.039062
2 0.067969 0.733398 0.060937 0.037109
2 0.128906 0.730469 0.060937 0.039062
2 0.189844 0.725586 0.060937 0.037109
2 0.250781 0.723633 0.060937 0.037109
2 0.312500 0.717773 0.062500 0.041016
2 0.372656 0.716797 0.060937 0.039062
2 0.433594 0.712891 0.060937 0.039062
2 0.495312 0.709961 0.062500 0.037109
2 0.557031 0.707031 0.060937 0.039062
2 0.617969 0.704102 0.060937 0.037109
2 0.678906 0.700195 0.060937 0.037109
2 0.071094 0.697266 0.060937 0.035156
2 0.741406 0.696289 0.060937 0.037109
2 0.129688 0.693359 0.062500 0.035156
2 0.801562 0.693359 0.059375 0.035156
2 0.189844 0.690430 0.060937 0.033203
2 0.862500 0.690430 0.059375 0.037109
2 0.882031 0.446289 0.060937 0.029297
4 0.338281 0.445312 0.060937 0.035156
2 0.941406 0.445312 0.060937 0.035156
2 0.398438 0.439453 0.059375 0.035156
2 0.460156 0.436523 0.060937 0.033203
2 0.520312 0.434570 0.059375 0.037109
2 0.581250 0.429688 0.062500 0.035156
2 0.641406 0.427734 0.060937 0.035156
2 0.700781 0.424805 0.060937 0.033203
2 0.760938 0.419922 0.059375 0.035156
2 0.821094 0.418945 0.060937 0.033203
2 0.880469 0.414062 0.060937 0.031250
2 0.939844 0.413086 0.060937 0.033203
2 0.114062 0.934570 0.059375 0.037109
2 0.055469 0.933594 0.060937 0.039062
2 0.174219 0.933594 0.060937 0.035156
2 0.058594 0.318359 0.064062 0.042969
2 0.235156 0.930664 0.060937 0.037109
2 0.119531 0.312500 0.057813 0.042969
2 0.178125 0.311523 0.059375 0.037109
2 0.237500 0.308594 0.059375 0.039062
0 0.298438 0.306641 0.059375 0.039062
2 0.361719 0.302734 0.060937 0.039062
0 0.421875 0.297852 0.059375 0.041016
2 0.296094 0.927734 0.060937 0.035156
2 0.484375 0.296875 0.059375 0.039062
2 0.605469 0.291016 0.057813 0.039062
2 0.545312 0.292969 0.059375 0.039062
0 0.666406 0.289062 0.057813 0.039062
2 0.728125 0.286133 0.059375 0.037109
2 0.060156 0.284180 0.060937 0.029297
0 0.788281 0.283203 0.057813 0.035156
2 0.178906 0.281250 0.060937 0.031250
2 0.119531 0.279297 0.064062 0.027344
2 0.848437 0.279297 0.059375 0.035156
2 0.239844 0.277344 0.060937 0.031250
2 0.908594 0.277344 0.060937 0.035156
2 0.967969 0.273438 0.057813 0.035156
0 0.299219 0.273438 0.060937 0.031250
2 0.360156 0.268555 0.060937 0.033203
2 0.421875 0.264648 0.059375 0.029297
2 0.482812 0.261719 0.059375 0.031250
2 0.543750 0.256836 0.062500 0.033203
2 0.604688 0.255859 0.059375 0.035156
2 0.061719 0.254883 0.060937 0.033203
2 0.664062 0.253906 0.059375 0.035156
2 0.119531 0.251953 0.060937 0.035156
0 0.725781 0.250977 0.057813 0.033203
1 0.179688 0.250000 0.059375 0.035156
2 0.785937 0.249023 0.059375 0.033203
2 0.843750 0.245117 0.056250 0.033203
0 0.239063 0.244141 0.059375 0.031250
2 0.904687 0.243164 0.062500 0.033203
0 0.300000 0.241211 0.059375 0.033203
2 0.964063 0.239258 0.062500 0.029297
2 0.356250 0.922852 0.059375 0.037109
0 0.361719 0.238281 0.060937 0.035156
0 0.421875 0.231445 0.059375 0.033203
2 0.542188 0.225586 0.059375 0.037109
0 0.481250 0.231445 0.059375 0.033203
2 0.602344 0.222656 0.060937 0.035156
2 0.661719 0.220703 0.057813 0.035156
1 0.722656 0.218750 0.057813 0.035156
0 0.783594 0.216797 0.060937 0.035156
2 0.842187 0.212891 0.059375 0.031250
2 0.416406 0.882812 0.060937 0.035156
2 0.478906 0.880859 0.060937 0.035156
2 0.539062 0.877930 0.059375 0.037109
2 0.600000 0.874023 0.059375 0.037109
2 0.660937 0.868164 0.059375 0.037109
2 0.721875 0.864258 0.059375 0.037109
2 0.057031 0.864258 0.060937 0.037109
2 0.781250 0.861328 0.059375 0.035156
0 0.117188 0.860352 0.059375 0.041016
2 0.176563 0.859375 0.059375 0.039062
2 0.235937 0.858398 0.059375 0.037109
2 0.840625 0.857422 0.059375 0.039062
2 0.900000 0.854492 0.059375 0.037109
2 0.296094 0.853516 0.060937 0.039062
1 0.356250 0.851562 0.059375 0.039062
2 0.959375 0.850586 0.059375 0.037109
2 0.416406 0.847656 0.060937 0.039062
2 0.476562 0.843750 0.059375 0.039062
2 0.538281 0.838867 0.060937 0.037109
0 0.598437 0.836914 0.059375 0.037109
0 0.657813 0.833008 0.059375 0.037109
2 0.718750 0.831055 0.059375 0.037109
2 0.778125 0.826172 0.059375 0.039062
1 0.839063 0.823242 0.059375 0.037109
0 0.896875 0.819336 0.059375 0.037109
4 0.957031 0.814453 0.060937 0.039062
