1 0.890625 0.198242 0.062500 0.033203
2 0.830469 0.199219 0.060937 0.031250
2 0.772656 0.208984 0.057813 0.035156
2 0.713281 0.211914 0.060937 0.033203
3 0.496875 0.021484 0.059375 0.031250
2 0.653906 0.214844 0.060937 0.035156
2 0.592187 0.218750 0.062500 0.031250
2 0.532031 0.223633 0.060937 0.033203
0 0.953125 0.226562 0.062500 0.031250
1 0.472656 0.227539 0.060937 0.037109
2 0.893750 0.229492 0.062500 0.031250
0 0.834375 0.231445 0.062500 0.037109
2 0.973437 0.024414 0.053125 0.029297
2 0.916406 0.025391 0.060937 0.027344
3 0.436719 0.025391 0.060937 0.031250
2 0.776563 0.241211 0.062500 0.033203
2 0.717187 0.244141 0.062500 0.031250
2 0.658594 0.248047 0.060937 0.035156
2 0.596875 0.250977 0.062500 0.033203
3 0.535156 0.255859 0.060937 0.035156
1 0.474219 0.257812 0.060937 0.031250
2 0.957812 0.258789 0.062500 0.037109
2 0.898438 0.261719 0.062500 0.035156
2 0.839844 0.267578 0.060937 0.035156
2 0.779687 0.272461 0.062500 0.029297
2 0.857031 0.028320 0.057813 0.029297
2 0.720313 0.274414 0.062500 0.033203
2 0.660937 0.280273 0.062500 0.033203
2 0.598437 0.287109 0.065625 0.035156
3 0.537500 0.290039 0.062500 0.033203
3 0.475000 0.290039 0.062500 0.037109
2 0.375781 0.030273 0.060937 0.033203
2 0.800781 0.033203 0.057813 0.027344
2 0.739062 0.034180 0.062500 0.025391
2 0.315625 0.034180 0.059375 0.037109
3 0.255469 0.040039 0.060937 0.033203
2 0.679688 0.041016 0.059375 0.031250
2 0.954688 0.397461 0.059375 0.037109
2 0.896875 0.396484 0.062500 0.027344
2 0.838281 0.401367 0.060937 0.033203
2 0.778906 0.404297 0.060937 0.035156
3 0.619531 0.041992 0.060937 0.033203
2 0.718750 0.412109 0.059375 0.031250
2 0.658594 0.415039 0.064062 0.033203
2 0.598437 0.421875 0.065625 0.031250
2 0.535937 0.425781 0.062500 0.031250
3 0.476562 0.426758 0.059375 0.029297
2 0.900781 0.428711 0.064062 0.033203
2 0.841406 0.431641 0.064062 0.031250
2 0.959375 0.432617 0.062500 0.033203
2 0.782031 0.436523 0.064062 0.029297
2 0.723437 0.442383 0.062500 0.029297
2 0.661719 0.447266 0.064062 0.031250
2 0.600000 0.453125 0.062500 0.031250
3 0.539844 0.457031 0.064062 0.031250
3 0.478125 0.458984 0.059375 0.031250
2 0.904687 0.463867 0.062500 0.037109
2 0.966406 0.464844 0.064062 0.031250
2 0.846875 0.465820 0.062500 0.037109
3 0.559375 0.046875 0.062500 0.031250
2 0.786719 0.469727 0.064062 0.037109
2 0.725000 0.473633 0.062500 0.033203
2 0.666406 0.480469 0.064062 0.035156
2 0.601562 0.487305 0.062500 0.033203
3 0.539844 0.491211 0.064062 0.033203
3 0.478125 0.495117 0.059375 0.037109
3 0.499219 0.051758 0.060937 0.033203
2 0.974219 0.053711 0.051562 0.029297
2 0.438281 0.055664 0.060937 0.033203
2 0.919531 0.055664 0.057813 0.033203
2 0.861719 0.057617 0.057813 0.033203
2 0.917969 0.599609 0.060937 0.035156
2 0.859375 0.604492 0.062500 0.037109
2 0.376563 0.060547 0.062500 0.031250
0 0.800000 0.609375 0.062500 0.031250
2 0.739844 0.613281 0.060937 0.035156
2 0.680469 0.622070 0.060937 0.033203
2 0.621094 0.622070 0.060937 0.037109
2 0.802344 0.063477 0.060937 0.033203
2 0.741406 0.064453 0.057813 0.035156
3 0.560937 0.629883 0.059375 0.037109
3 0.500000 0.633789 0.062500 0.033203
2 0.923438 0.635742 0.062500 0.033203
2 0.863281 0.639648 0.064062 0.033203
3 0.438281 0.639648 0.060937 0.033203
0 0.802344 0.642578 0.064062 0.035156
2 0.742188 0.647461 0.059375 0.033203
2 0.682813 0.654297 0.068750 0.035156
2 0.623437 0.658203 0.065625 0.035156
3 0.563281 0.665039 0.060937 0.033203
3 0.501563 0.668945 0.062500 0.037109
2 0.927344 0.670898 0.064062 0.037109
3 0.438281 0.672852 0.064062 0.033203
3 0.315625 0.065430 0.062500 0.029297
2 0.867188 0.675781 0.065625 0.035156
2 0.809375 0.678711 0.065625 0.037109
2 0.748437 0.683594 0.065625 0.035156
2 0.685937 0.690430 0.065625 0.037109
3 0.625781 0.695312 0.064062 0.035156
2 0.564063 0.700195 0.062500 0.037109
3 0.253906 0.069336 0.060937 0.029297
2 0.682813 0.071289 0.062500 0.033203
3 0.502344 0.704102 0.060937 0.033203
3 0.439844 0.707031 0.064062 0.035156
2 0.621875 0.074219 0.062500 0.031250
2 0.499219 0.081055 0.057813 0.033203
2 0.561719 0.080078 0.060937 0.031250
2 0.935937 0.801758 0.056250 0.037109
2 0.878125 0.804688 0.059375 0.039062
2 0.819531 0.811523 0.057813 0.037109
4 0.760156 0.816406 0.060937 0.039062
2 0.699219 0.825195 0.057813 0.037109
2 0.639844 0.830078 0.060937 0.039062
2 0.939844 0.833984 0.057813 0.035156
3 0.578906 0.833984 0.060937 0.039062
2 0.882031 0.840820 0.060937 0.033203
3 0.518750 0.840820 0.065625 0.037109
3 0.455469 0.845703 0.060937 0.035156
2 0.822656 0.845703 0.057813 0.031250
3 0.397656 0.846680 0.060937 0.037109
2 0.763281 0.852539 0.060937 0.037109
2 0.703125 0.858398 0.059375 0.037109
2 0.439063 0.086914 0.062500 0.029297
2 0.643750 0.866211 0.059375 0.033203
2 0.946094 0.867188 0.057813 0.046875
2 0.582812 0.870117 0.062500 0.037109
2 0.885938 0.873047 0.059375 0.042969
3 0.519531 0.878906 0.064062 0.035156
3 0.459375 0.880859 0.059375 0.035156
3 0.399219 0.883789 0.064062 0.037109
2 0.827344 0.883789 0.057813 0.041016
2 0.767969 0.889648 0.060937 0.037109
2 0.705469 0.898438 0.060937 0.042969
2 0.646094 0.903320 0.060937 0.037109
2 0.583594 0.910156 0.060937 0.039062
2 0.521875 0.915039 0.062500 0.037109
2 0.462500 0.916992 0.059375 0.037109
3 0.379688 0.093750 0.062500 0.031250
3 0.400000 0.920898 0.062500 0.041016
3 0.315625 0.096680 0.062500 0.029297
3 0.254688 0.100586 0.059375 0.033203
0 0.617969 0.014648 0.060937 0.029297
3 0.557031 0.015625 0.060937 0.031250
1 0.948438 0.194336 0.065625 0.033203
