2 0.420312 0.131836 0.028125 0.076172
2 0.419531 0.056641 0.029687 0.078125
2 0.417187 0.745117 0.028125 0.080078
2 0.414062 0.667969 0.025000 0.078125
2 0.409375 0.592773 0.025000 0.080078
2 0.406250 0.514648 0.025000 0.072266
2 0.403906 0.441406 0.026562 0.074219
2 0.402344 0.365234 0.026562 0.074219
2 0.400781 0.290039 0.026562 0.076172
2 0.849219 0.027344 0.029687 0.054688
2 0.400000 0.966797 0.021875 0.066406
2 0.396875 0.895508 0.025000 0.072266
2 0.396094 0.212891 0.023438 0.074219
2 0.394531 0.137695 0.026562 0.076172
2 0.393750 0.821289 0.028125 0.076172
2 0.393750 0.064453 0.028125 0.074219
2 0.390625 0.746094 0.031250 0.078125
2 0.387500 0.667969 0.034375 0.078125
2 0.384375 0.593750 0.031250 0.078125
2 0.378906 0.517578 0.026562 0.074219
2 0.377344 0.442383 0.026562 0.076172
2 0.378125 0.368164 0.025000 0.076172
2 0.374219 0.292969 0.026562 0.074219
4 0.370312 0.216797 0.028125 0.078125
1 0.367969 0.142578 0.026562 0.070312
4 0.366406 0.068359 0.029687 0.074219
2 0.288281 0.971680 0.026562 0.056641
2 0.283594 0.906250 0.026562 0.074219
2 0.282813 0.832031 0.025000 0.078125
2 0.280469 0.754883 0.026562 0.076172
2 0.275781 0.678711 0.023438 0.076172
2 0.272656 0.602539 0.026562 0.076172
2 0.270313 0.523438 0.025000 0.078125
2 0.267969 0.450195 0.026562 0.072266
2 0.260937 0.971680 0.025000 0.056641
2 0.258594 0.907227 0.026562 0.072266
3 0.257031 0.830078 0.026562 0.078125
3 0.253906 0.756836 0.026562 0.076172
3 0.248438 0.679688 0.028125 0.078125
2 0.247656 0.602539 0.023438 0.080078
2 0.243750 0.525391 0.025000 0.074219
3 0.241406 0.451172 0.029687 0.074219
2 0.235156 0.972656 0.026562 0.054688
3 0.232813 0.905273 0.028125 0.076172
3 0.229687 0.830078 0.028125 0.078125
3 0.228906 0.752930 0.026562 0.080078
3 0.224219 0.677734 0.029687 0.074219
2 0.221875 0.603516 0.025000 0.078125
3 0.220312 0.527344 0.031250 0.078125
2 0.888281 0.233398 0.023438 0.072266
2 0.782031 0.963867 0.032813 0.072266
2 0.780469 0.890625 0.029687 0.074219
2 0.776563 0.813477 0.031250 0.080078
2 0.775781 0.738281 0.029687 0.074219
2 0.885938 0.159180 0.028125 0.076172
2 0.772656 0.663086 0.029687 0.076172
2 0.770312 0.586914 0.028125 0.076172
2 0.767969 0.509766 0.029687 0.078125
2 0.762500 0.433594 0.028125 0.078125
2 0.760938 0.357422 0.028125 0.074219
0 0.884375 0.971680 0.025000 0.056641
2 0.757031 0.278320 0.029687 0.080078
2 0.755469 0.961914 0.029687 0.076172
2 0.753906 0.205078 0.032813 0.078125
2 0.751563 0.889648 0.028125 0.076172
2 0.740625 0.586914 0.028125 0.076172
2 0.736719 0.510742 0.026562 0.080078
2 0.735156 0.435547 0.029687 0.078125
2 0.728906 0.284180 0.032813 0.080078
2 0.732031 0.359375 0.029687 0.078125
2 0.881250 0.084961 0.028125 0.072266
1 0.882812 0.913086 0.025000 0.076172
2 0.725781 0.208984 0.029687 0.078125
1 0.724219 0.961914 0.029687 0.076172
2 0.722656 0.890625 0.029687 0.078125
2 0.721094 0.814453 0.029687 0.078125
2 0.721094 0.132812 0.029687 0.078125
2 0.719531 0.741211 0.029687 0.080078
0 0.717969 0.058594 0.029687 0.078125
2 0.716406 0.662109 0.029687 0.078125
2 0.714063 0.591797 0.028125 0.078125
2 0.880469 0.024414 0.029687 0.048828
0 0.881250 0.834961 0.028125 0.076172
0 0.711719 0.011719 0.029687 0.023438
2 0.705469 0.438477 0.032813 0.076172
2 0.709375 0.512695 0.028125 0.080078
2 0.701562 0.363281 0.028125 0.082031
2 0.700000 0.287109 0.031250 0.085938
2 0.697656 0.211914 0.029687 0.076172
2 0.878906 0.763672 0.029687 0.074219
2 0.692969 0.134766 0.029687 0.085938
2 0.689063 0.061523 0.025000 0.076172
2 0.685156 0.013672 0.026562 0.027344
0 0.877344 0.685547 0.032813 0.074219
2 0.875781 0.612305 0.032813 0.080078
2 0.873437 0.536133 0.031250 0.076172
2 0.621094 0.966797 0.026562 0.066406
2 0.616406 0.895508 0.029687 0.076172
2 0.611719 0.817383 0.029687 0.076172
2 0.609375 0.742188 0.031250 0.070312
2 0.607812 0.666016 0.031250 0.078125
0 0.603125 0.588867 0.028125 0.072266
2 0.869531 0.460938 0.032813 0.078125
0 0.599219 0.512695 0.029687 0.080078
2 0.596875 0.436523 0.031250 0.076172
0 0.595313 0.359375 0.031250 0.070312
2 0.591406 0.282227 0.029687 0.076172
2 0.591406 0.966797 0.026562 0.066406
2 0.589063 0.206055 0.028125 0.080078
1 0.586719 0.891602 0.029687 0.080078
2 0.586719 0.130859 0.029687 0.074219
0 0.582812 0.817383 0.025000 0.072266
2 0.582031 0.054688 0.029687 0.078125
2 0.578906 0.007812 0.029687 0.015625
2 0.578906 0.741211 0.026562 0.076172
0 0.577344 0.666016 0.029687 0.078125
2 0.574219 0.590820 0.026562 0.072266
0 0.572656 0.513672 0.029687 0.074219
0 0.867188 0.388672 0.031250 0.078125
2 0.568750 0.437500 0.028125 0.078125
2 0.566406 0.361328 0.026562 0.074219
2 0.564063 0.286133 0.025000 0.076172
2 0.561719 0.964844 0.029687 0.070312
2 0.561719 0.208008 0.023438 0.076172
2 0.557813 0.135742 0.028125 0.076172
0 0.557031 0.893555 0.026562 0.072266
2 0.555469 0.818359 0.029687 0.074219
2 0.555469 0.063477 0.026562 0.076172
2 0.553125 0.012695 0.028125 0.025391
2 0.552344 0.743164 0.023438 0.072266
2 0.549219 0.668945 0.026562 0.076172
2 0.546875 0.590820 0.028125 0.076172
2 0.544531 0.516602 0.029687 0.076172
2 0.541406 0.438477 0.029687 0.076172
0 0.863281 0.313477 0.032813 0.076172
2 0.539844 0.361328 0.029687 0.074219
2 0.536719 0.287109 0.026562 0.074219
0 0.533594 0.212891 0.032813 0.078125
2 0.528906 0.136719 0.029687 0.074219
2 0.526563 0.061523 0.028125 0.068359
2 0.527344 0.013672 0.026562 0.027344
0 0.859375 0.234375 0.034375 0.074219
2 0.855469 0.164062 0.029687 0.074219
2 0.453906 0.967773 0.026562 0.064453
2 0.451562 0.898438 0.028125 0.074219
2 0.446875 0.820312 0.028125 0.078125
2 0.443750 0.746094 0.025000 0.074219
2 0.439063 0.671875 0.028125 0.074219
2 0.436719 0.594727 0.029687 0.080078
2 0.435156 0.513672 0.029687 0.078125
2 0.430469 0.437500 0.026562 0.070312
2 0.852344 0.087891 0.029687 0.074219
2 0.428906 0.361328 0.026562 0.078125
2 0.427344 0.284180 0.029687 0.080078
2 0.425781 0.965820 0.029687 0.068359
2 0.423438 0.897461 0.025000 0.076172
2 0.423438 0.208008 0.028125 0.076172
2 0.420312 0.822266 0.025000 0.078125
2 0.750000 0.129883 0.034375 0.080078
2 0.749219 0.815430 0.026562 0.076172
2 0.745313 0.739258 0.028125 0.076172
2 0.745313 0.054688 0.028125 0.074219
2 0.744531 0.664062 0.026562 0.078125
