2 0.212500 0.300781 0.059375 0.039062
2 0.756250 0.306641 0.062500 0.035156
2 0.151562 0.305664 0.059375 0.037109
2 0.816406 0.300781 0.060937 0.035156
2 0.875000 0.300781 0.059375 0.039062
2 0.271875 0.298828 0.062500 0.042969
2 0.756250 0.272461 0.059375 0.033203
2 0.817187 0.269531 0.059375 0.039062
2 0.877344 0.266602 0.060937 0.037109
2 0.935937 0.262695 0.062500 0.037109
2 0.935156 0.296875 0.060937 0.035156
2 0.575781 0.279297 0.060937 0.039062
2 0.635938 0.277344 0.062500 0.039062
2 0.696094 0.273438 0.060937 0.035156
2 0.513281 0.282227 0.060937 0.037109
2 0.332813 0.291992 0.059375 0.037109
2 0.392188 0.290039 0.062500 0.037109
2 0.452344 0.288086 0.060937 0.037109
2 0.093750 0.309570 0.059375 0.037109
2 0.533594 0.756836 0.057813 0.029297
2 0.157812 0.375977 0.059375 0.037109
2 0.932813 0.331055 0.062500 0.033203
2 0.696094 0.309570 0.060937 0.037109
2 0.873437 0.332031 0.059375 0.035156
2 0.576562 0.315430 0.062500 0.037109
2 0.034375 0.313477 0.059375 0.037109
2 0.636719 0.312500 0.060937 0.035156
2 0.334375 0.330078 0.059375 0.039062
2 0.513281 0.318359 0.060937 0.035156
2 0.395313 0.326172 0.059375 0.035156
2 0.454688 0.320312 0.059375 0.035156
2 0.814844 0.337891 0.060937 0.035156
1 0.696094 0.341797 0.060937 0.035156
2 0.274219 0.333008 0.060937 0.041016
2 0.096094 0.341797 0.060937 0.035156
2 0.213281 0.337891 0.060937 0.039062
0 0.757031 0.339844 0.060937 0.035156
2 0.156250 0.339844 0.059375 0.039062
2 0.215625 0.371094 0.059375 0.039062
2 0.276562 0.367188 0.059375 0.039062
2 0.577344 0.350586 0.060937 0.037109
2 0.635156 0.346680 0.060937 0.037109
2 0.039062 0.349609 0.059375 0.039062
2 0.335938 0.362305 0.059375 0.041016
0 0.516406 0.352539 0.060937 0.037109
2 0.396875 0.360352 0.059375 0.037109
1 0.456250 0.355469 0.059375 0.035156
2 0.850000 0.468750 0.059375 0.039062
2 0.098437 0.377930 0.062500 0.037109
2 0.967969 0.498047 0.060937 0.035156
2 0.790625 0.467773 0.059375 0.037109
2 0.041406 0.379883 0.057813 0.037109
2 0.910156 0.466797 0.060937 0.039062
2 0.970313 0.462891 0.059375 0.035156
2 0.304688 0.496094 0.062500 0.039062
2 0.610156 0.480469 0.060937 0.035156
0 0.593750 0.751953 0.062500 0.031250
2 0.670312 0.475586 0.059375 0.033203
2 0.731250 0.470703 0.059375 0.035156
2 0.549219 0.483398 0.060937 0.033203
2 0.365625 0.491211 0.062500 0.033203
2 0.426563 0.487305 0.062500 0.033203
2 0.488281 0.484375 0.060937 0.035156
2 0.908594 0.500977 0.060937 0.033203
2 0.054688 0.750000 0.062500 0.031250
0 0.832031 0.738281 0.057813 0.031250
2 0.244531 0.497070 0.064062 0.033203
2 0.350781 0.739258 0.064062 0.029297
2 0.412500 0.732422 0.059375 0.027344
2 0.890625 0.735352 0.059375 0.029297
2 0.951562 0.733398 0.059375 0.029297
2 0.540625 0.076172 0.062500 0.035156
2 0.653125 0.750000 0.059375 0.031250
2 0.231250 0.742188 0.062500 0.031250
2 0.291406 0.741211 0.060937 0.029297
2 0.112500 0.747070 0.062500 0.029297
4 0.773438 0.745117 0.059375 0.033203
1 0.713281 0.746094 0.060937 0.031250
0 0.172656 0.746094 0.060937 0.031250
0 0.295312 0.770508 0.059375 0.029297
2 0.474219 0.761719 0.060937 0.031250
2 0.353906 0.766602 0.060937 0.033203
4 0.414844 0.764648 0.060937 0.033203
2 0.479687 0.078125 0.059375 0.035156
2 0.864844 0.874023 0.060937 0.037109
2 0.925000 0.869141 0.056250 0.031250
2 0.114844 0.777344 0.060937 0.031250
1 0.145313 0.909180 0.062500 0.033203
2 0.175781 0.775391 0.060937 0.031250
0 0.235156 0.771484 0.060937 0.031250
2 0.976562 0.868164 0.046875 0.033203
2 0.057813 0.780273 0.062500 0.033203
2 0.357812 0.086914 0.059375 0.037109
2 0.418750 0.081055 0.062500 0.037109
2 0.504687 0.893555 0.062500 0.033203
2 0.744531 0.877930 0.060937 0.037109
2 0.803125 0.909180 0.059375 0.033203
2 0.805469 0.875000 0.057813 0.035156
2 0.566406 0.889648 0.060937 0.037109
2 0.298438 0.089844 0.059375 0.039062
0 0.626563 0.886719 0.062500 0.035156
2 0.686719 0.880859 0.057813 0.035156
2 0.975781 0.899414 0.048438 0.029297
2 0.864062 0.908203 0.062500 0.031250
2 0.384375 0.900391 0.059375 0.035156
2 0.443750 0.899414 0.059375 0.033203
2 0.205469 0.903320 0.060937 0.029297
2 0.924219 0.902344 0.057813 0.031250
0 0.264844 0.902344 0.060937 0.035156
0 0.325000 0.902344 0.062500 0.035156
2 0.085938 0.911133 0.062500 0.033203
4 0.207813 0.937500 0.059375 0.035156
2 0.626563 0.918945 0.059375 0.033203
2 0.237500 0.093750 0.059375 0.039062
2 0.029687 0.912109 0.056250 0.035156
2 0.686719 0.916016 0.060937 0.031250
2 0.744531 0.913086 0.060937 0.033203
2 0.266406 0.935547 0.057813 0.031250
2 0.445312 0.931641 0.059375 0.031250
2 0.505469 0.923828 0.060937 0.031250
2 0.566406 0.922852 0.060937 0.037109
2 0.919531 0.932617 0.057813 0.033203
2 0.974219 0.930664 0.051562 0.029297
2 0.325781 0.933594 0.060937 0.031250
2 0.386719 0.933594 0.060937 0.031250
2 0.957812 0.094727 0.059375 0.037109
2 0.861719 0.938477 0.057813 0.029297
2 0.803125 0.940430 0.059375 0.029297
2 0.308594 0.565430 0.060937 0.037109
2 0.368750 0.560547 0.062500 0.035156
2 0.187500 0.536133 0.062500 0.033203
0 0.908594 0.533203 0.060937 0.035156
2 0.246875 0.531250 0.059375 0.035156
2 0.064844 0.509766 0.060937 0.035156
2 0.728906 0.505859 0.060937 0.035156
2 0.184375 0.500977 0.059375 0.033203
2 0.125000 0.504883 0.059375 0.037109
2 0.790625 0.503906 0.062500 0.035156
1 0.967969 0.530273 0.060937 0.033203
2 0.548438 0.517578 0.059375 0.035156
2 0.608594 0.514648 0.060937 0.029297
2 0.670312 0.510742 0.059375 0.037109
0 0.307031 0.531250 0.060937 0.035156
2 0.489063 0.517578 0.062500 0.035156
2 0.367188 0.527344 0.062500 0.035156
2 0.427344 0.520508 0.060937 0.037109
2 0.729688 0.541016 0.059375 0.035156
0 0.128125 0.540039 0.059375 0.033203
2 0.788281 0.538086 0.060937 0.037109
4 0.848437 0.536133 0.059375 0.037109
2 0.669531 0.543945 0.060937 0.037109
2 0.068750 0.541992 0.062500 0.033203
2 0.428906 0.557617 0.057813 0.037109
2 0.609375 0.548828 0.059375 0.039062
2 0.489844 0.553711 0.060937 0.037109
2 0.550000 0.552734 0.059375 0.035156
2 0.034375 0.974609 0.062500 0.027344
2 0.153906 0.972656 0.064062 0.031250
0 0.447656 0.959961 0.057813 0.033203
2 0.094531 0.974609 0.060937 0.031250
2 0.504687 0.958008 0.059375 0.033203
2 0.210156 0.969727 0.060937 0.033203
2 0.387500 0.960938 0.059375 0.035156
0 0.269531 0.968750 0.057813 0.031250
2 0.328125 0.963867 0.062500 0.033203
2 0.058594 0.106445 0.057813 0.037109
2 0.839063 0.097656 0.059375 0.035156
2 0.066406 0.175781 0.060937 0.035156
2 0.660937 0.106445 0.062500 0.037109
2 0.781250 0.101562 0.059375 0.035156
2 0.720313 0.103516 0.059375 0.039062
2 0.117969 0.101562 0.060937 0.035156
2 0.240625 0.128906 0.059375 0.035156
2 0.480469 0.116211 0.060937 0.041016
2 0.897656 0.131836 0.060937 0.037109
2 0.540625 0.112305 0.059375 0.033203
2 0.600781 0.107422 0.060937 0.035156
2 0.957031 0.127930 0.057813 0.033203
2 0.419531 0.117188 0.060937 0.039062
0 0.300781 0.125977 0.060937 0.037109
2 0.359375 0.122070 0.059375 0.037109
2 0.062500 0.142578 0.059375 0.039062
2 0.182031 0.133789 0.060937 0.037109
2 0.126562 0.173828 0.059375 0.035156
2 0.838281 0.133789 0.060937 0.037109
2 0.661719 0.141602 0.060937 0.037109
0 0.780469 0.134766 0.060937 0.039062
2 0.121875 0.137695 0.059375 0.037109
0 0.721094 0.136719 0.060937 0.035156
2 0.480469 0.148438 0.060937 0.039062
2 0.183594 0.168945 0.057813 0.037109
1 0.540625 0.146484 0.059375 0.035156
2 0.600781 0.144531 0.060937 0.039062
2 0.242188 0.164062 0.059375 0.039062
2 0.419531 0.152344 0.060937 0.039062
1 0.302344 0.160156 0.060937 0.035156
2 0.362500 0.158203 0.059375 0.039062
2 0.176563 0.096680 0.059375 0.037109
2 0.566406 0.955078 0.060937 0.031250
2 0.626563 0.950195 0.059375 0.033203
1 0.684375 0.947266 0.062500 0.035156
2 0.833594 0.707031 0.060937 0.031250
2 0.349219 0.704102 0.060937 0.033203
2 0.841406 0.063477 0.057813 0.037109
2 0.899219 0.060547 0.060937 0.039062
2 0.958594 0.057617 0.060937 0.037109
2 0.074219 0.576172 0.057813 0.035156
0 0.250781 0.567383 0.060937 0.037109
2 0.131250 0.574219 0.059375 0.035156
2 0.191406 0.570312 0.060937 0.035156
2 0.893750 0.705078 0.059375 0.031250
2 0.719531 0.068359 0.060937 0.039062
2 0.659375 0.069336 0.062500 0.037109
2 0.782031 0.065430 0.060937 0.037109
2 0.775000 0.679688 0.059375 0.035156
2 0.955469 0.669922 0.057813 0.035156
2 0.835156 0.673828 0.060937 0.035156
2 0.895312 0.669922 0.059375 0.035156
2 0.953906 0.703125 0.057813 0.031250
2 0.594531 0.691406 0.060937 0.031250
2 0.654687 0.688477 0.059375 0.033203
2 0.714844 0.684570 0.060937 0.033203
2 0.597656 0.071289 0.060937 0.037109
2 0.533594 0.693359 0.060937 0.031250
2 0.410156 0.701172 0.060937 0.035156
2 0.470313 0.698242 0.062500 0.033203
2 0.032031 0.946289 0.059375 0.033203
2 0.089844 0.942383 0.060937 0.033203
2 0.150000 0.941406 0.059375 0.031250
2 0.773438 0.712891 0.059375 0.027344
0 0.168750 0.711914 0.062500 0.033203
2 0.228906 0.710938 0.064062 0.035156
2 0.288281 0.707031 0.064062 0.035156
2 0.471875 0.730469 0.062500 0.031250
2 0.050000 0.715820 0.059375 0.037109
2 0.108594 0.714844 0.064062 0.035156
2 0.713281 0.714844 0.060937 0.031250
2 0.533594 0.727539 0.060937 0.033203
2 0.653906 0.719727 0.060937 0.033203
2 0.592187 0.722656 0.062500 0.031250
1 0.744531 0.943359 0.057813 0.031250
2 0.897656 0.096680 0.060937 0.037109
2 0.850000 0.501953 0.059375 0.031250
