0 0.828125 0.917969 0.031250 0.078125
2 0.829688 0.160156 0.028125 0.074219
2 0.198437 0.121094 0.028125 0.074219
2 0.189844 0.348633 0.026562 0.080078
2 0.191406 0.272461 0.023438 0.072266
2 0.195312 0.198242 0.025000 0.076172
2 0.186719 0.425781 0.023438 0.074219
2 0.182031 0.576172 0.023438 0.078125
2 0.182031 0.500000 0.023438 0.074219
2 0.203125 0.046875 0.025000 0.074219
2 0.831250 0.084961 0.031250 0.076172
2 0.832812 0.842773 0.031250 0.072266
0 0.283594 0.975586 0.023438 0.048828
2 0.284375 0.916992 0.028125 0.072266
2 0.342969 0.698242 0.029687 0.072266
2 0.653906 0.407227 0.029687 0.076172
2 0.657813 0.330078 0.028125 0.078125
2 0.666406 0.103516 0.026562 0.078125
2 0.660156 0.989258 0.029687 0.021484
2 0.664062 0.178711 0.028125 0.076172
2 0.660156 0.253906 0.029687 0.074219
2 0.663281 0.942383 0.032813 0.072266
2 0.345313 0.623047 0.028125 0.078125
2 0.846094 0.539062 0.029687 0.078125
0 0.448437 0.889648 0.031250 0.076172
2 0.452344 0.814453 0.029687 0.078125
2 0.847656 0.463867 0.029687 0.076172
0 0.445312 0.962891 0.028125 0.074219
2 0.850000 0.387695 0.031250 0.076172
2 0.852344 0.309570 0.029687 0.076172
2 0.347656 0.543945 0.026562 0.076172
2 0.359375 0.162109 0.025000 0.078125
2 0.364063 0.086914 0.028125 0.076172
2 0.365625 0.025391 0.025000 0.050781
2 0.351562 0.467773 0.025000 0.076172
2 0.359375 0.238281 0.025000 0.078125
2 0.354687 0.391602 0.025000 0.076172
2 0.356250 0.316406 0.028125 0.078125
2 0.286719 0.841797 0.026562 0.078125
2 0.317969 0.696289 0.023438 0.076172
2 0.335938 0.926758 0.028125 0.076172
2 0.339844 0.026367 0.026562 0.052734
2 0.335938 0.850586 0.028125 0.076172
2 0.338281 0.086914 0.026562 0.076172
2 0.337500 0.161133 0.021875 0.076172
2 0.338281 0.773438 0.026562 0.074219
2 0.319531 0.619141 0.023438 0.078125
2 0.331250 0.315430 0.028125 0.076172
2 0.333594 0.240234 0.026562 0.078125
2 0.334375 0.981445 0.028125 0.037109
2 0.841406 0.616211 0.029687 0.076172
0 0.328906 0.391602 0.026562 0.076172
2 0.323437 0.543945 0.025000 0.076172
2 0.327344 0.467773 0.026562 0.076172
2 0.289062 0.769531 0.031250 0.078125
2 0.308594 0.240234 0.026562 0.078125
2 0.314063 0.090820 0.028125 0.076172
0 0.317188 0.027344 0.028125 0.054688
2 0.309375 0.920898 0.025000 0.076172
2 0.312500 0.165039 0.028125 0.076172
2 0.311719 0.848633 0.023438 0.076172
2 0.312500 0.772461 0.028125 0.080078
2 0.839063 0.693359 0.028125 0.078125
0 0.304688 0.389648 0.025000 0.072266
2 0.307812 0.315430 0.028125 0.076172
0 0.307812 0.979492 0.028125 0.041016
2 0.294531 0.694336 0.026562 0.076172
1 0.301563 0.465820 0.025000 0.076172
2 0.296875 0.619141 0.028125 0.078125
2 0.299219 0.543945 0.026562 0.076172
2 0.835938 0.768555 0.028125 0.076172
2 0.832031 0.024414 0.029687 0.048828
0 0.667188 0.867188 0.031250 0.074219
2 0.667188 0.032227 0.028125 0.064453
2 0.669531 0.789062 0.029687 0.078125
2 0.671094 0.713867 0.029687 0.076172
2 0.675000 0.637695 0.028125 0.076172
2 0.678906 0.559570 0.029687 0.076172
2 0.681250 0.483398 0.031250 0.076172
2 0.683594 0.408203 0.032813 0.078125
2 0.685156 0.332031 0.029687 0.078125
2 0.688281 0.254883 0.029687 0.076172
2 0.692187 0.178711 0.031250 0.076172
2 0.693750 0.103516 0.028125 0.078125
2 0.694531 0.034180 0.026562 0.068359
2 0.801562 0.083984 0.028125 0.074219
0 0.803125 0.839844 0.031250 0.074219
2 0.804688 0.025391 0.028125 0.050781
2 0.806250 0.764648 0.031250 0.076172
2 0.497656 0.209961 0.026562 0.076172
2 0.531250 0.057617 0.028125 0.076172
2 0.533594 0.010742 0.029687 0.021484
2 0.606250 0.984375 0.031250 0.031250
1 0.607031 0.930664 0.026562 0.076172
2 0.517969 0.440430 0.029687 0.076172
2 0.499219 0.967773 0.032813 0.064453
2 0.529687 0.133789 0.028125 0.076172
2 0.862500 0.023438 0.031250 0.046875
2 0.520312 0.362305 0.028125 0.076172
2 0.861719 0.083008 0.032813 0.076172
2 0.522656 0.286133 0.029687 0.076172
2 0.524219 0.209961 0.026562 0.076172
2 0.511719 0.669922 0.029687 0.078125
2 0.500781 0.135742 0.029687 0.076172
2 0.501563 0.898438 0.028125 0.078125
2 0.514062 0.516602 0.028125 0.076172
2 0.511719 0.592773 0.023438 0.076172
2 0.503906 0.059570 0.026562 0.076172
2 0.507031 0.745117 0.029687 0.076172
2 0.507031 0.821289 0.029687 0.076172
2 0.506250 0.012695 0.025000 0.025391
2 0.810156 0.690430 0.026562 0.076172
2 0.170313 0.199219 0.025000 0.078125
2 0.486719 0.514648 0.026562 0.076172
2 0.474219 0.895508 0.029687 0.076172
2 0.489844 0.438477 0.026562 0.076172
2 0.496094 0.287109 0.026562 0.078125
2 0.493750 0.362305 0.025000 0.076172
2 0.859375 0.160156 0.031250 0.074219
2 0.475000 0.138672 0.028125 0.078125
2 0.483594 0.666016 0.026562 0.078125
2 0.481250 0.013672 0.028125 0.027344
2 0.484375 0.588867 0.031250 0.080078
2 0.857031 0.235352 0.029687 0.076172
2 0.481250 0.744141 0.025000 0.074219
2 0.478906 0.062500 0.029687 0.074219
2 0.479687 0.819336 0.028125 0.076172
2 0.460156 0.590820 0.032813 0.083984
2 0.471875 0.287109 0.028125 0.078125
2 0.170313 0.954102 0.021875 0.076172
2 0.472656 0.211914 0.029687 0.076172
0 0.471094 0.966797 0.026562 0.066406
2 0.462500 0.511719 0.028125 0.074219
2 0.464062 0.437500 0.028125 0.074219
2 0.467969 0.362305 0.029687 0.076172
2 0.179688 0.653320 0.025000 0.076172
2 0.170313 0.879883 0.025000 0.076172
1 0.453906 0.740234 0.029687 0.078125
0 0.455469 0.664062 0.029687 0.074219
2 0.174219 0.803711 0.026562 0.072266
2 0.178125 0.048828 0.025000 0.074219
2 0.174219 0.123047 0.023438 0.074219
2 0.176563 0.729492 0.025000 0.076172
2 0.159375 0.499023 0.021875 0.076172
2 0.810156 0.613281 0.029687 0.078125
2 0.167187 0.273438 0.021875 0.074219
2 0.825781 0.235352 0.029687 0.076172
2 0.164844 0.348633 0.023438 0.076172
2 0.162500 0.422852 0.021875 0.076172
2 0.825000 0.978516 0.031250 0.042969
2 0.147656 0.949219 0.023438 0.074219
2 0.147656 0.198242 0.023438 0.076172
2 0.158594 0.575195 0.023438 0.076172
2 0.154688 0.651367 0.025000 0.076172
1 0.159375 0.007812 0.025000 0.015625
2 0.149219 0.802734 0.023438 0.074219
2 0.153125 0.051758 0.025000 0.072266
2 0.151562 0.125000 0.028125 0.074219
2 0.150781 0.727539 0.026562 0.076172
2 0.145313 0.273438 0.025000 0.074219
2 0.133594 0.574219 0.026562 0.074219
2 0.814844 0.539062 0.029687 0.074219
2 0.146875 0.875977 0.021875 0.076172
2 0.823438 0.311523 0.028125 0.076172
2 0.142187 0.349609 0.025000 0.078125
1 0.137500 0.500977 0.025000 0.076172
2 0.139063 0.425781 0.025000 0.074219
2 0.817187 0.463867 0.028125 0.076172
2 0.125781 0.797852 0.023438 0.076172
0 0.128125 0.724609 0.025000 0.074219
2 0.131250 0.649414 0.028125 0.076172
2 0.820312 0.387695 0.028125 0.076172
2 0.125781 0.873047 0.020313 0.074219
1 0.120313 0.991211 0.025000 0.017578
2 0.123438 0.944336 0.025000 0.076172
2 0.780469 0.688477 0.029687 0.076172
2 0.778125 0.763672 0.031250 0.074219
2 0.800781 0.162109 0.029687 0.078125
2 0.782031 0.612305 0.026562 0.076172
2 0.797656 0.235352 0.029687 0.076172
2 0.796094 0.974609 0.029687 0.050781
0 0.800000 0.915039 0.031250 0.076172
2 0.794531 0.311523 0.029687 0.076172
2 0.786719 0.538086 0.026562 0.076172
2 0.790625 0.462891 0.028125 0.074219
2 0.792188 0.387695 0.028125 0.076172
0 0.773438 0.838867 0.028125 0.076172
2 0.769531 0.911133 0.029687 0.076172
0 0.769531 0.973633 0.029687 0.052734
1 0.620313 0.631836 0.028125 0.076172
2 0.621875 0.557617 0.028125 0.076172
2 0.635156 0.936523 0.032813 0.076172
2 0.625781 0.481445 0.032813 0.076172
2 0.635156 0.178711 0.029687 0.076172
2 0.638281 0.103516 0.029687 0.078125
2 0.648438 0.632812 0.028125 0.074219
2 0.650000 0.557617 0.028125 0.076172
2 0.651563 0.482422 0.028125 0.078125
2 0.639062 0.860352 0.031250 0.076172
2 0.644531 0.709961 0.026562 0.076172
2 0.640625 0.032227 0.028125 0.064453
2 0.639844 0.784180 0.029687 0.076172
2 0.626563 0.405273 0.028125 0.076172
2 0.632812 0.254883 0.031250 0.076172
2 0.632812 0.986328 0.028125 0.027344
2 0.628906 0.329102 0.026562 0.076172
2 0.613281 0.784180 0.026562 0.076172
1 0.617188 0.706055 0.025000 0.076172
2 0.609375 0.858398 0.028125 0.076172
