3 0.659375 0.938477 0.059375 0.037109
2 0.546875 0.394531 0.062500 0.039062
2 0.124219 0.391602 0.057813 0.037109
3 0.607812 0.388672 0.062500 0.042969
3 0.670312 0.386719 0.062500 0.039062
2 0.183594 0.384766 0.057813 0.035156
2 0.242969 0.379883 0.060937 0.035156
3 0.730469 0.378906 0.060937 0.039062
3 0.792188 0.375977 0.062500 0.037109
2 0.301563 0.375977 0.059375 0.035156
2 0.361719 0.372070 0.060937 0.033203
3 0.854688 0.372070 0.062500 0.041016
0 0.422656 0.369141 0.060937 0.039062
0 0.485156 0.365234 0.060937 0.039062
2 0.060937 0.359375 0.056250 0.039062
3 0.546094 0.357422 0.064062 0.042969
2 0.119531 0.355469 0.060937 0.039062
3 0.721094 0.935547 0.064062 0.035156
3 0.606250 0.354492 0.062500 0.037109
2 0.180469 0.349609 0.060937 0.035156
3 0.668750 0.348633 0.062500 0.041016
2 0.239063 0.342773 0.059375 0.041016
3 0.730469 0.342773 0.060937 0.037109
2 0.299219 0.340820 0.060937 0.041016
3 0.792969 0.339844 0.064062 0.035156
2 0.360156 0.335938 0.060937 0.039062
3 0.853906 0.333984 0.060937 0.035156
2 0.421094 0.330078 0.060937 0.039062
2 0.482031 0.324219 0.060937 0.039062
3 0.544531 0.321289 0.064062 0.044922
3 0.606250 0.320312 0.062500 0.039062
3 0.781250 0.929688 0.062500 0.035156
3 0.667969 0.313477 0.064062 0.037109
3 0.730469 0.306641 0.060937 0.039062
3 0.791406 0.303711 0.064062 0.037109
2 0.854688 0.297852 0.059375 0.037109
1 0.034375 0.231445 0.059375 0.037109
2 0.093750 0.227539 0.059375 0.033203
2 0.150000 0.218750 0.059375 0.039062
2 0.210156 0.213867 0.060937 0.037109
2 0.268750 0.208984 0.059375 0.039062
2 0.328906 0.205078 0.060937 0.039062
2 0.387500 0.200195 0.059375 0.041016
2 0.028906 0.198242 0.057813 0.033203
3 0.447656 0.195312 0.060937 0.039062
2 0.088281 0.195312 0.064062 0.031250
3 0.510156 0.191406 0.060937 0.039062
2 0.146094 0.188477 0.057813 0.041016
3 0.570312 0.187500 0.059375 0.039062
2 0.205469 0.183594 0.060937 0.035156
3 0.632031 0.180664 0.064062 0.041016
2 0.694531 0.177734 0.060937 0.042969
2 0.265625 0.175781 0.059375 0.035156
2 0.755469 0.171875 0.060937 0.042969
2 0.326562 0.167969 0.059375 0.031250
3 0.816406 0.167969 0.060937 0.039062
2 0.386719 0.164062 0.060937 0.039062
2 0.027344 0.162109 0.054688 0.039062
2 0.084375 0.158203 0.062500 0.042969
3 0.446875 0.158203 0.062500 0.039062
3 0.507031 0.152344 0.060937 0.039062
2 0.142969 0.153320 0.060937 0.041016
3 0.571094 0.150391 0.060937 0.039062
2 0.202344 0.145508 0.060937 0.041016
2 0.629687 0.143555 0.062500 0.041016
2 0.056250 0.979492 0.059375 0.041016
3 0.598437 0.978516 0.062500 0.035156
0 0.026562 0.803711 0.053125 0.033203
2 0.081250 0.801758 0.062500 0.033203
3 0.624219 0.798828 0.060937 0.035156
2 0.139063 0.795898 0.062500 0.033203
3 0.685937 0.794922 0.062500 0.035156
2 0.200000 0.794922 0.062500 0.031250
2 0.747656 0.794922 0.060937 0.039062
3 0.809375 0.791992 0.062500 0.033203
2 0.259375 0.789062 0.062500 0.035156
2 0.318750 0.788086 0.062500 0.029297
3 0.378906 0.783203 0.060937 0.035156
3 0.439844 0.778320 0.060937 0.033203
3 0.501563 0.772461 0.062500 0.033203
3 0.561719 0.769531 0.060937 0.035156
2 0.023438 0.769531 0.046875 0.035156
3 0.624219 0.765625 0.060937 0.035156
3 0.660156 0.974609 0.060937 0.035156
2 0.075781 0.765625 0.064062 0.035156
2 0.136719 0.762695 0.064062 0.033203
2 0.685156 0.760742 0.060937 0.033203
2 0.196094 0.761719 0.060937 0.035156
2 0.746875 0.758789 0.062500 0.033203
3 0.809375 0.758789 0.062500 0.033203
2 0.255469 0.756836 0.064062 0.037109
3 0.316406 0.754883 0.064062 0.041016
3 0.378906 0.749023 0.064062 0.033203
2 0.111719 0.972656 0.060937 0.039062
3 0.438281 0.744141 0.064062 0.035156
3 0.498437 0.739258 0.062500 0.033203
3 0.560937 0.734375 0.062500 0.035156
2 0.622656 0.729492 0.060937 0.037109
2 0.684375 0.726562 0.062500 0.039062
3 0.746094 0.725586 0.060937 0.033203
3 0.807813 0.720703 0.062500 0.042969
2 0.172656 0.969727 0.060937 0.041016
3 0.721875 0.969727 0.062500 0.033203
2 0.233594 0.967773 0.060937 0.041016
3 0.782813 0.966797 0.059375 0.035156
2 0.292187 0.965820 0.059375 0.044922
0 0.047656 0.637695 0.060937 0.033203
0 0.105469 0.633789 0.060937 0.033203
0 0.165625 0.630859 0.062500 0.035156
2 0.353125 0.962891 0.062500 0.042969
2 0.224219 0.626953 0.060937 0.031250
1 0.284375 0.621094 0.062500 0.031250
2 0.344531 0.615234 0.060937 0.035156
2 0.403906 0.613281 0.060937 0.031250
2 0.414844 0.961914 0.060937 0.044922
2 0.466406 0.607422 0.060937 0.035156
2 0.525781 0.603516 0.060937 0.035156
2 0.044531 0.601562 0.060937 0.035156
2 0.102344 0.600586 0.060937 0.033203
3 0.586719 0.597656 0.060937 0.035156
0 0.161719 0.597656 0.064062 0.037109
2 0.224219 0.594727 0.057813 0.033203
3 0.646875 0.594727 0.059375 0.037109
2 0.281250 0.590820 0.062500 0.029297
3 0.709375 0.588867 0.062500 0.037109
2 0.771094 0.584961 0.060937 0.037109
2 0.342969 0.583984 0.060937 0.031250
3 0.835156 0.581055 0.064062 0.037109
2 0.402344 0.581055 0.060937 0.033203
2 0.463281 0.574219 0.060937 0.031250
3 0.476562 0.956055 0.062500 0.041016
0 0.039062 0.569336 0.062500 0.041016
2 0.525000 0.567383 0.062500 0.033203
2 0.099219 0.565430 0.064062 0.041016
3 0.585938 0.564453 0.059375 0.035156
0 0.157031 0.560547 0.064062 0.039062
2 0.217188 0.559570 0.065625 0.041016
3 0.648438 0.559570 0.062500 0.037109
2 0.277344 0.554688 0.064062 0.042969
2 0.709375 0.554688 0.062500 0.039062
2 0.771875 0.550781 0.062500 0.035156
2 0.339844 0.549805 0.060937 0.044922
2 0.400781 0.545898 0.060937 0.044922
3 0.834375 0.544922 0.065625 0.035156
2 0.460156 0.539062 0.060937 0.039062
3 0.523438 0.535156 0.062500 0.042969
3 0.585156 0.531250 0.060937 0.039062
2 0.646094 0.523438 0.060937 0.035156
2 0.709375 0.521484 0.062500 0.039062
3 0.771875 0.514648 0.062500 0.037109
3 0.833594 0.513672 0.064062 0.035156
3 0.538281 0.951172 0.060937 0.039062
3 0.598437 0.944336 0.062500 0.037109
2 0.070312 0.430664 0.056250 0.037109
4 0.128125 0.425781 0.059375 0.039062
2 0.186719 0.420898 0.057813 0.037109
2 0.245312 0.416992 0.059375 0.037109
2 0.304688 0.412109 0.059375 0.039062
2 0.364063 0.406250 0.059375 0.039062
2 0.425781 0.407227 0.060937 0.037109
2 0.486719 0.401367 0.060937 0.033203
2 0.065625 0.396484 0.059375 0.035156
2 0.263281 0.140625 0.060937 0.042969
2 0.691406 0.139648 0.060937 0.041016
2 0.753125 0.135742 0.062500 0.041016
2 0.321875 0.134766 0.059375 0.039062
3 0.815625 0.130859 0.062500 0.039062
2 0.383594 0.125000 0.060937 0.039062
2 0.444531 0.120117 0.060937 0.033203
2 0.505469 0.115234 0.064062 0.039062
2 0.567187 0.111328 0.062500 0.039062
2 0.629687 0.108398 0.062500 0.041016
2 0.690625 0.102539 0.062500 0.037109
3 0.752344 0.099609 0.060937 0.035156
3 0.814063 0.094727 0.059375 0.037109
2 0.047656 0.034180 0.054688 0.037109
2 0.105469 0.025391 0.057813 0.039062
2 0.163281 0.019531 0.054688 0.035156
2 0.222656 0.017578 0.060937 0.035156
2 0.028906 0.834961 0.057813 0.029297
2 0.085156 0.832031 0.060937 0.031250
2 0.145313 0.830078 0.062500 0.033203
2 0.203125 0.825195 0.062500 0.037109
2 0.262500 0.823242 0.062500 0.033203
2 0.321875 0.821289 0.059375 0.033203
3 0.381250 0.817383 0.059375 0.033203
3 0.441406 0.811523 0.060937 0.033203
3 0.502344 0.808594 0.060937 0.035156
3 0.563281 0.806641 0.060937 0.035156
