2 0.610156 0.334961 0.023438 0.080078
2 0.608594 0.869141 0.026562 0.078125
2 0.606250 0.259766 0.025000 0.078125
2 0.605469 0.791016 0.026562 0.078125
2 0.603906 0.182617 0.026562 0.076172
2 0.589844 0.410156 0.029687 0.074219
2 0.584375 0.336914 0.028125 0.076172
1 0.571875 0.111328 0.028125 0.074219
2 0.579688 0.261719 0.028125 0.078125
0 0.575781 0.186523 0.029687 0.076172
0 0.601562 0.715820 0.028125 0.076172
2 0.594531 0.564453 0.029687 0.078125
2 0.592187 0.037109 0.028125 0.074219
2 0.591406 0.487305 0.026562 0.080078
3 0.150781 0.984375 0.023438 0.031250
2 0.597656 0.640625 0.026562 0.078125
2 0.150781 0.475586 0.026562 0.076172
2 0.599219 0.108398 0.026562 0.080078
2 0.643750 0.991211 0.028125 0.017578
2 0.153906 0.551758 0.026562 0.076172
2 0.613281 0.408203 0.020313 0.078125
1 0.611719 0.945312 0.026562 0.074219
2 0.631250 0.178711 0.031250 0.080078
2 0.619531 0.034180 0.029687 0.068359
2 0.617969 0.485352 0.023438 0.076172
2 0.614062 0.991211 0.028125 0.017578
2 0.627344 0.715820 0.023438 0.076172
2 0.621094 0.562500 0.023438 0.078125
2 0.624219 0.104492 0.029687 0.080078
2 0.623437 0.638672 0.028125 0.078125
2 0.642188 0.406250 0.034375 0.078125
2 0.638281 0.331055 0.032813 0.080078
2 0.633594 0.868164 0.023438 0.076172
2 0.633594 0.253906 0.032813 0.078125
2 0.631250 0.790039 0.025000 0.076172
2 0.638281 0.945312 0.023438 0.074219
2 0.649219 0.560547 0.029687 0.078125
2 0.644531 0.484375 0.032813 0.078125
2 0.653125 0.637695 0.028125 0.080078
2 0.662500 0.868164 0.031250 0.076172
2 0.658594 0.790039 0.029687 0.076172
2 0.657031 0.713867 0.032813 0.076172
2 0.146875 0.932617 0.025000 0.076172
2 0.146875 0.398438 0.028125 0.078125
4 0.256250 0.358398 0.028125 0.076172
2 0.267188 0.584961 0.025000 0.076172
2 0.263281 0.509766 0.023438 0.078125
0 0.260156 0.434570 0.026562 0.076172
2 0.490625 0.688477 0.028125 0.080078
0 0.116406 0.855469 0.026562 0.074219
2 0.464844 0.766602 0.026562 0.076172
2 0.487500 0.612305 0.031250 0.076172
2 0.270313 0.661133 0.025000 0.080078
2 0.269531 0.010742 0.026562 0.021484
2 0.464062 0.154297 0.028125 0.078125
2 0.271094 0.057617 0.023438 0.080078
2 0.463281 0.690430 0.026562 0.076172
2 0.270313 0.128906 0.021875 0.078125
0 0.471094 0.918945 0.029687 0.076172
2 0.482031 0.535156 0.029687 0.078125
2 0.469531 0.841797 0.026562 0.078125
2 0.465625 0.228516 0.028125 0.074219
2 0.478125 0.458984 0.031250 0.074219
2 0.473438 0.305664 0.028125 0.072266
3 0.476562 0.979492 0.028125 0.041016
2 0.475781 0.380859 0.029687 0.082031
2 0.140625 0.855469 0.018750 0.078125
2 0.139063 0.249023 0.031250 0.072266
2 0.502344 0.918945 0.029687 0.076172
2 0.496875 0.841797 0.028125 0.078125
2 0.492969 0.765625 0.029687 0.078125
2 0.568750 0.040039 0.025000 0.080078
2 0.140625 0.323242 0.031250 0.076172
2 0.504687 0.979492 0.025000 0.041016
2 0.254688 0.282227 0.025000 0.080078
0 0.887500 0.027344 0.025000 0.054688
2 0.251563 0.208008 0.025000 0.080078
2 0.249219 0.135742 0.023438 0.076172
2 0.112500 0.250977 0.025000 0.076172
0 0.111719 0.706055 0.023438 0.076172
2 0.110156 0.177734 0.020313 0.074219
2 0.248438 0.062500 0.025000 0.074219
2 0.112500 0.326172 0.025000 0.074219
2 0.245312 0.013672 0.028125 0.027344
2 0.114062 0.781250 0.025000 0.074219
2 0.825781 0.819336 0.032813 0.076172
2 0.296875 0.049805 0.028125 0.080078
2 0.750781 0.444336 0.026562 0.076172
2 0.296094 0.007812 0.026562 0.015625
2 0.293750 0.660156 0.021875 0.078125
2 0.275000 0.736328 0.021875 0.074219
2 0.274219 0.204102 0.020313 0.076172
1 0.279687 0.887695 0.025000 0.076172
2 0.291406 0.583008 0.023438 0.076172
2 0.278906 0.811523 0.023438 0.076172
2 0.277344 0.278320 0.020313 0.076172
2 0.287500 0.505859 0.021875 0.078125
2 0.282031 0.354492 0.023438 0.076172
2 0.285938 0.962891 0.025000 0.074219
2 0.285156 0.429688 0.023438 0.082031
2 0.303125 0.276367 0.028125 0.080078
2 0.317969 0.661133 0.026562 0.080078
2 0.296875 0.736328 0.021875 0.074219
2 0.303125 0.811523 0.028125 0.076172
2 0.300781 0.200195 0.032813 0.080078
2 0.298438 0.124023 0.028125 0.083984
2 0.309375 0.427734 0.028125 0.082031
2 0.133594 0.100586 0.032813 0.070312
2 0.306250 0.348633 0.031250 0.072266
2 0.305469 0.887695 0.023438 0.076172
2 0.122656 0.400391 0.026562 0.074219
2 0.121875 0.932617 0.028125 0.076172
2 0.311719 0.962891 0.026562 0.074219
2 0.317188 0.580078 0.025000 0.078125
2 0.313281 0.503906 0.026562 0.082031
2 0.328125 0.811523 0.021875 0.076172
0 0.426563 0.463867 0.028125 0.080078
2 0.321094 0.735352 0.026562 0.076172
2 0.128906 0.552734 0.026562 0.078125
3 0.337500 0.962891 0.025000 0.074219
2 0.332031 0.886719 0.026562 0.074219
3 0.125000 0.984375 0.025000 0.031250
2 0.125000 0.475586 0.025000 0.080078
2 0.132031 0.627930 0.026562 0.076172
1 0.422656 0.385742 0.026562 0.076172
2 0.411719 0.087891 0.029687 0.070312
2 0.407031 0.027344 0.026562 0.054688
2 0.418750 0.313477 0.028125 0.072266
2 0.132031 0.033203 0.032813 0.066406
2 0.417187 0.239258 0.028125 0.076172
2 0.414844 0.163086 0.026562 0.076172
2 0.435156 0.691406 0.029687 0.078125
2 0.133594 0.705078 0.023438 0.074219
2 0.434375 0.084961 0.021875 0.072266
2 0.428906 0.540039 0.029687 0.076172
2 0.746094 0.368164 0.026562 0.080078
2 0.432812 0.615234 0.028125 0.074219
2 0.431250 0.024414 0.025000 0.048828
2 0.742969 0.291016 0.029687 0.078125
3 0.448437 0.978516 0.025000 0.042969
2 0.441406 0.234375 0.023438 0.078125
2 0.439844 0.766602 0.026562 0.076172
2 0.439063 0.158203 0.021875 0.074219
0 0.452344 0.460938 0.026562 0.074219
2 0.447656 0.384766 0.026562 0.078125
1 0.441406 0.841797 0.029687 0.078125
2 0.446875 0.310547 0.025000 0.074219
1 0.446094 0.919922 0.026562 0.078125
2 0.458594 0.021484 0.029687 0.042969
2 0.165625 0.857422 0.031250 0.078125
2 0.456250 0.536133 0.028125 0.076172
2 0.157812 0.628906 0.025000 0.078125
2 0.830469 0.896484 0.032813 0.078125
2 0.457813 0.614258 0.025000 0.076172
2 0.460156 0.080078 0.029687 0.074219
2 0.135937 0.779297 0.021875 0.078125
2 0.136719 0.174805 0.032813 0.076172
1 0.739062 0.218750 0.028125 0.078125
2 0.160938 0.704102 0.025000 0.076172
2 0.670312 0.991211 0.028125 0.017578
2 0.664844 0.946289 0.029687 0.076172
2 0.161719 0.779297 0.026562 0.078125
1 0.735938 0.144531 0.028125 0.078125
2 0.730469 0.067383 0.026562 0.076172
2 0.725781 0.018555 0.026562 0.037109
2 0.758594 0.594727 0.029687 0.076172
1 0.774219 0.967773 0.032813 0.064453
2 0.757031 0.065430 0.026562 0.076172
2 0.807031 0.513672 0.032813 0.078125
2 0.753906 0.518555 0.026562 0.080078
2 0.752344 0.015625 0.029687 0.031250
2 0.771875 0.897461 0.031250 0.076172
2 0.764844 0.212891 0.026562 0.078125
2 0.762500 0.139648 0.025000 0.080078
2 0.762500 0.669922 0.031250 0.074219
2 0.765625 0.746094 0.031250 0.074219
2 0.771094 0.363281 0.023438 0.078125
2 0.770312 0.820312 0.028125 0.074219
2 0.770312 0.287109 0.021875 0.078125
2 0.779687 0.514648 0.021875 0.076172
2 0.805469 0.437500 0.035937 0.074219
2 0.776563 0.439453 0.021875 0.074219
2 0.792188 0.669922 0.028125 0.074219
0 0.781250 0.013672 0.031250 0.027344
2 0.789844 0.134766 0.029687 0.074219
2 0.785156 0.592773 0.023438 0.080078
2 0.785156 0.063477 0.029687 0.076172
1 0.803906 0.967773 0.026562 0.064453
2 0.796875 0.819336 0.025000 0.076172
2 0.795312 0.209961 0.034375 0.076172
2 0.794531 0.746094 0.026562 0.074219
2 0.171094 0.932617 0.023438 0.076172
2 0.797656 0.286133 0.032813 0.076172
2 0.800781 0.897461 0.026562 0.076172
2 0.800000 0.362305 0.034375 0.076172
2 0.814844 0.590820 0.032813 0.076172
2 0.818750 0.667969 0.031250 0.074219
2 0.833594 0.967773 0.032813 0.064453
2 0.823438 0.745117 0.031250 0.076172
3 0.176563 0.985352 0.028125 0.029297
