2 0.193750 0.818359 0.031250 0.078125
2 0.172656 0.589844 0.029687 0.074219
2 0.165625 0.742188 0.028125 0.078125
2 0.175781 0.513672 0.032813 0.078125
2 0.146094 0.512695 0.029687 0.076172
2 0.146094 0.359375 0.029687 0.078125
2 0.147656 0.435547 0.032813 0.074219
2 0.153125 0.285156 0.031250 0.074219
2 0.160938 0.965820 0.031250 0.068359
0 0.137500 0.742188 0.031250 0.078125
2 0.137500 0.666992 0.028125 0.080078
2 0.139844 0.589844 0.032813 0.078125
3 0.517188 0.829102 0.028125 0.076172
3 0.516406 0.906250 0.029687 0.078125
3 0.489844 0.831055 0.029687 0.076172
2 0.513281 0.970703 0.026562 0.058594
2 0.489063 0.906250 0.025000 0.078125
2 0.485156 0.972656 0.029687 0.054688
3 0.464062 0.831055 0.028125 0.076172
2 0.463281 0.907227 0.029687 0.080078
1 0.369531 0.442383 0.026562 0.076172
1 0.364063 0.515625 0.031250 0.074219
2 0.362500 0.591797 0.028125 0.078125
2 0.359375 0.668945 0.028125 0.076172
2 0.357812 0.745117 0.025000 0.080078
2 0.354687 0.821289 0.031250 0.076172
2 0.352344 0.895508 0.029687 0.076172
2 0.350000 0.966797 0.031250 0.066406
2 0.341406 0.438477 0.029687 0.076172
2 0.332813 0.592773 0.028125 0.076172
2 0.335156 0.515625 0.029687 0.074219
2 0.329688 0.666992 0.031250 0.076172
2 0.330469 0.744141 0.029687 0.078125
2 0.325781 0.820312 0.026562 0.074219
2 0.323437 0.894531 0.028125 0.074219
2 0.319531 0.966797 0.032813 0.066406
2 0.310156 0.438477 0.029687 0.076172
2 0.305469 0.590820 0.026562 0.076172
2 0.306250 0.514648 0.031250 0.080078
2 0.300781 0.666992 0.026562 0.076172
2 0.300000 0.743164 0.028125 0.080078
2 0.300000 0.821289 0.025000 0.076172
2 0.296094 0.896484 0.023438 0.078125
2 0.291406 0.967773 0.023438 0.064453
2 0.210938 0.290039 0.028125 0.072266
2 0.176563 0.362305 0.031250 0.076172
2 0.176563 0.438477 0.028125 0.076172
2 0.168750 0.665039 0.031250 0.080078
2 0.165625 0.818359 0.028125 0.078125
0 0.162500 0.893555 0.031250 0.076172
2 0.135156 0.817383 0.035937 0.076172
0 0.132812 0.894531 0.034375 0.074219
2 0.129688 0.966797 0.031250 0.066406
2 0.457031 0.972656 0.029687 0.054688
2 0.196094 0.742188 0.029687 0.078125
2 0.196875 0.665039 0.028125 0.076172
2 0.191406 0.892578 0.029687 0.078125
0 0.182031 0.288086 0.029687 0.080078
0 0.201563 0.590820 0.028125 0.076172
2 0.205469 0.513672 0.026562 0.078125
2 0.207031 0.364258 0.029687 0.076172
2 0.206250 0.437500 0.028125 0.078125
2 0.188281 0.965820 0.029687 0.068359
