2 0.067969 0.266602 0.060937 0.037109
2 0.128906 0.269531 0.060937 0.039062
2 0.189844 0.274414 0.060937 0.037109
2 0.250781 0.276367 0.060937 0.037109
2 0.312500 0.282227 0.062500 0.041016
2 0.372656 0.283203 0.060937 0.039062
2 0.433594 0.287109 0.060937 0.039062
2 0.582812 0.537109 0.062500 0.035156
2 0.642188 0.540039 0.059375 0.033203
2 0.038281 0.541992 0.060937 0.033203
2 0.097656 0.542969 0.060937 0.035156
2 0.702344 0.542969 0.060937 0.031250
2 0.764844 0.546875 0.060937 0.031250
2 0.157812 0.545898 0.059375 0.037109
2 0.823438 0.548828 0.059375 0.031250
2 0.217969 0.549805 0.060937 0.037109
2 0.278906 0.553711 0.060937 0.037109
2 0.882031 0.553711 0.060937 0.029297
4 0.338281 0.554688 0.060937 0.035156
2 0.941406 0.554688 0.060937 0.035156
2 0.398438 0.560547 0.059375 0.035156
2 0.460156 0.563477 0.060937 0.033203
2 0.520312 0.565430 0.059375 0.037109
2 0.581250 0.570312 0.062500 0.035156
2 0.641406 0.572266 0.060937 0.035156
2 0.700781 0.575195 0.060937 0.033203
2 0.760938 0.580078 0.059375 0.035156
2 0.821094 0.581055 0.060937 0.033203
2 0.880469 0.585938 0.060937 0.031250
2 0.939844 0.586914 0.060937 0.033203
2 0.114062 0.065430 0.059375 0.037109
2 0.055469 0.066406 0.060937 0.039062
2 0.174219 0.066406 0.060937 0.035156
2 0.058594 0.681641 0.064062 0.042969
2 0.235156 0.069336 0.060937 0.037109
2 0.119531 0.687500 0.057813 0.042969
2 0.178125 0.688477 0.059375 0.037109
2 0.237500 0.691406 0.059375 0.039062
0 0.298438 0.693359 0.059375 0.039062
2 0.361719 0.697266 0.060937 0.039062
0 0.421875 0.702148 0.059375 0.041016
2 0.296094 0.072266 0.060937 0.035156
2 0.484375 0.703125 0.059375 0.039062
2 0.545312 0.707031 0.059375 0.039062
2 0.605469 0.708984 0.057813 0.039062
0 0.666406 0.710938 0.057813 0.039062
2 0.728125 0.713867 0.059375 0.037109
2 0.060156 0.715820 0.060937 0.029297
0 0.788281 0.716797 0.057813 0.035156
2 0.178906 0.718750 0.060937 0.031250
2 0.119531 0.720703 0.064062 0.027344
2 0.848437 0.720703 0.059375 0.035156
2 0.239844 0.722656 0.060937 0.031250
2 0.908594 0.722656 0.060937 0.035156
2 0.967969 0.726562 0.057813 0.035156
0 0.299219 0.726562 0.060937 0.031250
2 0.360156 0.731445 0.060937 0.033203
2 0.421875 0.735352 0.059375 0.029297
2 0.482812 0.738281 0.059375 0.031250
2 0.543750 0.743164 0.062500 0.033203
2 0.604688 0.744141 0.059375 0.035156
2 0.061719 0.745117 0.060937 0.033203
2 0.664062 0.746094 0.059375 0.035156
2 0.119531 0.748047 0.060937 0.035156
0 0.725781 0.749023 0.057813 0.033203
1 0.179688 0.750000 0.059375 0.035156
2 0.785937 0.750977 0.059375 0.033203
2 0.843750 0.754883 0.056250 0.033203
0 0.239063 0.755859 0.059375 0.031250
2 0.904687 0.756836 0.062500 0.033203
0 0.300000 0.758789 0.059375 0.033203
2 0.964063 0.760742 0.062500 0.029297
2 0.356250 0.077148 0.059375 0.037109
0 0.361719 0.761719 0.060937 0.035156
0 0.421875 0.768555 0.059375 0.033203
0 0.481250 0.768555 0.059375 0.033203
2 0.542188 0.774414 0.059375 0.037109
2 0.602344 0.777344 0.060937 0.035156
2 0.661719 0.779297 0.057813 0.035156
1 0.722656 0.781250 0.057813 0.035156
0 0.783594 0.783203 0.060937 0.035156
2 0.842187 0.787109 0.059375 0.031250
2 0.901563 0.788086 0.059375 0.033203
2 0.959375 0.791992 0.062500 0.033203
2 0.478906 0.081055 0.060937 0.037109
2 0.417187 0.081055 0.059375 0.041016
2 0.539844 0.086914 0.060937 0.037109
3 0.028906 0.877930 0.057813 0.037109
2 0.601562 0.087891 0.059375 0.035156
3 0.085156 0.880859 0.057813 0.035156
2 0.144531 0.884766 0.060937 0.035156
2 0.206250 0.890625 0.062500 0.039062
2 0.265625 0.894531 0.062500 0.035156
2 0.325781 0.897461 0.060937 0.037109
2 0.387500 0.899414 0.062500 0.037109
2 0.446875 0.903320 0.062500 0.037109
2 0.507812 0.911133 0.059375 0.041016
3 0.029687 0.912109 0.059375 0.031250
3 0.087500 0.914062 0.056250 0.031250
2 0.570312 0.915039 0.062500 0.037109
2 0.632031 0.916016 0.060937 0.035156
2 0.145313 0.917969 0.062500 0.035156
2 0.692187 0.918945 0.059375 0.037109
2 0.753125 0.921875 0.059375 0.035156
2 0.205469 0.922852 0.060937 0.037109
2 0.812500 0.923828 0.062500 0.035156
2 0.266406 0.925781 0.060937 0.031250
0 0.872656 0.927734 0.057813 0.035156
0 0.931250 0.928711 0.062500 0.033203
2 0.327344 0.928711 0.060937 0.029297
2 0.386719 0.933594 0.060937 0.031250
0 0.448437 0.937500 0.062500 0.031250
2 0.662500 0.094727 0.059375 0.037109
2 0.508594 0.943359 0.057813 0.027344
3 0.029687 0.946289 0.059375 0.037109
3 0.089063 0.948242 0.059375 0.037109
2 0.569531 0.949219 0.060937 0.031250
0 0.628125 0.951172 0.059375 0.031250
2 0.147656 0.952148 0.060937 0.037109
2 0.688281 0.953125 0.060937 0.031250
2 0.207031 0.953125 0.060937 0.035156
2 0.750000 0.954102 0.062500 0.029297
0 0.807813 0.957031 0.059375 0.031250
2 0.265625 0.957031 0.059375 0.035156
2 0.867188 0.959961 0.059375 0.029297
2 0.927344 0.960938 0.057813 0.027344
2 0.327344 0.961914 0.060937 0.033203
2 0.386719 0.965820 0.060937 0.033203
2 0.447656 0.969727 0.060937 0.033203
2 0.507812 0.972656 0.059375 0.031250
2 0.723437 0.099609 0.059375 0.039062
2 0.567969 0.976562 0.060937 0.027344
2 0.628906 0.978516 0.060937 0.031250
0 0.688281 0.980469 0.060937 0.027344
1 0.746875 0.984375 0.059375 0.031250
2 0.806250 0.985352 0.062500 0.029297
0 0.864844 0.987305 0.057813 0.025391
2 0.495312 0.290039 0.062500 0.037109
2 0.557031 0.292969 0.060937 0.039062
2 0.617969 0.295898 0.060937 0.037109
2 0.678906 0.299805 0.060937 0.037109
2 0.071094 0.302734 0.060937 0.035156
2 0.741406 0.303711 0.060937 0.037109
2 0.129688 0.306641 0.062500 0.035156
2 0.801562 0.306641 0.059375 0.035156
2 0.189844 0.309570 0.060937 0.033203
2 0.862500 0.309570 0.059375 0.037109
2 0.250781 0.311523 0.060937 0.033203
2 0.921094 0.314453 0.060937 0.035156
2 0.311719 0.316406 0.060937 0.035156
2 0.372656 0.317383 0.060937 0.033203
2 0.434375 0.321289 0.062500 0.033203
2 0.495312 0.326172 0.062500 0.035156
2 0.555469 0.327148 0.060937 0.033203
2 0.616406 0.333008 0.060937 0.033203
2 0.677344 0.334961 0.060937 0.033203
2 0.072656 0.335938 0.060937 0.039062
2 0.738281 0.339844 0.060937 0.035156
2 0.130469 0.339844 0.060937 0.039062
2 0.798438 0.341797 0.059375 0.035156
2 0.191406 0.343750 0.060937 0.035156
2 0.858594 0.346680 0.060937 0.033203
2 0.252344 0.346680 0.060937 0.037109
2 0.917188 0.348633 0.062500 0.033203
2 0.312500 0.349609 0.059375 0.035156
2 0.972656 0.351562 0.054688 0.031250
2 0.372656 0.352539 0.060937 0.037109
1 0.432031 0.356445 0.060937 0.037109
2 0.493750 0.358398 0.059375 0.033203
2 0.553906 0.361328 0.060937 0.035156
2 0.614844 0.365234 0.060937 0.035156
2 0.674219 0.368164 0.060937 0.033203
2 0.735156 0.372070 0.060937 0.033203
2 0.795312 0.375977 0.059375 0.033203
2 0.854688 0.379883 0.059375 0.033203
2 0.914062 0.381836 0.059375 0.033203
0 0.971094 0.386719 0.057813 0.035156
2 0.036719 0.469727 0.060937 0.041016
2 0.095312 0.471680 0.059375 0.037109
2 0.156250 0.474609 0.059375 0.035156
2 0.217969 0.480469 0.060937 0.039062
2 0.278906 0.483398 0.060937 0.037109
2 0.338281 0.488281 0.060937 0.035156
2 0.400781 0.490234 0.060937 0.035156
2 0.460938 0.493164 0.059375 0.033203
2 0.522656 0.499023 0.060937 0.037109
2 0.583594 0.503906 0.060937 0.039062
2 0.644531 0.506836 0.060937 0.037109
0 0.036719 0.507812 0.060937 0.035156
0 0.097656 0.509766 0.060937 0.035156
2 0.705469 0.511719 0.060937 0.039062
2 0.157812 0.511719 0.059375 0.035156
2 0.766406 0.512695 0.060937 0.037109
2 0.826562 0.513672 0.059375 0.035156
2 0.217969 0.515625 0.060937 0.035156
2 0.278906 0.518555 0.060937 0.037109
2 0.886719 0.520508 0.060937 0.037109
2 0.946094 0.521484 0.060937 0.039062
0 0.338281 0.523438 0.060937 0.035156
2 0.398438 0.524414 0.059375 0.033203
2 0.460156 0.529297 0.060937 0.035156
2 0.521094 0.534180 0.060937 0.033203
2 0.055469 0.100586 0.060937 0.037109
2 0.116406 0.100586 0.060937 0.037109
2 0.175781 0.103516 0.060937 0.035156
2 0.785156 0.101562 0.060937 0.039062
2 0.845313 0.105469 0.059375 0.039062
2 0.235156 0.104492 0.060937 0.033203
2 0.905469 0.109375 0.060937 0.039062
2 0.296094 0.110352 0.060937 0.037109
2 0.356250 0.111328 0.059375 0.035156
2 0.964063 0.113281 0.059375 0.039062
2 0.416406 0.117188 0.060937 0.035156
2 0.478906 0.119141 0.060937 0.035156
2 0.539062 0.122070 0.059375 0.037109
2 0.600000 0.125977 0.059375 0.037109
2 0.660937 0.131836 0.059375 0.037109
2 0.721875 0.135742 0.059375 0.037109
2 0.057031 0.135742 0.060937 0.037109
2 0.781250 0.138672 0.059375 0.035156
0 0.117188 0.139648 0.059375 0.041016
2 0.176563 0.140625 0.059375 0.039062
2 0.235937 0.141602 0.059375 0.037109
2 0.840625 0.142578 0.059375 0.039062
2 0.900000 0.145508 0.059375 0.037109
2 0.296094 0.146484 0.060937 0.039062
1 0.356250 0.148438 0.059375 0.039062
2 0.959375 0.149414 0.059375 0.037109
2 0.416406 0.152344 0.060937 0.039062
2 0.476562 0.156250 0.059375 0.039062
2 0.538281 0.161133 0.060937 0.037109
0 0.598437 0.163086 0.059375 0.037109
0 0.657813 0.166992 0.059375 0.037109
2 0.718750 0.168945 0.059375 0.037109
2 0.778125 0.173828 0.059375 0.039062
1 0.839063 0.176758 0.059375 0.037109
0 0.896875 0.180664 0.059375 0.037109
4 0.957031 0.185547 0.060937 0.039062
