2 0.703906 0.112305 0.026562 0.076172
2 0.703906 0.038086 0.026562 0.076172
2 0.703125 0.186523 0.025000 0.076172
2 0.700781 0.258789 0.026562 0.076172
2 0.698438 0.333984 0.028125 0.078125
2 0.696094 0.407227 0.026562 0.076172
0 0.695312 0.485352 0.028125 0.076172
0 0.692969 0.559570 0.026562 0.076172
0 0.691406 0.633789 0.029687 0.076172
2 0.687500 0.708008 0.028125 0.072266
2 0.685937 0.784180 0.025000 0.076172
2 0.682813 0.859375 0.028125 0.074219
0 0.682031 0.934570 0.026562 0.076172
2 0.679688 0.037109 0.025000 0.074219
2 0.678125 0.109375 0.025000 0.078125
2 0.678125 0.182617 0.025000 0.076172
2 0.678125 0.985352 0.025000 0.029297
2 0.676562 0.254883 0.025000 0.076172
2 0.671875 0.332031 0.025000 0.078125
2 0.670312 0.404297 0.025000 0.078125
2 0.668750 0.481445 0.028125 0.076172
1 0.666406 0.557617 0.026562 0.076172
2 0.664844 0.633789 0.023438 0.076172
2 0.660937 0.708008 0.028125 0.076172
2 0.658594 0.784180 0.026562 0.076172
2 0.655469 0.034180 0.023438 0.068359
2 0.655469 0.859375 0.026562 0.074219
2 0.653906 0.935547 0.026562 0.074219
1 0.652344 0.102539 0.026562 0.076172
2 0.651563 0.986328 0.025000 0.027344
2 0.650781 0.178711 0.026562 0.076172
2 0.648438 0.251953 0.028125 0.078125
2 0.646875 0.328125 0.025000 0.078125
2 0.645312 0.403320 0.028125 0.076172
2 0.641406 0.479492 0.026562 0.076172
2 0.639062 0.555664 0.028125 0.076172
2 0.637500 0.632812 0.028125 0.078125
2 0.634375 0.708008 0.025000 0.076172
2 0.632812 0.784180 0.025000 0.076172
2 0.629687 0.860352 0.025000 0.076172
2 0.628906 0.935547 0.026562 0.074219
2 0.627344 0.986328 0.023438 0.027344
0 0.550781 0.018555 0.026562 0.037109
2 0.547656 0.070312 0.026562 0.074219
2 0.546875 0.146484 0.028125 0.074219
2 0.543750 0.219727 0.028125 0.076172
1 0.541406 0.293945 0.029687 0.076172
2 0.863281 0.092773 0.026562 0.076172
2 0.538281 0.368164 0.029687 0.076172
2 0.536719 0.442383 0.026562 0.076172
2 0.535937 0.518555 0.025000 0.076172
0 0.531250 0.592773 0.028125 0.076172
0 0.528906 0.667969 0.029687 0.078125
0 0.528906 0.745117 0.029687 0.076172
2 0.525781 0.016602 0.023438 0.033203
2 0.861719 0.164062 0.023438 0.074219
2 0.861719 0.236328 0.020313 0.074219
2 0.524219 0.819336 0.026562 0.076172
2 0.524219 0.065430 0.023438 0.072266
2 0.521875 0.141602 0.025000 0.076172
2 0.521094 0.895508 0.029687 0.076172
0 0.517969 0.966797 0.029687 0.066406
2 0.517969 0.216797 0.026562 0.078125
1 0.514844 0.291992 0.026562 0.076172
2 0.512500 0.364258 0.025000 0.080078
2 0.312500 0.469727 0.031250 0.076172
2 0.309375 0.546875 0.028125 0.078125
2 0.306250 0.623047 0.028125 0.078125
2 0.840625 0.161133 0.021875 0.076172
2 0.839844 0.087891 0.020313 0.074219
2 0.839844 0.972656 0.023438 0.054688
0 0.839844 0.233398 0.023438 0.076172
2 0.305469 0.700195 0.026562 0.076172
2 0.302344 0.774414 0.026562 0.076172
2 0.299219 0.853516 0.026562 0.078125
2 0.297656 0.928711 0.026562 0.076172
2 0.296094 0.983398 0.029687 0.033203
0 0.837500 0.308594 0.025000 0.078125
2 0.834375 0.383789 0.025000 0.076172
2 0.228125 0.011719 0.028125 0.023438
2 0.832812 0.457031 0.021875 0.074219
2 0.832812 0.532227 0.021875 0.076172
2 0.832031 0.607422 0.020313 0.074219
2 0.226562 0.058594 0.025000 0.074219
0 0.222656 0.129883 0.029687 0.072266
2 0.221094 0.204102 0.035937 0.072266
2 0.218750 0.277344 0.034375 0.074219
0 0.213281 0.351562 0.026562 0.074219
2 0.210156 0.427734 0.026562 0.074219
2 0.207813 0.501953 0.028125 0.074219
0 0.206250 0.577148 0.031250 0.076172
1 0.203125 0.652344 0.031250 0.074219
1 0.201563 0.729492 0.031250 0.076172
2 0.201563 0.009766 0.028125 0.019531
2 0.197656 0.803711 0.029687 0.076172
2 0.196875 0.877930 0.031250 0.076172
4 0.196875 0.053711 0.031250 0.072266
0 0.196094 0.952148 0.032813 0.076172
2 0.192969 0.126953 0.029687 0.074219
2 0.188281 0.201172 0.029687 0.074219
2 0.185938 0.274414 0.031250 0.076172
2 0.185156 0.350586 0.026562 0.076172
2 0.183594 0.426758 0.026562 0.076172
2 0.828125 0.683594 0.021875 0.074219
2 0.178906 0.501953 0.029687 0.074219
2 0.177344 0.576172 0.026562 0.074219
2 0.175000 0.651367 0.028125 0.076172
1 0.171094 0.007812 0.029687 0.015625
2 0.171875 0.728516 0.028125 0.078125
2 0.169531 0.803711 0.029687 0.076172
2 0.166406 0.877930 0.026562 0.076172
2 0.166406 0.050781 0.029687 0.074219
2 0.164844 0.954102 0.029687 0.076172
0 0.163281 0.124023 0.032813 0.072266
0 0.160156 0.199219 0.032813 0.074219
2 0.157031 0.274414 0.029687 0.076172
2 0.155469 0.425781 0.029687 0.074219
2 0.154688 0.350586 0.031250 0.076172
2 0.149219 0.500000 0.029687 0.078125
0 0.146875 0.576172 0.034375 0.074219
2 0.145313 0.650391 0.031250 0.080078
2 0.142969 0.727539 0.029687 0.076172
2 0.139063 0.803711 0.031250 0.076172
2 0.139063 0.879883 0.028125 0.076172
2 0.135937 0.955078 0.031250 0.078125
2 0.822656 0.758789 0.023438 0.076172
2 0.821875 0.834961 0.021875 0.076172
2 0.818750 0.910156 0.021875 0.074219
2 0.817969 0.083984 0.023438 0.074219
2 0.816406 0.972656 0.020313 0.054688
2 0.860938 0.310547 0.021875 0.074219
0 0.509375 0.516602 0.028125 0.076172
0 0.508594 0.442383 0.029687 0.076172
0 0.504687 0.591797 0.028125 0.078125
2 0.500781 0.669922 0.026562 0.078125
2 0.499219 0.744141 0.029687 0.078125
2 0.499219 0.013672 0.029687 0.027344
1 0.497656 0.062500 0.029687 0.070312
2 0.496094 0.819336 0.029687 0.076172
0 0.493750 0.137695 0.028125 0.076172
2 0.493750 0.895508 0.025000 0.076172
2 0.491406 0.966797 0.023438 0.066406
2 0.491406 0.211914 0.029687 0.080078
0 0.487500 0.286133 0.031250 0.076172
2 0.483594 0.362305 0.032813 0.080078
2 0.481250 0.438477 0.028125 0.080078
2 0.479687 0.516602 0.031250 0.080078
2 0.857812 0.385742 0.025000 0.076172
2 0.477344 0.591797 0.029687 0.078125
2 0.472656 0.666992 0.029687 0.076172
2 0.470313 0.744141 0.028125 0.078125
2 0.466406 0.820312 0.029687 0.078125
0 0.467187 0.894531 0.028125 0.078125
0 0.464062 0.966797 0.031250 0.066406
2 0.855469 0.459961 0.023438 0.076172
2 0.855469 0.534180 0.023438 0.076172
2 0.852344 0.610352 0.023438 0.076172
2 0.850781 0.682617 0.023438 0.076172
2 0.387500 0.032227 0.028125 0.064453
2 0.846875 0.758789 0.025000 0.076172
2 0.383594 0.101562 0.026562 0.078125
2 0.380469 0.173828 0.029687 0.074219
2 0.378906 0.247070 0.029687 0.076172
0 0.377344 0.322266 0.029687 0.074219
0 0.375781 0.396484 0.032813 0.078125
2 0.372656 0.472656 0.026562 0.074219
2 0.370312 0.547852 0.028125 0.076172
1 0.366406 0.625977 0.029687 0.076172
1 0.364063 0.700195 0.031250 0.076172
2 0.358594 0.031250 0.026562 0.062500
2 0.358594 0.777344 0.029687 0.074219
2 0.357812 0.096680 0.025000 0.076172
2 0.358594 0.850586 0.029687 0.076172
2 0.355469 0.981445 0.029687 0.037109
2 0.355469 0.925781 0.029687 0.074219
2 0.844531 0.833984 0.023438 0.074219
2 0.352344 0.171875 0.026562 0.078125
2 0.351562 0.246094 0.028125 0.078125
2 0.348438 0.320312 0.028125 0.078125
2 0.346094 0.395508 0.029687 0.076172
2 0.342969 0.471680 0.029687 0.076172
2 0.340625 0.547852 0.031250 0.076172
2 0.336719 0.624023 0.032813 0.076172
2 0.335156 0.699219 0.032813 0.074219
2 0.331250 0.029297 0.028125 0.058594
2 0.330469 0.775391 0.026562 0.078125
2 0.329688 0.092773 0.028125 0.076172
2 0.327344 0.851562 0.029687 0.074219
2 0.325781 0.925781 0.029687 0.074219
2 0.325781 0.166016 0.026562 0.078125
2 0.324219 0.982422 0.029687 0.035156
2 0.323437 0.242188 0.028125 0.078125
2 0.841406 0.909180 0.023438 0.076172
2 0.320312 0.317383 0.031250 0.080078
2 0.314844 0.391602 0.029687 0.076172
1 0.815625 0.155273 0.025000 0.076172
2 0.815625 0.229492 0.025000 0.076172
2 0.814063 0.305664 0.025000 0.076172
2 0.810937 0.380859 0.025000 0.078125
2 0.809375 0.532227 0.025000 0.076172
2 0.808594 0.456055 0.026562 0.076172
2 0.808594 0.606445 0.023438 0.076172
2 0.805469 0.682617 0.023438 0.076172
2 0.800000 0.758789 0.025000 0.076172
2 0.797656 0.835938 0.026562 0.078125
2 0.796875 0.912109 0.025000 0.074219
2 0.794531 0.973633 0.023438 0.052734
