2 0.177344 0.195312 0.057813 0.035156
2 0.238281 0.197266 0.060937 0.035156
2 0.780469 0.198242 0.064062 0.033203
2 0.839063 0.202148 0.059375 0.037109
2 0.298438 0.202148 0.059375 0.033203
0 0.358594 0.206055 0.060937 0.033203
0 0.899219 0.208984 0.064062 0.035156
2 0.957812 0.208984 0.062500 0.035156
0 0.478125 0.212891 0.059375 0.031250
2 0.418750 0.209961 0.059375 0.033203
2 0.689844 0.020508 0.057813 0.037109
2 0.539062 0.215820 0.059375 0.033203
2 0.598437 0.220703 0.059375 0.035156
1 0.658594 0.222656 0.060937 0.035156
2 0.718750 0.226562 0.062500 0.031250
1 0.776563 0.232422 0.059375 0.031250
2 0.836719 0.235352 0.060937 0.029297
2 0.895312 0.242188 0.059375 0.031250
0 0.955469 0.244141 0.057813 0.035156
2 0.750000 0.026367 0.059375 0.037109
2 0.807813 0.032227 0.059375 0.037109
2 0.071875 0.322266 0.059375 0.035156
2 0.131250 0.323242 0.059375 0.033203
2 0.192188 0.328125 0.059375 0.035156
2 0.252344 0.330078 0.060937 0.039062
2 0.312500 0.333984 0.059375 0.039062
2 0.374219 0.338867 0.060937 0.037109
2 0.434375 0.343750 0.059375 0.039062
2 0.495312 0.346680 0.062500 0.041016
2 0.557031 0.351562 0.060937 0.039062
2 0.617969 0.354492 0.060937 0.037109
2 0.073438 0.356445 0.059375 0.033203
2 0.133594 0.357422 0.060937 0.035156
2 0.678125 0.358398 0.059375 0.037109
2 0.739062 0.362305 0.062500 0.037109
2 0.192188 0.363281 0.059375 0.035156
2 0.251563 0.366211 0.059375 0.035156
2 0.797656 0.367188 0.057813 0.039062
2 0.858594 0.370117 0.060937 0.037109
1 0.867969 0.039062 0.057813 0.039062
2 0.311719 0.372070 0.060937 0.033203
2 0.919531 0.375977 0.057813 0.041016
2 0.372656 0.374023 0.060937 0.033203
2 0.433594 0.377930 0.060937 0.033203
2 0.972656 0.378906 0.051562 0.039062
2 0.494531 0.384766 0.060937 0.031250
2 0.556250 0.387695 0.062500 0.033203
2 0.075781 0.390625 0.057813 0.035156
2 0.925781 0.040039 0.060937 0.037109
2 0.616406 0.389648 0.060937 0.033203
2 0.134375 0.393555 0.059375 0.037109
2 0.676562 0.394531 0.059375 0.035156
1 0.193750 0.397461 0.059375 0.033203
2 0.735938 0.397461 0.059375 0.033203
1 0.252344 0.400391 0.060937 0.035156
1 0.796094 0.402344 0.060937 0.035156
2 0.311719 0.405273 0.060937 0.033203
2 0.857031 0.405273 0.060937 0.033203
2 0.372656 0.409180 0.060937 0.037109
2 0.914062 0.411133 0.059375 0.033203
1 0.432812 0.414062 0.059375 0.035156
2 0.971094 0.414062 0.057813 0.035156
2 0.493750 0.418945 0.062500 0.033203
2 0.553125 0.420898 0.059375 0.033203
2 0.614844 0.423828 0.060937 0.031250
2 0.673438 0.427734 0.059375 0.035156
2 0.733594 0.430664 0.060937 0.033203
2 0.793750 0.436523 0.059375 0.033203
2 0.852344 0.439453 0.060937 0.035156
2 0.910937 0.444336 0.059375 0.037109
2 0.967969 0.448242 0.060937 0.037109
2 0.036719 0.522461 0.060937 0.033203
2 0.095312 0.525391 0.059375 0.031250
2 0.156250 0.530273 0.062500 0.033203
2 0.216406 0.537109 0.060937 0.035156
2 0.275000 0.539062 0.059375 0.035156
2 0.336719 0.543945 0.060937 0.037109
2 0.397656 0.546875 0.060937 0.039062
2 0.038281 0.553711 0.060937 0.029297
2 0.460156 0.554688 0.060937 0.035156
2 0.521094 0.556641 0.060937 0.035156
2 0.096094 0.557617 0.060937 0.033203
2 0.582031 0.559570 0.060937 0.037109
2 0.642969 0.562500 0.060937 0.035156
2 0.157031 0.564453 0.060937 0.035156
0 0.703906 0.566406 0.060937 0.035156
1 0.764062 0.570312 0.059375 0.035156
2 0.217188 0.574219 0.059375 0.035156
2 0.824219 0.573242 0.064062 0.037109
2 0.277344 0.575195 0.060937 0.033203
2 0.885156 0.576172 0.057813 0.035156
2 0.336719 0.577148 0.060937 0.029297
2 0.942969 0.582031 0.057813 0.035156
2 0.397656 0.581055 0.060937 0.029297
2 0.458594 0.585938 0.060937 0.027344
2 0.039844 0.587891 0.060937 0.039062
0 0.519531 0.589844 0.060937 0.035156
2 0.098437 0.592773 0.059375 0.037109
2 0.580469 0.593750 0.060937 0.035156
2 0.640625 0.597656 0.062500 0.035156
2 0.702344 0.599609 0.060937 0.035156
2 0.158594 0.598633 0.060937 0.033203
2 0.760938 0.603516 0.059375 0.035156
1 0.275781 0.605469 0.060937 0.031250
0 0.217969 0.605469 0.057813 0.031250
2 0.820312 0.609375 0.059375 0.035156
2 0.336719 0.609375 0.060937 0.035156
2 0.879687 0.611328 0.059375 0.035156
0 0.396875 0.615234 0.059375 0.035156
2 0.938281 0.615234 0.060937 0.035156
0 0.458594 0.620117 0.060937 0.037109
2 0.517188 0.623047 0.059375 0.035156
2 0.577344 0.625000 0.060937 0.035156
2 0.638281 0.628906 0.060937 0.031250
0 0.697656 0.632812 0.060937 0.035156
2 0.758594 0.637695 0.057813 0.033203
2 0.815625 0.640625 0.059375 0.031250
1 0.875000 0.644531 0.059375 0.035156
0 0.933594 0.648438 0.060937 0.031250
2 0.060156 0.729492 0.060937 0.033203
2 0.178906 0.738281 0.060937 0.031250
2 0.119531 0.733398 0.057813 0.033203
2 0.239844 0.744141 0.060937 0.031250
2 0.300000 0.746094 0.059375 0.035156
2 0.360156 0.748047 0.060937 0.035156
2 0.421094 0.751953 0.060937 0.035156
2 0.481250 0.756836 0.059375 0.037109
2 0.541406 0.760742 0.060937 0.033203
2 0.061719 0.761719 0.060937 0.031250
2 0.602344 0.763672 0.060937 0.035156
2 0.119531 0.764648 0.060937 0.029297
2 0.180469 0.769531 0.060937 0.031250
2 0.663281 0.769531 0.060937 0.031250
2 0.725000 0.771484 0.059375 0.031250
2 0.240625 0.774414 0.059375 0.029297
2 0.783594 0.777344 0.060937 0.035156
2 0.300000 0.776367 0.059375 0.029297
2 0.846875 0.778320 0.065625 0.033203
2 0.904687 0.780273 0.059375 0.033203
2 0.360156 0.781250 0.060937 0.031250
2 0.421094 0.786133 0.060937 0.033203
2 0.964063 0.787109 0.062500 0.035156
0 0.064844 0.790039 0.060937 0.033203
0 0.479687 0.791016 0.059375 0.031250
2 0.540625 0.792969 0.062500 0.031250
2 0.122656 0.794922 0.060937 0.031250
2 0.601562 0.796875 0.062500 0.031250
2 0.182812 0.799805 0.059375 0.033203
2 0.663281 0.799805 0.060937 0.029297
2 0.721094 0.802734 0.060937 0.031250
2 0.241406 0.804688 0.057813 0.031250
2 0.782031 0.806641 0.060937 0.027344
2 0.300000 0.806641 0.059375 0.031250
2 0.840625 0.808594 0.062500 0.031250
2 0.899219 0.812500 0.057813 0.031250
2 0.360156 0.814453 0.060937 0.031250
2 0.957031 0.816406 0.060937 0.031250
2 0.421094 0.818359 0.060937 0.031250
0 0.479687 0.821289 0.059375 0.029297
2 0.539062 0.824219 0.059375 0.031250
2 0.598437 0.826172 0.062500 0.027344
2 0.658594 0.831055 0.060937 0.029297
0 0.717969 0.834961 0.060937 0.029297
0 0.777344 0.835938 0.060937 0.031250
2 0.835156 0.836914 0.064062 0.033203
2 0.895312 0.841797 0.059375 0.031250
1 0.953906 0.846680 0.064062 0.031250
2 0.028906 0.935547 0.057813 0.031250
2 0.085156 0.938477 0.060937 0.033203
2 0.144531 0.943359 0.060937 0.035156
2 0.205469 0.947266 0.060937 0.035156
2 0.266406 0.950195 0.060937 0.033203
2 0.325000 0.956055 0.059375 0.037109
2 0.384375 0.962891 0.059375 0.035156
2 0.446094 0.966797 0.060937 0.039062
2 0.029687 0.969727 0.059375 0.037109
2 0.505469 0.968750 0.060937 0.039062
2 0.566406 0.969727 0.060937 0.033203
2 0.085938 0.972656 0.059375 0.035156
2 0.627344 0.973633 0.064062 0.033203
2 0.686719 0.975586 0.064062 0.033203
2 0.146875 0.977539 0.059375 0.033203
2 0.205469 0.981445 0.060937 0.033203
2 0.747656 0.982422 0.064062 0.035156
2 0.806250 0.982422 0.062500 0.035156
2 0.264844 0.984375 0.060937 0.031250
2 0.866406 0.985352 0.067187 0.029297
2 0.925781 0.985352 0.064062 0.029297
2 0.057813 0.116211 0.059375 0.041016
2 0.117969 0.121094 0.060937 0.039062
2 0.176563 0.121094 0.059375 0.039062
2 0.238281 0.125000 0.060937 0.035156
2 0.297656 0.131836 0.060937 0.037109
2 0.358594 0.134766 0.060937 0.039062
0 0.419531 0.137695 0.060937 0.041016
2 0.479687 0.141602 0.059375 0.037109
2 0.542188 0.142578 0.062500 0.039062
2 0.602344 0.147461 0.060937 0.041016
2 0.663281 0.154297 0.057813 0.039062
2 0.058594 0.155273 0.060937 0.037109
2 0.571094 0.016602 0.057813 0.033203
2 0.118750 0.157227 0.059375 0.033203
2 0.723437 0.158203 0.062500 0.039062
2 0.176563 0.160156 0.059375 0.035156
2 0.238281 0.161133 0.060937 0.037109
2 0.783594 0.165039 0.057813 0.037109
2 0.842969 0.167969 0.060937 0.035156
2 0.296875 0.166992 0.059375 0.037109
0 0.357031 0.171875 0.060937 0.035156
2 0.903125 0.172852 0.062500 0.037109
2 0.962500 0.173828 0.062500 0.035156
0 0.417969 0.174805 0.060937 0.033203
2 0.632031 0.020508 0.057813 0.037109
2 0.479687 0.177734 0.059375 0.039062
2 0.539062 0.180664 0.062500 0.037109
2 0.600781 0.185547 0.060937 0.035156
2 0.660937 0.187500 0.059375 0.035156
2 0.060156 0.188477 0.060937 0.037109
2 0.120313 0.191406 0.059375 0.035156
0 0.721094 0.194336 0.060937 0.033203
