2 0.582812 0.509766 0.059375 0.031250
2 0.161719 0.508789 0.060937 0.033203
1 0.643750 0.505859 0.062500 0.035156
0 0.309375 0.297852 0.059375 0.029297
2 0.250000 0.301758 0.059375 0.025391
2 0.368750 0.294922 0.059375 0.027344
2 0.427344 0.291016 0.060937 0.031250
2 0.487500 0.284180 0.059375 0.029297
2 0.702344 0.504883 0.060937 0.037109
2 0.429688 0.350586 0.062500 0.029297
0 0.189844 0.305664 0.060937 0.029297
2 0.429688 0.321289 0.062500 0.029297
1 0.020313 0.317383 0.040625 0.029297
1 0.132031 0.310547 0.057813 0.031250
2 0.489063 0.317383 0.062500 0.033203
2 0.070312 0.313477 0.059375 0.029297
2 0.492969 0.347656 0.060937 0.031250
0 0.249219 0.332031 0.060937 0.031250
2 0.309375 0.324219 0.059375 0.023438
2 0.369531 0.323242 0.060937 0.029297
2 0.020313 0.344727 0.040625 0.025391
2 0.189062 0.336914 0.059375 0.033203
0 0.069531 0.341797 0.060937 0.027344
2 0.129688 0.340820 0.059375 0.029297
1 0.221875 0.502930 0.059375 0.037109
2 0.019531 0.375977 0.039062 0.037109
2 0.309375 0.356445 0.059375 0.041016
2 0.370312 0.354492 0.062500 0.033203
2 0.067969 0.374023 0.060937 0.033203
2 0.249219 0.364258 0.060937 0.033203
2 0.129688 0.373047 0.059375 0.031250
2 0.189062 0.369141 0.059375 0.031250
2 0.282031 0.500000 0.060937 0.035156
2 0.580469 0.476562 0.057813 0.031250
2 0.639062 0.474609 0.062500 0.027344
2 0.699219 0.471680 0.060937 0.029297
2 0.342969 0.494141 0.060937 0.031250
0 0.521094 0.480469 0.060937 0.031250
2 0.401562 0.492188 0.059375 0.031250
2 0.462500 0.487305 0.059375 0.033203
2 0.206250 0.162109 0.059375 0.035156
2 0.265625 0.160156 0.059375 0.035156
2 0.523438 0.511719 0.059375 0.031250
2 0.085938 0.172852 0.059375 0.033203
2 0.027344 0.173828 0.054688 0.035156
2 0.145313 0.166992 0.059375 0.033203
2 0.562500 0.110352 0.056250 0.025391
2 0.028125 0.144531 0.056250 0.027344
2 0.443750 0.118164 0.059375 0.025391
0 0.161719 0.574219 0.060937 0.039062
0 0.343750 0.564453 0.062500 0.035156
2 0.222656 0.573242 0.060937 0.033203
2 0.101562 0.546875 0.059375 0.035156
2 0.283594 0.569336 0.060937 0.033203
2 0.523438 0.546875 0.062500 0.035156
2 0.463281 0.520508 0.060937 0.029297
2 0.042969 0.518555 0.057813 0.033203
2 0.103125 0.512695 0.059375 0.033203
2 0.585156 0.543945 0.060937 0.037109
2 0.282031 0.535156 0.060937 0.035156
1 0.342187 0.528320 0.062500 0.037109
2 0.403906 0.525391 0.060937 0.035156
2 0.646094 0.539062 0.060937 0.035156
2 0.222656 0.538086 0.060937 0.033203
2 0.706250 0.540039 0.062500 0.033203
2 0.161719 0.538086 0.060937 0.033203
2 0.405469 0.558594 0.060937 0.031250
2 0.042969 0.550781 0.057813 0.035156
2 0.464062 0.552734 0.059375 0.035156
2 0.102344 0.581055 0.060937 0.033203
2 0.042188 0.584961 0.059375 0.033203
0 0.344531 0.700195 0.057813 0.037109
2 0.086719 0.141602 0.060937 0.029297
2 0.565625 0.140625 0.059375 0.035156
1 0.146875 0.136719 0.059375 0.027344
2 0.285156 0.705078 0.060937 0.031250
2 0.206250 0.133789 0.059375 0.025391
2 0.265625 0.129883 0.059375 0.025391
2 0.503906 0.115234 0.060937 0.031250
2 0.087500 0.111328 0.059375 0.031250
2 0.325000 0.123047 0.059375 0.023438
2 0.028906 0.117188 0.057813 0.027344
2 0.384375 0.121094 0.059375 0.023438
2 0.385156 0.150391 0.060937 0.035156
2 0.446094 0.147461 0.060937 0.033203
2 0.506250 0.144531 0.059375 0.031250
2 0.325000 0.153320 0.059375 0.037109
2 0.146094 0.107422 0.057813 0.031250
2 0.204687 0.104492 0.059375 0.033203
2 0.264062 0.099609 0.059375 0.035156
2 0.323437 0.095703 0.059375 0.031250
2 0.442969 0.089844 0.057813 0.031250
2 0.285156 0.739258 0.060937 0.033203
2 0.345313 0.736328 0.059375 0.039062
0 0.047656 0.721680 0.057813 0.029297
2 0.225000 0.708008 0.059375 0.033203
0 0.106250 0.717773 0.059375 0.029297
0 0.165625 0.711914 0.059375 0.033203
2 0.225000 0.779297 0.059375 0.035156
0 0.165625 0.749023 0.059375 0.037109
2 0.225000 0.742188 0.059375 0.035156
2 0.285938 0.774414 0.062500 0.037109
2 0.105469 0.751953 0.060937 0.035156
2 0.346875 0.772461 0.059375 0.033203
2 0.045312 0.752930 0.059375 0.033203
2 0.045312 0.787109 0.059375 0.035156
2 0.105469 0.786133 0.060937 0.033203
2 0.165625 0.784180 0.059375 0.033203
2 0.560156 0.082031 0.057813 0.031250
2 0.382812 0.091797 0.059375 0.031250
0 0.501563 0.085938 0.059375 0.031250
