1 0.258594 0.025391 0.026562 0.050781
2 0.259375 0.086914 0.025000 0.076172
2 0.267188 0.159180 0.028125 0.072266
2 0.269531 0.233398 0.026562 0.076172
3 0.117188 0.503906 0.025000 0.074219
2 0.271875 0.307617 0.028125 0.076172
2 0.275000 0.384766 0.025000 0.078125
2 0.278906 0.459961 0.026562 0.076172
1 0.282031 0.534180 0.029687 0.076172
2 0.282813 0.023438 0.025000 0.046875
0 0.285156 0.082031 0.029687 0.078125
2 0.120313 0.008789 0.021875 0.017578
3 0.120313 0.579102 0.025000 0.076172
2 0.292969 0.154297 0.026562 0.078125
2 0.295312 0.228516 0.025000 0.078125
2 0.298438 0.301758 0.028125 0.076172
2 0.300781 0.378906 0.026562 0.078125
3 0.304688 0.456055 0.028125 0.076172
1 0.306250 0.532227 0.025000 0.076172
2 0.309375 0.020508 0.028125 0.041016
2 0.314063 0.075195 0.028125 0.076172
2 0.317969 0.150391 0.023438 0.078125
2 0.122656 0.053711 0.023438 0.072266
2 0.319531 0.224609 0.026562 0.078125
2 0.324219 0.298828 0.026562 0.078125
2 0.329688 0.376953 0.028125 0.082031
3 0.332031 0.453125 0.026562 0.078125
3 0.332031 0.531250 0.029687 0.078125
2 0.124219 0.655273 0.026562 0.076172
2 0.126562 0.124023 0.021875 0.072266
2 0.127344 0.201172 0.020313 0.078125
2 0.127344 0.730469 0.029687 0.074219
3 0.132031 0.805664 0.026562 0.076172
2 0.132812 0.275391 0.025000 0.074219
2 0.417187 0.021484 0.021875 0.042969
2 0.421094 0.077148 0.026562 0.076172
2 0.423438 0.151367 0.028125 0.076172
3 0.133594 0.350586 0.026562 0.076172
2 0.429688 0.226562 0.025000 0.074219
2 0.432031 0.301758 0.026562 0.080078
2 0.437500 0.376953 0.025000 0.082031
2 0.440625 0.455078 0.025000 0.078125
3 0.441406 0.529297 0.023438 0.074219
2 0.442969 0.019531 0.026562 0.039062
2 0.445312 0.073242 0.025000 0.080078
2 0.449219 0.147461 0.023438 0.080078
2 0.453906 0.220703 0.023438 0.078125
2 0.457813 0.297852 0.025000 0.080078
2 0.462500 0.375000 0.025000 0.078125
3 0.465625 0.450195 0.025000 0.080078
3 0.467187 0.527344 0.025000 0.074219
2 0.471094 0.016602 0.029687 0.033203
2 0.472656 0.066406 0.029687 0.078125
3 0.137500 0.425781 0.025000 0.078125
2 0.475781 0.141602 0.029687 0.080078
2 0.478906 0.218750 0.026562 0.078125
2 0.484375 0.291992 0.028125 0.080078
2 0.489844 0.373047 0.026562 0.078125
3 0.492969 0.450195 0.026562 0.080078
3 0.496094 0.527344 0.029687 0.074219
3 0.141406 0.500977 0.026562 0.076172
2 0.144531 0.577148 0.026562 0.076172
2 0.146094 0.047852 0.026562 0.072266
2 0.579688 0.007812 0.028125 0.015625
2 0.583594 0.050781 0.029687 0.078125
2 0.148438 0.654297 0.025000 0.078125
0 0.587500 0.125000 0.025000 0.078125
2 0.590625 0.200195 0.028125 0.076172
2 0.597656 0.274414 0.026562 0.076172
2 0.597656 0.348633 0.029687 0.076172
2 0.150781 0.122070 0.026562 0.076172
2 0.151562 0.198242 0.028125 0.072266
3 0.603906 0.423828 0.029687 0.074219
3 0.607031 0.500000 0.026562 0.078125
2 0.611719 0.045898 0.026562 0.080078
3 0.611719 0.577148 0.026562 0.076172
0 0.614062 0.122070 0.028125 0.080078
2 0.617969 0.197266 0.026562 0.074219
2 0.623437 0.271484 0.028125 0.085938
2 0.626563 0.345703 0.028125 0.082031
3 0.152344 0.730469 0.023438 0.078125
3 0.632031 0.420898 0.026562 0.076172
3 0.635156 0.498047 0.029687 0.078125
3 0.638281 0.577148 0.026562 0.080078
2 0.640625 0.041016 0.028125 0.082031
2 0.642969 0.113281 0.029687 0.082031
2 0.646875 0.189453 0.028125 0.082031
2 0.652344 0.267578 0.029687 0.082031
3 0.656250 0.342773 0.028125 0.080078
2 0.660156 0.419922 0.029687 0.078125
3 0.155469 0.807617 0.023438 0.076172
2 0.157031 0.271484 0.026562 0.078125
3 0.663281 0.497070 0.026562 0.076172
3 0.665625 0.575195 0.028125 0.080078
2 0.159375 0.347656 0.025000 0.078125
2 0.164844 0.500977 0.026562 0.072266
2 0.164062 0.422852 0.025000 0.076172
2 0.743750 0.032227 0.031250 0.064453
2 0.749219 0.100586 0.029687 0.072266
4 0.753125 0.174805 0.031250 0.076172
2 0.760156 0.250977 0.029687 0.072266
2 0.764062 0.325195 0.031250 0.076172
3 0.767188 0.401367 0.031250 0.076172
2 0.772656 0.030273 0.026562 0.060547
3 0.772656 0.476562 0.029687 0.082031
3 0.776563 0.555664 0.028125 0.076172
2 0.776563 0.096680 0.025000 0.072266
3 0.777344 0.627930 0.029687 0.076172
2 0.782031 0.170898 0.029687 0.076172
2 0.786719 0.246094 0.029687 0.074219
2 0.169531 0.576172 0.023438 0.078125
2 0.792969 0.320312 0.026562 0.074219
2 0.796094 0.396484 0.029687 0.078125
2 0.798438 0.027344 0.034375 0.054688
3 0.803125 0.475586 0.028125 0.080078
3 0.804688 0.550781 0.028125 0.074219
3 0.807031 0.625977 0.029687 0.080078
2 0.807031 0.090820 0.032813 0.072266
2 0.811719 0.165039 0.029687 0.076172
2 0.818750 0.243164 0.034375 0.076172
2 0.822656 0.317383 0.029687 0.076172
2 0.828125 0.395508 0.031250 0.076172
2 0.832031 0.472656 0.029687 0.078125
2 0.833594 0.546875 0.029687 0.074219
3 0.175000 0.650391 0.025000 0.078125
3 0.836719 0.625000 0.032813 0.078125
3 0.177344 0.730469 0.023438 0.078125
3 0.180469 0.806641 0.026562 0.074219
0 0.111719 0.352539 0.023438 0.076172
3 0.112500 0.428711 0.025000 0.076172
