2 0.917188 0.577148 0.059375 0.033203
2 0.953906 0.775391 0.060937 0.031250
2 0.796875 0.582031 0.059375 0.035156
2 0.892969 0.777344 0.060937 0.031250
2 0.914844 0.639648 0.057813 0.033203
2 0.969531 0.605469 0.051562 0.031250
2 0.855469 0.644531 0.057813 0.031250
2 0.914844 0.611328 0.057813 0.031250
2 0.968750 0.637695 0.050000 0.033203
2 0.856250 0.613281 0.059375 0.031250
2 0.890625 0.838867 0.059375 0.033203
2 0.830469 0.844727 0.057813 0.033203
2 0.971094 0.574219 0.051562 0.031250
2 0.867188 0.984375 0.059375 0.031250
0 0.807813 0.986328 0.059375 0.027344
2 0.977344 0.982422 0.045312 0.035156
2 0.925000 0.982422 0.056250 0.035156
2 0.950000 0.835938 0.059375 0.031250
2 0.832812 0.812500 0.056250 0.031250
2 0.950781 0.805664 0.060937 0.031250
2 0.857031 0.580078 0.060937 0.031250
2 0.833594 0.782227 0.057813 0.029297
2 0.796875 0.615234 0.059375 0.031250
2 0.891406 0.807617 0.060937 0.029297
2 0.797656 0.647461 0.057813 0.033203
