2 0.265625 0.399414 0.059375 0.033203
2 0.325000 0.401367 0.059375 0.033203
2 0.385937 0.405273 0.059375 0.037109
2 0.029687 0.423828 0.056250 0.031250
2 0.089063 0.426758 0.059375 0.033203
2 0.148438 0.427734 0.059375 0.031250
2 0.205469 0.430664 0.057813 0.033203
2 0.265625 0.432617 0.059375 0.033203
2 0.325781 0.435547 0.060937 0.035156
2 0.386719 0.440430 0.060937 0.029297
2 0.033594 0.457031 0.057813 0.035156
2 0.089844 0.459961 0.057813 0.033203
2 0.148438 0.461914 0.059375 0.037109
2 0.207031 0.464844 0.057813 0.035156
2 0.267188 0.466797 0.059375 0.035156
2 0.326562 0.468750 0.059375 0.035156
2 0.384375 0.471680 0.059375 0.037109
1 0.047656 0.059570 0.057813 0.037109
2 0.052344 0.595703 0.057813 0.031250
2 0.171094 0.599609 0.057813 0.039062
2 0.110937 0.600586 0.059375 0.037109
2 0.232031 0.604492 0.060937 0.041016
2 0.104688 0.061523 0.059375 0.037109
2 0.292187 0.608398 0.059375 0.044922
0 0.352344 0.610352 0.060937 0.041016
2 0.411719 0.615234 0.060937 0.039062
2 0.471875 0.616211 0.059375 0.037109
0 0.534375 0.618164 0.059375 0.033203
2 0.595313 0.619141 0.059375 0.035156
2 0.654687 0.622070 0.059375 0.037109
2 0.163281 0.063477 0.057813 0.033203
2 0.221875 0.064453 0.059375 0.035156
2 0.715625 0.625000 0.062500 0.035156
2 0.056250 0.626953 0.059375 0.031250
2 0.775781 0.628906 0.060937 0.035156
2 0.114062 0.629883 0.059375 0.033203
2 0.835938 0.630859 0.062500 0.035156
2 0.894531 0.632812 0.060937 0.035156
2 0.173437 0.633789 0.059375 0.029297
2 0.232031 0.640625 0.057813 0.031250
2 0.292187 0.643555 0.059375 0.029297
2 0.281250 0.065430 0.059375 0.037109
2 0.412500 0.645508 0.059375 0.029297
2 0.351562 0.645508 0.059375 0.029297
2 0.472656 0.648438 0.060937 0.031250
2 0.532031 0.649414 0.060937 0.033203
2 0.592969 0.652344 0.060937 0.031250
0 0.653125 0.656250 0.062500 0.035156
1 0.057031 0.657227 0.060937 0.037109
2 0.712500 0.657227 0.062500 0.029297
0 0.115625 0.660156 0.059375 0.035156
2 0.773438 0.663086 0.062500 0.033203
2 0.173437 0.663086 0.059375 0.033203
2 0.831250 0.663086 0.062500 0.033203
2 0.892188 0.664062 0.062500 0.031250
2 0.232813 0.667969 0.059375 0.035156
2 0.291406 0.671875 0.057813 0.031250
0 0.352344 0.674805 0.057813 0.033203
2 0.412500 0.676758 0.059375 0.033203
2 0.471094 0.679688 0.060937 0.035156
2 0.532031 0.679688 0.060937 0.035156
0 0.339844 0.068359 0.057813 0.039062
0 0.590625 0.684570 0.059375 0.033203
1 0.651563 0.687500 0.062500 0.031250
2 0.710156 0.688477 0.060937 0.033203
2 0.248438 0.196289 0.059375 0.037109
2 0.307812 0.199219 0.059375 0.035156
0 0.072656 0.225586 0.057813 0.033203
2 0.131250 0.225586 0.059375 0.033203
2 0.189844 0.230469 0.057813 0.035156
2 0.248438 0.231445 0.059375 0.033203
2 0.309375 0.233398 0.059375 0.033203
2 0.045312 0.023438 0.059375 0.035156
2 0.104688 0.025391 0.059375 0.035156
2 0.074219 0.257812 0.057813 0.031250
0 0.132031 0.260742 0.057813 0.033203
2 0.190625 0.263672 0.059375 0.035156
2 0.250000 0.265625 0.059375 0.035156
2 0.309375 0.267578 0.059375 0.035156
0 0.162500 0.027344 0.059375 0.035156
2 0.281250 0.029297 0.059375 0.035156
2 0.221875 0.029297 0.059375 0.035156
2 0.341406 0.030273 0.057813 0.037109
2 0.399219 0.035156 0.057813 0.039062
2 0.426563 0.346680 0.003125 0.009766
1 0.459375 0.036133 0.059375 0.041016
2 0.520312 0.037109 0.059375 0.039062
2 0.028906 0.390625 0.057813 0.035156
2 0.087500 0.391602 0.059375 0.033203
2 0.146094 0.394531 0.057813 0.035156
2 0.205469 0.397461 0.060937 0.033203
2 0.771094 0.692383 0.060937 0.029297
2 0.828906 0.695312 0.060937 0.031250
2 0.886719 0.696289 0.057813 0.033203
2 0.399219 0.073242 0.057813 0.037109
2 0.458594 0.076172 0.057813 0.035156
2 0.518750 0.076172 0.059375 0.035156
2 0.078125 0.797852 0.059375 0.033203
2 0.137500 0.798828 0.059375 0.037109
2 0.195312 0.801758 0.059375 0.033203
2 0.256250 0.805664 0.059375 0.033203
2 0.315625 0.808594 0.059375 0.031250
2 0.376563 0.813477 0.059375 0.037109
2 0.436719 0.815430 0.060937 0.033203
2 0.497656 0.816406 0.060937 0.031250
2 0.558594 0.819336 0.060937 0.033203
2 0.617969 0.823242 0.060937 0.033203
2 0.678906 0.824219 0.060937 0.031250
2 0.080469 0.827148 0.057813 0.029297
2 0.738281 0.828125 0.060937 0.031250
2 0.137500 0.829102 0.059375 0.029297
2 0.799219 0.831055 0.060937 0.033203
2 0.857031 0.833008 0.060937 0.033203
2 0.197656 0.833008 0.060937 0.029297
2 0.257812 0.837891 0.059375 0.031250
2 0.317188 0.838867 0.059375 0.029297
2 0.376563 0.842773 0.059375 0.029297
2 0.436719 0.845703 0.060937 0.031250
2 0.496875 0.847656 0.059375 0.031250
2 0.557031 0.850586 0.060937 0.029297
2 0.617969 0.854492 0.060937 0.029297
2 0.676562 0.854492 0.062500 0.029297
2 0.081250 0.854492 0.056250 0.029297
2 0.735938 0.858398 0.059375 0.029297
2 0.140625 0.858398 0.059375 0.033203
2 0.796094 0.861328 0.060937 0.027344
2 0.853125 0.861328 0.059375 0.027344
2 0.199219 0.863281 0.057813 0.031250
2 0.259375 0.864258 0.059375 0.029297
2 0.317188 0.869141 0.059375 0.031250
2 0.376563 0.873047 0.059375 0.031250
2 0.436719 0.876953 0.060937 0.031250
2 0.496875 0.876953 0.059375 0.031250
2 0.555469 0.880859 0.060937 0.031250
2 0.616406 0.883789 0.060937 0.033203
2 0.675000 0.885742 0.059375 0.033203
2 0.734375 0.886719 0.059375 0.031250
2 0.791406 0.888672 0.060937 0.031250
2 0.850000 0.890625 0.056250 0.027344
2 0.071094 0.189453 0.057813 0.035156
2 0.129688 0.191406 0.059375 0.035156
2 0.189062 0.193359 0.059375 0.035156
