2 0.085156 0.639648 0.057813 0.033203
2 0.031250 0.637695 0.050000 0.033203
2 0.143750 0.613281 0.059375 0.033203
2 0.203125 0.615234 0.059375 0.031250
2 0.202344 0.647461 0.057813 0.033203
2 0.046094 0.775391 0.060937 0.031250
2 0.107031 0.777344 0.060937 0.031250
2 0.166406 0.782227 0.057813 0.029297
2 0.144531 0.644531 0.057813 0.031250
2 0.085156 0.611328 0.057813 0.031250
2 0.082812 0.577148 0.059375 0.033203
2 0.142969 0.580078 0.060937 0.031250
2 0.203125 0.582031 0.059375 0.035156
2 0.030469 0.605469 0.051562 0.031250
0 0.192188 0.986328 0.059375 0.027344
2 0.028906 0.574219 0.051562 0.031250
2 0.132812 0.984375 0.059375 0.031250
2 0.109375 0.838867 0.059375 0.033203
2 0.169531 0.844727 0.057813 0.033203
2 0.108594 0.807617 0.060937 0.029297
2 0.167187 0.812500 0.056250 0.031250
2 0.022656 0.982422 0.045312 0.035156
2 0.075000 0.982422 0.056250 0.035156
2 0.050000 0.835938 0.059375 0.031250
2 0.049219 0.804688 0.060937 0.031250
