2 0.252344 0.332031 0.060937 0.035156
2 0.192188 0.334961 0.059375 0.033203
2 0.133594 0.336914 0.060937 0.033203
2 0.071875 0.340820 0.059375 0.033203
0 0.554688 0.353516 0.059375 0.031250
2 0.494531 0.355469 0.060937 0.031250
2 0.433594 0.357422 0.060937 0.031250
2 0.373437 0.360352 0.059375 0.033203
2 0.311719 0.362305 0.060937 0.033203
2 0.252344 0.364258 0.060937 0.033203
2 0.192188 0.368164 0.059375 0.033203
2 0.131250 0.368164 0.059375 0.033203
2 0.071094 0.374023 0.060937 0.033203
2 0.524219 0.496094 0.057813 0.035156
2 0.465625 0.497070 0.059375 0.033203
2 0.405469 0.501953 0.060937 0.035156
2 0.345313 0.503906 0.059375 0.035156
2 0.285938 0.505859 0.059375 0.035156
2 0.225781 0.509766 0.060937 0.035156
2 0.165625 0.509766 0.059375 0.035156
2 0.107813 0.513672 0.059375 0.035156
2 0.046875 0.515625 0.059375 0.035156
2 0.527344 0.528320 0.057813 0.033203
2 0.467187 0.530273 0.059375 0.033203
2 0.407813 0.533203 0.059375 0.035156
2 0.346094 0.537109 0.060937 0.035156
2 0.285938 0.540039 0.059375 0.033203
2 0.225781 0.541016 0.060937 0.035156
2 0.165625 0.543945 0.059375 0.033203
2 0.106250 0.546875 0.059375 0.035156
2 0.045312 0.548828 0.059375 0.035156
2 0.527344 0.563477 0.060937 0.037109
2 0.467969 0.563477 0.060937 0.033203
2 0.407031 0.566406 0.060937 0.035156
2 0.346094 0.570312 0.060937 0.035156
2 0.285156 0.572266 0.060937 0.035156
2 0.224219 0.575195 0.060937 0.033203
2 0.165625 0.577148 0.059375 0.033203
2 0.103906 0.581055 0.060937 0.033203
2 0.044531 0.583008 0.060937 0.037109
2 0.560156 0.693359 0.057813 0.035156
2 0.500781 0.696289 0.060937 0.037109
2 0.441406 0.700195 0.060937 0.037109
2 0.380469 0.702148 0.060937 0.037109
1 0.321875 0.703125 0.059375 0.035156
0 0.260937 0.708008 0.059375 0.037109
2 0.201563 0.709961 0.059375 0.037109
2 0.140625 0.710938 0.059375 0.035156
2 0.081250 0.712891 0.059375 0.035156
2 0.563281 0.728516 0.057813 0.035156
2 0.501563 0.730469 0.059375 0.035156
2 0.442188 0.734375 0.059375 0.035156
2 0.382031 0.737305 0.060937 0.037109
0 0.320312 0.737305 0.059375 0.037109
2 0.259375 0.743164 0.059375 0.037109
2 0.200781 0.745117 0.060937 0.033203
2 0.139844 0.746094 0.060937 0.035156
2 0.081250 0.750000 0.059375 0.035156
2 0.564063 0.764648 0.059375 0.037109
2 0.504687 0.765625 0.059375 0.035156
2 0.443750 0.767578 0.059375 0.035156
2 0.382031 0.770508 0.060937 0.037109
2 0.319531 0.775391 0.060937 0.035156
2 0.260156 0.777344 0.060937 0.035156
0 0.200000 0.779297 0.059375 0.035156
2 0.551562 0.290039 0.056250 0.033203
2 0.492188 0.291016 0.059375 0.035156
2 0.432812 0.294922 0.059375 0.035156
2 0.371875 0.295898 0.059375 0.033203
2 0.311719 0.297852 0.060937 0.033203
2 0.253125 0.300781 0.059375 0.035156
2 0.192188 0.303711 0.059375 0.033203
2 0.133594 0.305664 0.060937 0.033203
2 0.074219 0.309570 0.060937 0.033203
2 0.552344 0.321289 0.057813 0.033203
2 0.492969 0.323242 0.060937 0.033203
2 0.432031 0.325195 0.060937 0.033203
2 0.371875 0.329102 0.059375 0.033203
2 0.311719 0.329102 0.060937 0.033203
2 0.140625 0.781250 0.059375 0.035156
2 0.079687 0.783203 0.059375 0.035156
2 0.578906 0.091797 0.057813 0.035156
2 0.057031 0.913086 0.057813 0.037109
2 0.521094 0.094727 0.060937 0.037109
2 0.460938 0.095703 0.059375 0.035156
2 0.057031 0.952148 0.057813 0.037109
2 0.400781 0.097656 0.060937 0.035156
1 0.341406 0.097656 0.060937 0.031250
2 0.056250 0.985352 0.059375 0.029297
2 0.283594 0.101562 0.057813 0.031250
2 0.222656 0.104492 0.060937 0.033203
2 0.163281 0.107422 0.060937 0.035156
0 0.103125 0.111328 0.059375 0.031250
2 0.044531 0.114258 0.060937 0.033203
2 0.579688 0.125000 0.059375 0.031250
2 0.521094 0.125000 0.060937 0.031250
2 0.461719 0.125977 0.057813 0.033203
2 0.400781 0.129883 0.060937 0.033203
2 0.342187 0.131836 0.059375 0.037109
2 0.282813 0.130859 0.059375 0.031250
0 0.222656 0.132812 0.060937 0.031250
2 0.161719 0.137695 0.060937 0.033203
2 0.102344 0.142578 0.057813 0.031250
2 0.042969 0.145508 0.060937 0.037109
2 0.582812 0.154297 0.059375 0.035156
2 0.521875 0.155273 0.062500 0.033203
2 0.462500 0.157227 0.059375 0.037109
2 0.401562 0.158203 0.059375 0.035156
2 0.342187 0.162109 0.062500 0.035156
2 0.280469 0.163086 0.060937 0.037109
2 0.221094 0.166016 0.060937 0.035156
2 0.160938 0.169922 0.059375 0.039062
2 0.101562 0.170898 0.059375 0.033203
2 0.040625 0.176758 0.062500 0.033203
