2 0.264844 0.011719 0.026562 0.023438
1 0.264844 0.133789 0.026562 0.076172
2 0.264062 0.057617 0.028125 0.072266
2 0.267969 0.208984 0.029687 0.074219
2 0.269531 0.283203 0.029687 0.074219
2 0.290625 0.010742 0.028125 0.021484
2 0.292969 0.059570 0.029687 0.076172
2 0.294531 0.133789 0.029687 0.076172
2 0.296094 0.208984 0.029687 0.074219
2 0.298438 0.284180 0.028125 0.076172
2 0.321094 0.011719 0.029687 0.023438
2 0.322656 0.060547 0.029687 0.074219
2 0.324219 0.134766 0.029687 0.074219
2 0.325000 0.209961 0.028125 0.076172
2 0.325000 0.284180 0.028125 0.072266
2 0.428125 0.024414 0.028125 0.048828
2 0.134375 0.032227 0.028125 0.064453
1 0.430469 0.083984 0.029687 0.078125
2 0.431250 0.158203 0.028125 0.074219
2 0.135156 0.103516 0.029687 0.074219
0 0.456250 0.026367 0.028125 0.052734
2 0.458594 0.159180 0.026562 0.072266
2 0.458594 0.087891 0.026562 0.074219
2 0.138281 0.175781 0.026562 0.074219
2 0.482812 0.027344 0.025000 0.054688
2 0.484375 0.087891 0.028125 0.074219
2 0.484375 0.161133 0.028125 0.072266
2 0.139063 0.250000 0.028125 0.074219
1 0.140625 0.323242 0.031250 0.072266
2 0.142187 0.399414 0.028125 0.076172
2 0.591406 0.025391 0.026562 0.050781
2 0.595313 0.085938 0.031250 0.070312
2 0.617969 0.025391 0.026562 0.050781
0 0.622656 0.085938 0.023438 0.070312
2 0.643750 0.027344 0.025000 0.054688
2 0.646094 0.087891 0.023438 0.070312
2 0.162500 0.033203 0.031250 0.066406
2 0.164844 0.102539 0.029687 0.072266
2 0.166406 0.177734 0.029687 0.074219
0 0.167187 0.250977 0.028125 0.076172
2 0.167969 0.326172 0.026562 0.074219
0 0.171875 0.399414 0.028125 0.072266
2 0.110156 0.031250 0.020313 0.062500
2 0.110937 0.099609 0.021875 0.074219
1 0.111719 0.175781 0.023438 0.078125
2 0.112500 0.250000 0.025000 0.074219
2 0.113281 0.324219 0.026562 0.074219
2 0.114062 0.398438 0.028125 0.074219
