2 0.310156 0.300781 0.057813 0.031250
2 0.311719 0.331055 0.057813 0.037109
2 0.071094 0.378906 0.060937 0.035156
2 0.073438 0.314453 0.059375 0.031250
2 0.252344 0.301758 0.060937 0.029297
0 0.132812 0.304688 0.059375 0.027344
2 0.192188 0.302734 0.059375 0.027344
1 0.251563 0.333984 0.062500 0.035156
2 0.130469 0.336914 0.060937 0.037109
2 0.192188 0.333984 0.062500 0.031250
2 0.191406 0.369141 0.060937 0.035156
2 0.072656 0.344727 0.060937 0.033203
2 0.132031 0.371094 0.060937 0.031250
2 0.251563 0.367188 0.062500 0.035156
2 0.310937 0.364258 0.059375 0.033203
2 0.043750 0.117188 0.059375 0.031250
2 0.102344 0.113281 0.057813 0.031250
0 0.040625 0.177734 0.062500 0.035156
2 0.102344 0.143555 0.057813 0.025391
2 0.100000 0.171875 0.056250 0.031250
2 0.042188 0.145508 0.062500 0.029297
