1 0.240625 0.985352 0.062500 0.029297
2 0.179688 0.986328 0.059375 0.027344
2 0.359375 0.983398 0.059375 0.033203
2 0.300000 0.984375 0.059375 0.031250
2 0.418750 0.982422 0.059375 0.035156
0 0.419531 0.910156 0.057813 0.035156
2 0.056250 0.122070 0.056250 0.025391
2 0.050000 0.388672 0.059375 0.031250
2 0.419531 0.947266 0.060937 0.035156
1 0.358594 0.949219 0.057813 0.039062
2 0.051562 0.153320 0.056250 0.033203
2 0.113281 0.320312 0.060937 0.031250
2 0.168750 0.380859 0.056250 0.039062
2 0.110156 0.385742 0.060937 0.033203
2 0.053906 0.321289 0.057813 0.033203
2 0.053125 0.356445 0.059375 0.033203
0 0.168750 0.346680 0.056250 0.029297
2 0.110937 0.352539 0.059375 0.033203
2 0.360938 0.915039 0.059375 0.033203
2 0.123438 0.921875 0.059375 0.039062
1 0.064062 0.923828 0.059375 0.039062
0 0.300781 0.916016 0.060937 0.035156
2 0.182031 0.918945 0.057813 0.037109
2 0.242188 0.916992 0.059375 0.037109
2 0.120313 0.987305 0.059375 0.025391
0 0.062500 0.988281 0.059375 0.023438
2 0.028906 0.794922 0.057813 0.035156
2 0.088281 0.793945 0.060937 0.033203
2 0.146094 0.794922 0.057813 0.035156
2 0.049219 0.184570 0.057813 0.033203
2 0.170313 0.317383 0.056250 0.029297
2 0.300000 0.951172 0.059375 0.035156
2 0.228906 0.519531 0.057813 0.035156
2 0.326562 0.788086 0.059375 0.037109
2 0.051562 0.524414 0.059375 0.033203
2 0.170313 0.551758 0.059375 0.033203
2 0.267188 0.790039 0.059375 0.037109
1 0.207031 0.793945 0.060937 0.033203
2 0.240625 0.952148 0.059375 0.033203
2 0.227344 0.551758 0.057813 0.033203
2 0.207031 0.756836 0.060937 0.037109
2 0.147656 0.758789 0.060937 0.037109
2 0.087500 0.761719 0.059375 0.035156
2 0.029687 0.761719 0.059375 0.035156
2 0.046875 0.591797 0.062500 0.035156
2 0.089063 0.723633 0.059375 0.037109
2 0.267188 0.754883 0.059375 0.037109
2 0.030469 0.725586 0.060937 0.037109
2 0.327344 0.751953 0.060937 0.035156
2 0.063281 0.959961 0.057813 0.033203
2 0.327344 0.718750 0.057813 0.035156
2 0.148438 0.721680 0.059375 0.037109
2 0.267969 0.718750 0.060937 0.035156
2 0.207813 0.719727 0.059375 0.037109
0 0.110937 0.554688 0.062500 0.035156
0 0.049219 0.557617 0.060937 0.033203
2 0.108594 0.589844 0.060937 0.035156
2 0.182812 0.956055 0.059375 0.037109
2 0.121875 0.957031 0.059375 0.035156
2 0.226562 0.585938 0.059375 0.035156
1 0.167187 0.586914 0.062500 0.037109
2 0.170313 0.519531 0.059375 0.035156
2 0.113281 0.521484 0.060937 0.031250
