2 0.677344 0.060547 0.029687 0.074219
2 0.705469 0.133789 0.029687 0.076172
2 0.730469 0.283203 0.029687 0.074219
2 0.707031 0.059570 0.029687 0.076172
2 0.732031 0.208984 0.029687 0.074219
1 0.735156 0.133789 0.026562 0.076172
2 0.735156 0.011719 0.026562 0.023438
2 0.735938 0.057617 0.028125 0.072266
2 0.709375 0.010742 0.028125 0.021484
2 0.703906 0.208984 0.029687 0.074219
2 0.701562 0.284180 0.028125 0.076172
2 0.678906 0.011719 0.029687 0.023438
2 0.885938 0.398438 0.028125 0.074219
0 0.377344 0.085938 0.023438 0.070312
2 0.382031 0.025391 0.026562 0.050781
2 0.404687 0.085938 0.031250 0.070312
2 0.541406 0.159180 0.026562 0.072266
0 0.543750 0.026367 0.028125 0.052734
2 0.857812 0.399414 0.028125 0.076172
2 0.517188 0.027344 0.025000 0.054688
2 0.408594 0.025391 0.026562 0.050781
2 0.861719 0.175781 0.026562 0.074219
2 0.541406 0.087891 0.026562 0.074219
1 0.859375 0.323242 0.031250 0.072266
2 0.515625 0.087891 0.028125 0.074219
2 0.860938 0.250000 0.028125 0.074219
2 0.515625 0.161133 0.028125 0.072266
2 0.886719 0.324219 0.026562 0.074219
2 0.889062 0.099609 0.021875 0.074219
2 0.835156 0.102539 0.029687 0.072266
2 0.887500 0.250000 0.025000 0.074219
2 0.837500 0.033203 0.031250 0.066406
1 0.888281 0.175781 0.023438 0.078125
2 0.353906 0.087891 0.023438 0.070312
2 0.356250 0.027344 0.025000 0.054688
2 0.832031 0.326172 0.026562 0.074219
2 0.889844 0.031250 0.020313 0.062500
0 0.832812 0.250977 0.028125 0.076172
2 0.833594 0.177734 0.029687 0.074219
0 0.828125 0.399414 0.028125 0.072266
2 0.864844 0.103516 0.029687 0.074219
2 0.568750 0.158203 0.028125 0.074219
1 0.569531 0.083984 0.029687 0.078125
2 0.865625 0.032227 0.028125 0.064453
2 0.571875 0.024414 0.028125 0.048828
2 0.675000 0.284180 0.028125 0.072266
2 0.675000 0.209961 0.028125 0.076172
2 0.675781 0.134766 0.029687 0.074219
