2 0.642969 0.506836 0.060937 0.037109
2 0.967187 0.283203 0.059375 0.035156
2 0.906250 0.320312 0.059375 0.035156
2 0.788281 0.291992 0.060937 0.033203
2 0.848437 0.323242 0.059375 0.037109
2 0.849219 0.288086 0.057813 0.033203
2 0.907813 0.286133 0.059375 0.037109
2 0.964844 0.317383 0.057813 0.033203
2 0.729688 0.292969 0.062500 0.035156
2 0.610156 0.301758 0.060937 0.037109
2 0.846875 0.357422 0.059375 0.031250
2 0.729688 0.328125 0.059375 0.035156
2 0.704688 0.503906 0.059375 0.035156
2 0.788281 0.326172 0.060937 0.035156
2 0.904687 0.354492 0.056250 0.033203
2 0.669531 0.331055 0.060937 0.037109
2 0.963281 0.351562 0.057813 0.035156
2 0.669531 0.366211 0.057813 0.033203
2 0.764844 0.498047 0.060937 0.035156
2 0.727344 0.362305 0.060937 0.029297
2 0.823438 0.496094 0.059375 0.035156
2 0.610156 0.367188 0.057813 0.035156
2 0.882812 0.494141 0.059375 0.035156
1 0.810156 0.163086 0.060937 0.033203
2 0.704688 0.536133 0.059375 0.033203
0 0.584375 0.508789 0.059375 0.037109
2 0.762500 0.532227 0.059375 0.033203
2 0.938281 0.524414 0.057813 0.033203
2 0.821875 0.529297 0.059375 0.031250
0 0.868750 0.159180 0.059375 0.037109
2 0.692969 0.131836 0.057813 0.033203
2 0.584375 0.541992 0.059375 0.033203
2 0.924219 0.155273 0.057813 0.037109
2 0.633594 0.132812 0.060937 0.035156
2 0.976562 0.152344 0.046875 0.035156
2 0.692187 0.166992 0.059375 0.037109
2 0.751563 0.165039 0.059375 0.033203
2 0.632031 0.168945 0.060937 0.037109
2 0.574219 0.170898 0.057813 0.033203
2 0.609375 0.333984 0.059375 0.031250
2 0.786719 0.361328 0.060937 0.031250
2 0.574219 0.136719 0.057813 0.035156
2 0.644531 0.539062 0.060937 0.031250
2 0.880469 0.525391 0.060937 0.031250
2 0.939844 0.491211 0.057813 0.033203
2 0.670312 0.296875 0.059375 0.039062
2 0.890625 0.955078 0.056250 0.027344
2 0.950000 0.951172 0.062500 0.027344
2 0.600781 0.942383 0.060937 0.029297
2 0.853125 0.726562 0.059375 0.031250
2 0.936719 0.555664 0.057813 0.033203
0 0.914062 0.721680 0.059375 0.029297
2 0.821875 0.561523 0.059375 0.033203
2 0.972656 0.689453 0.054688 0.035156
2 0.880469 0.558594 0.057813 0.031250
2 0.762500 0.564453 0.059375 0.031250
2 0.584375 0.575195 0.059375 0.033203
2 0.643750 0.571289 0.059375 0.033203
2 0.703125 0.568359 0.059375 0.031250
2 0.970313 0.721680 0.059375 0.029297
2 0.854688 0.695312 0.059375 0.031250
2 0.795312 0.697266 0.059375 0.031250
2 0.915625 0.692383 0.059375 0.033203
2 0.736719 0.699219 0.060937 0.031250
2 0.557813 0.711914 0.059375 0.033203
2 0.616406 0.708008 0.060937 0.033203
2 0.676562 0.705078 0.059375 0.031250
2 0.657813 0.939453 0.056250 0.023438
2 0.795312 0.727539 0.059375 0.029297
2 0.970313 0.750977 0.059375 0.033203
2 0.735938 0.731445 0.059375 0.029297
0 0.928906 0.083984 0.060937 0.035156
2 0.617188 0.738281 0.059375 0.031250
2 0.558594 0.744141 0.057813 0.031250
2 0.676562 0.734375 0.059375 0.031250
2 0.979688 0.084961 0.040625 0.033203
2 0.853125 0.755859 0.059375 0.031250
1 0.793750 0.761719 0.059375 0.035156
2 0.910937 0.751953 0.059375 0.031250
2 0.735938 0.760742 0.059375 0.033203
2 0.558594 0.776367 0.057813 0.033203
2 0.617188 0.768555 0.059375 0.029297
2 0.675781 0.766602 0.060937 0.037109
2 0.811719 0.088867 0.060937 0.037109
2 0.869531 0.086914 0.057813 0.037109
2 0.717187 0.935547 0.059375 0.027344
2 0.717969 0.905273 0.060937 0.029297
2 0.777344 0.905273 0.057813 0.029297
2 0.955469 0.895508 0.060937 0.033203
2 0.835938 0.901367 0.059375 0.033203
2 0.896875 0.895508 0.059375 0.029297
2 0.775000 0.933594 0.059375 0.027344
2 0.599219 0.912109 0.057813 0.031250
2 0.753125 0.091797 0.059375 0.039062
2 0.657813 0.910156 0.059375 0.031250
2 0.692187 0.094727 0.059375 0.041016
2 0.834375 0.929688 0.059375 0.027344
2 0.893750 0.926758 0.059375 0.029297
0 0.952344 0.923828 0.060937 0.027344
0 0.810937 0.125000 0.059375 0.039062
2 0.832812 0.958984 0.059375 0.027344
2 0.632812 0.095703 0.059375 0.039062
2 0.751563 0.131836 0.059375 0.037109
2 0.869531 0.123047 0.057813 0.035156
2 0.657813 0.968750 0.059375 0.031250
2 0.717969 0.963867 0.057813 0.029297
2 0.776563 0.962891 0.059375 0.027344
2 0.926562 0.121094 0.059375 0.035156
2 0.600000 0.972656 0.056250 0.027344
2 0.978125 0.119141 0.043750 0.035156
2 0.573438 0.100586 0.059375 0.041016
