2 0.082812 0.422852 0.059375 0.033203
2 0.143750 0.386719 0.059375 0.031250
2 0.142969 0.419922 0.060937 0.031250
2 0.203125 0.384766 0.059375 0.031250
2 0.203125 0.417969 0.059375 0.035156
2 0.046094 0.224609 0.060937 0.031250
2 0.107031 0.222656 0.060937 0.031250
2 0.166406 0.217773 0.057813 0.029297
2 0.031250 0.362305 0.050000 0.033203
2 0.030469 0.394531 0.051562 0.031250
2 0.202344 0.352539 0.057813 0.033203
2 0.085156 0.388672 0.057813 0.031250
2 0.085156 0.360352 0.057813 0.033203
2 0.144531 0.355469 0.057813 0.031250
2 0.108594 0.192383 0.060937 0.029297
2 0.167187 0.187500 0.056250 0.031250
2 0.169531 0.155273 0.057813 0.033203
2 0.132812 0.015625 0.059375 0.031250
0 0.192188 0.013672 0.059375 0.027344
2 0.028906 0.425781 0.051562 0.031250
2 0.022656 0.017578 0.045312 0.035156
2 0.109375 0.161133 0.059375 0.033203
2 0.075000 0.017578 0.056250 0.035156
2 0.050000 0.164062 0.059375 0.031250
2 0.049219 0.195312 0.060937 0.031250
