2 0.853906 0.394531 0.057813 0.035156
2 0.912500 0.391602 0.059375 0.033203
2 0.794531 0.397461 0.060937 0.033203
2 0.734375 0.399414 0.059375 0.033203
2 0.675000 0.401367 0.059375 0.033203
2 0.614062 0.405273 0.059375 0.037109
2 0.970313 0.423828 0.056250 0.031250
2 0.910937 0.426758 0.059375 0.033203
2 0.794531 0.430664 0.057813 0.033203
2 0.851562 0.427734 0.059375 0.031250
2 0.734375 0.432617 0.059375 0.033203
2 0.674219 0.435547 0.060937 0.035156
2 0.613281 0.440430 0.060937 0.029297
2 0.966406 0.457031 0.057813 0.035156
2 0.910156 0.459961 0.057813 0.033203
2 0.851562 0.461914 0.059375 0.037109
2 0.732812 0.466797 0.059375 0.035156
2 0.792969 0.464844 0.057813 0.035156
2 0.673438 0.468750 0.059375 0.035156
2 0.615625 0.471680 0.059375 0.037109
1 0.952344 0.059570 0.057813 0.037109
2 0.947656 0.595703 0.057813 0.031250
2 0.828906 0.599609 0.057813 0.039062
2 0.889062 0.600586 0.059375 0.037109
2 0.895312 0.061523 0.059375 0.037109
2 0.767969 0.604492 0.060937 0.041016
2 0.707812 0.608398 0.059375 0.044922
0 0.647656 0.610352 0.060937 0.041016
2 0.588281 0.615234 0.060937 0.039062
2 0.528125 0.616211 0.059375 0.037109
0 0.465625 0.618164 0.059375 0.033203
2 0.404687 0.619141 0.059375 0.035156
2 0.836719 0.063477 0.057813 0.033203
2 0.345313 0.622070 0.059375 0.037109
2 0.778125 0.064453 0.059375 0.035156
2 0.284375 0.625000 0.062500 0.035156
2 0.943750 0.626953 0.059375 0.031250
2 0.224219 0.628906 0.060937 0.035156
2 0.885938 0.629883 0.059375 0.033203
2 0.164062 0.630859 0.062500 0.035156
2 0.826562 0.633789 0.059375 0.029297
2 0.105469 0.632812 0.060937 0.035156
2 0.767969 0.640625 0.057813 0.031250
2 0.707812 0.643555 0.059375 0.029297
2 0.718750 0.065430 0.059375 0.037109
2 0.587500 0.645508 0.059375 0.029297
2 0.648438 0.645508 0.059375 0.029297
2 0.527344 0.648438 0.060937 0.031250
0 0.346875 0.656250 0.062500 0.035156
2 0.467969 0.649414 0.060937 0.033203
2 0.407031 0.652344 0.060937 0.031250
1 0.942969 0.657227 0.060937 0.037109
2 0.287500 0.657227 0.062500 0.029297
0 0.884375 0.660156 0.059375 0.035156
2 0.226562 0.663086 0.062500 0.033203
2 0.826562 0.663086 0.059375 0.033203
2 0.107813 0.664062 0.062500 0.031250
2 0.168750 0.663086 0.062500 0.033203
2 0.767188 0.667969 0.059375 0.035156
2 0.708594 0.671875 0.057813 0.031250
0 0.647656 0.674805 0.057813 0.033203
2 0.587500 0.676758 0.059375 0.033203
2 0.528906 0.679688 0.060937 0.035156
2 0.467969 0.679688 0.060937 0.035156
0 0.660156 0.068359 0.057813 0.039062
2 0.751563 0.196289 0.059375 0.037109
2 0.692187 0.199219 0.059375 0.035156
0 0.927344 0.225586 0.057813 0.033203
2 0.868750 0.225586 0.059375 0.033203
2 0.810156 0.230469 0.057813 0.035156
2 0.751563 0.231445 0.059375 0.033203
2 0.690625 0.233398 0.059375 0.033203
2 0.954688 0.023438 0.059375 0.035156
2 0.895312 0.025391 0.059375 0.035156
2 0.925781 0.257812 0.057813 0.031250
0 0.867969 0.260742 0.057813 0.033203
2 0.809375 0.263672 0.059375 0.035156
2 0.750000 0.265625 0.059375 0.035156
2 0.690625 0.267578 0.059375 0.035156
0 0.837500 0.027344 0.059375 0.035156
2 0.718750 0.029297 0.059375 0.035156
2 0.778125 0.029297 0.059375 0.035156
2 0.658594 0.030273 0.057813 0.037109
2 0.600781 0.035156 0.057813 0.039062
2 0.573438 0.346680 0.003125 0.009766
1 0.540625 0.036133 0.059375 0.041016
2 0.479687 0.037109 0.059375 0.039062
2 0.971094 0.390625 0.057813 0.035156
0 0.409375 0.684570 0.059375 0.033203
1 0.348438 0.687500 0.062500 0.031250
2 0.289844 0.688477 0.060937 0.033203
2 0.228906 0.692383 0.060937 0.029297
2 0.171094 0.695312 0.060937 0.031250
2 0.113281 0.696289 0.057813 0.033203
2 0.600781 0.073242 0.057813 0.037109
2 0.541406 0.076172 0.057813 0.035156
2 0.481250 0.076172 0.059375 0.035156
2 0.921875 0.797852 0.059375 0.033203
2 0.862500 0.798828 0.059375 0.035156
2 0.804688 0.801758 0.059375 0.033203
2 0.743750 0.805664 0.059375 0.033203
2 0.684375 0.808594 0.059375 0.031250
2 0.623437 0.813477 0.059375 0.037109
2 0.563281 0.815430 0.060937 0.033203
2 0.502344 0.816406 0.060937 0.031250
2 0.441406 0.819336 0.060937 0.033203
2 0.382031 0.823242 0.060937 0.033203
2 0.321094 0.824219 0.060937 0.031250
2 0.919531 0.827148 0.057813 0.029297
2 0.261719 0.828125 0.060937 0.031250
2 0.862500 0.829102 0.059375 0.029297
2 0.200781 0.831055 0.060937 0.033203
2 0.142969 0.833008 0.060937 0.033203
2 0.802344 0.833008 0.060937 0.029297
2 0.742188 0.837891 0.059375 0.031250
2 0.682813 0.838867 0.059375 0.029297
2 0.623437 0.842773 0.059375 0.029297
2 0.563281 0.845703 0.060937 0.031250
2 0.503125 0.847656 0.059375 0.031250
2 0.442969 0.850586 0.060937 0.029297
2 0.382031 0.854492 0.060937 0.029297
2 0.323437 0.854492 0.062500 0.029297
2 0.918750 0.854492 0.056250 0.029297
2 0.264062 0.858398 0.059375 0.029297
2 0.859375 0.858398 0.059375 0.033203
2 0.203906 0.861328 0.060937 0.027344
2 0.146875 0.861328 0.059375 0.027344
2 0.800781 0.863281 0.057813 0.031250
2 0.740625 0.864258 0.059375 0.029297
2 0.682813 0.869141 0.059375 0.031250
2 0.623437 0.873047 0.059375 0.031250
2 0.563281 0.876953 0.060937 0.031250
2 0.503125 0.876953 0.059375 0.031250
2 0.444531 0.880859 0.060937 0.031250
2 0.383594 0.883789 0.060937 0.033203
2 0.325000 0.885742 0.059375 0.033203
2 0.265625 0.886719 0.059375 0.031250
2 0.208594 0.888672 0.060937 0.031250
2 0.150000 0.890625 0.056250 0.027344
2 0.928906 0.189453 0.057813 0.035156
2 0.810937 0.193359 0.059375 0.035156
2 0.870313 0.191406 0.059375 0.035156
