2 0.518750 0.757812 0.043750 0.121094
4 0.354687 0.083984 0.040625 0.113281
2 0.355469 0.821289 0.039062 0.119141
2 0.278125 0.817383 0.037500 0.111328
4 0.599219 0.763672 0.042188 0.121094
2 0.757031 0.772461 0.045312 0.119141
2 0.678125 0.764648 0.043750 0.119141
4 0.593750 0.877930 0.043750 0.119141
2 0.070312 0.186523 0.040625 0.115234
2 0.435937 0.842773 0.040625 0.119141
4 0.148438 0.128906 0.040625 0.117188
4 0.514844 0.877930 0.042188 0.119141
2 0.752344 0.888672 0.042188 0.121094
2 0.674219 0.883789 0.042188 0.119141
2 0.200781 0.750977 0.039062 0.115234
0 0.611719 0.401367 0.048438 0.119141
2 0.453906 0.364258 0.042188 0.119141
2 0.064844 0.299805 0.039062 0.115234
4 0.142969 0.247070 0.039062 0.111328
4 0.446094 0.607422 0.042188 0.121094
2 0.763281 0.649414 0.045312 0.119141
2 0.129688 0.486328 0.034375 0.121094
2 0.450000 0.485352 0.043750 0.123047
2 0.691406 0.404297 0.045312 0.121094
2 0.057813 0.416992 0.040625 0.119141
2 0.772656 0.413086 0.048438 0.119141
2 0.124219 0.601562 0.035937 0.117188
2 0.687500 0.526367 0.046875 0.119141
2 0.077344 0.067383 0.042188 0.115234
0 0.608594 0.522461 0.045312 0.119141
2 0.528906 0.515625 0.042188 0.121094
4 0.366406 0.583984 0.042188 0.117188
2 0.766406 0.532227 0.045312 0.123047
4 0.286719 0.581055 0.039062 0.119141
2 0.052344 0.535156 0.039062 0.113281
2 0.682031 0.648438 0.042188 0.121094
2 0.523438 0.637695 0.043750 0.123047
4 0.603906 0.640625 0.042188 0.121094
2 0.205469 0.633789 0.039062 0.119141
2 0.135156 0.365234 0.032813 0.121094
0 0.283594 0.700195 0.039062 0.123047
2 0.532813 0.396484 0.043750 0.121094
4 0.360938 0.704102 0.040625 0.119141
2 0.439844 0.724609 0.039062 0.121094
