2 0.953125 0.775391 0.046875 0.117188
2 0.162500 0.839844 0.037500 0.117188
4 0.085938 0.833984 0.037500 0.121094
4 0.235156 0.847656 0.035937 0.117188
4 0.392188 0.860352 0.037500 0.119141
2 0.314063 0.857422 0.034375 0.125000
2 0.802344 0.764648 0.042188 0.119141
2 0.879687 0.769531 0.043750 0.117188
2 0.642188 0.755859 0.043750 0.117188
2 0.499219 0.507812 0.045312 0.121094
2 0.409375 0.503906 0.040625 0.117188
2 0.331250 0.495117 0.040625 0.115234
4 0.250000 0.491211 0.037500 0.119141
2 0.177344 0.483398 0.039062 0.119141
4 0.097656 0.478516 0.039062 0.117188
2 0.022656 0.471680 0.039062 0.119141
2 0.561719 0.750977 0.039062 0.119141
2 0.484375 0.747070 0.043750 0.123047
2 0.403906 0.623047 0.039062 0.121094
2 0.735156 0.523438 0.045312 0.117188
2 0.653906 0.516602 0.045312 0.119141
2 0.577344 0.511719 0.045312 0.117188
2 0.324219 0.612305 0.039062 0.119141
4 0.966406 0.539062 0.042188 0.117188
4 0.892969 0.533203 0.042188 0.117188
2 0.814063 0.528320 0.040625 0.119141
4 0.246094 0.609375 0.039062 0.121094
2 0.017188 0.591797 0.034375 0.117188
2 0.171094 0.603516 0.039062 0.121094
2 0.092969 0.594727 0.039062 0.119141
2 0.400000 0.743164 0.037500 0.123047
2 0.492188 0.625977 0.046875 0.115234
2 0.089844 0.715820 0.039062 0.119141
2 0.015625 0.708984 0.031250 0.121094
2 0.569531 0.630859 0.045312 0.121094
2 0.808594 0.647461 0.042188 0.119141
2 0.728906 0.643555 0.042188 0.123047
2 0.648438 0.637695 0.046875 0.123047
4 0.960938 0.656250 0.043750 0.117188
0 0.884375 0.652344 0.043750 0.117188
4 0.239844 0.731445 0.035937 0.123047
2 0.317969 0.736328 0.035937 0.121094
2 0.167969 0.723633 0.039062 0.119141
2 0.722656 0.759766 0.042188 0.113281
