2 0.038281 0.858398 0.042188 0.126953
4 0.831250 0.735352 0.037500 0.123047
2 0.114062 0.855469 0.046875 0.109375
4 0.157812 0.073242 0.043750 0.115234
2 0.328125 0.083984 0.040625 0.121094
4 0.497656 0.756836 0.042188 0.119141
2 0.746094 0.739258 0.039062 0.119141
2 0.656250 0.815430 0.043750 0.123047
2 0.576562 0.756836 0.040625 0.119141
4 0.909375 0.801758 0.037500 0.123047
4 0.832031 0.860352 0.035937 0.126953
2 0.234375 0.137695 0.046875 0.115234
2 0.981250 0.114258 0.037500 0.111328
2 0.748437 0.864258 0.037500 0.123047
4 0.659375 0.932617 0.043750 0.119141
4 0.907031 0.184570 0.035937 0.119141
4 0.156250 0.185547 0.043750 0.117188
4 0.909375 0.914062 0.043750 0.113281
2 0.083359 0.159180 0.035469 0.115234
4 0.420312 0.768555 0.037500 0.115234
2 0.034375 0.739258 0.046875 0.119141
4 0.904297 0.067773 0.039844 0.119922
4 0.421094 0.651367 0.039062 0.119141
2 0.496094 0.637695 0.039062 0.123047
2 0.326562 0.559570 0.043750 0.119141
2 0.576562 0.635742 0.043750 0.126953
2 0.655469 0.573242 0.042188 0.123047
2 0.657031 0.695312 0.042188 0.117188
2 0.574219 0.517578 0.042188 0.121094
2 0.493750 0.516602 0.040625 0.119141
2 0.236719 0.492188 0.042188 0.113281
2 0.086719 0.048828 0.039062 0.097656
2 0.326562 0.319336 0.043750 0.123047
4 0.421875 0.525391 0.037500 0.117188
4 0.157031 0.303711 0.045312 0.115234
4 0.908828 0.299707 0.036406 0.122852
2 0.327344 0.200195 0.042188 0.123047
2 0.982812 0.232422 0.034375 0.125000
2 0.421094 0.289062 0.042188 0.125000
2 0.081328 0.276367 0.037656 0.119141
2 0.235156 0.256836 0.045312 0.119141
0 0.420312 0.409180 0.043750 0.119141
2 0.234375 0.375977 0.043750 0.119141
2 0.327344 0.438477 0.045312 0.123047
2 0.587500 0.055664 0.043750 0.111328
2 0.664844 0.054688 0.039062 0.109375
