2 0.892969 0.116211 0.048438 0.119141
2 0.878125 0.708008 0.050000 0.126953
2 0.891406 0.232422 0.045312 0.117188
2 0.970313 0.237305 0.046875 0.119141
2 0.890625 0.350586 0.046875 0.123047
2 0.967187 0.355469 0.046875 0.117188
2 0.884375 0.465820 0.046875 0.123047
0 0.964063 0.471680 0.046875 0.123047
2 0.882031 0.589844 0.045312 0.121094
2 0.961719 0.593750 0.048438 0.125000
2 0.957812 0.709961 0.050000 0.123047
2 0.873437 0.825195 0.050000 0.115234
2 0.951562 0.828125 0.046875 0.113281
1 0.971094 0.125000 0.048438 0.117188
