2 0.044531 0.221680 0.048438 0.115234
2 0.463281 0.227539 0.042188 0.123047
2 0.543750 0.229492 0.040625 0.126953
2 0.625000 0.232422 0.043750 0.121094
2 0.119531 0.283203 0.048438 0.121094
2 0.542969 0.351562 0.042188 0.125000
2 0.626563 0.352539 0.043750 0.123047
2 0.117969 0.403320 0.048438 0.126953
4 0.038281 0.461914 0.048438 0.126953
2 0.542969 0.474609 0.042188 0.128906
2 0.625781 0.475586 0.045312 0.126953
2 0.278906 0.494141 0.048438 0.125000
2 0.199219 0.554688 0.045312 0.125000
2 0.624219 0.599609 0.045312 0.125000
2 0.276562 0.616211 0.050000 0.126953
2 0.621875 0.724609 0.046875 0.128906
0 0.376563 0.737305 0.043750 0.123047
2 0.275781 0.740234 0.051562 0.128906
2 0.621094 0.846680 0.042188 0.119141
2 0.378125 0.860352 0.043750 0.126953
2 0.274219 0.860352 0.045312 0.123047
1 0.621875 0.952148 0.043750 0.095703
2 0.378125 0.958984 0.043750 0.082031
2 0.272656 0.961914 0.045312 0.076172
2 0.383594 0.104492 0.039062 0.123047
2 0.464844 0.105469 0.042188 0.125000
2 0.546094 0.108398 0.039062 0.126953
2 0.627344 0.109375 0.042188 0.125000
4 0.197656 0.921875 0.042188 0.125000
2 0.196875 0.676758 0.043750 0.123047
4 0.197656 0.799805 0.042188 0.123047
2 0.202344 0.430664 0.048438 0.119141
0 0.039844 0.341797 0.048438 0.125000
