2 0.000000 0.002051 0.000000 0.000195
2 0.721094 0.218750 0.048438 0.125000
4 0.801562 0.268555 0.043750 0.123047
2 0.868750 0.305664 0.037500 0.115234
2 0.944531 0.307617 0.045312 0.119141
2 0.865625 0.424805 0.046875 0.123047
4 0.941406 0.424805 0.045312 0.123047
2 0.582031 0.453125 0.045312 0.125000
2 0.088281 0.481445 0.035937 0.119141
4 0.164844 0.485352 0.039062 0.123047
2 0.246094 0.485352 0.042188 0.119141
2 0.326562 0.487305 0.040625 0.123047
2 0.655469 0.512695 0.039062 0.123047
2 0.864844 0.543945 0.045312 0.123047
4 0.942187 0.543945 0.046875 0.115234
2 0.580469 0.572266 0.045312 0.128906
2 0.089063 0.602539 0.037500 0.119141
2 0.245312 0.602539 0.040625 0.126953
4 0.164844 0.603516 0.039062 0.121094
2 0.324219 0.607422 0.042188 0.117188
4 0.655469 0.635742 0.042188 0.123047
4 0.939063 0.663086 0.046875 0.115234
2 0.861719 0.665039 0.045312 0.115234
2 0.578125 0.697266 0.043750 0.125000
2 0.869531 0.071289 0.035937 0.123047
2 0.086719 0.720703 0.035937 0.121094
4 0.164062 0.721680 0.037500 0.119141
2 0.242969 0.723633 0.042188 0.123047
2 0.323437 0.729492 0.040625 0.126953
2 0.940625 0.075195 0.043750 0.115234
4 0.653125 0.756836 0.043750 0.123047
2 0.578906 0.817383 0.042188 0.123047
2 0.088281 0.836914 0.035937 0.119141
4 0.163281 0.842773 0.032813 0.123047
2 0.244531 0.844727 0.039062 0.123047
2 0.320312 0.847656 0.037500 0.117188
2 0.652344 0.876953 0.039062 0.113281
2 0.578906 0.934570 0.042188 0.119141
4 0.088281 0.948242 0.035937 0.103516
4 0.162500 0.949219 0.031250 0.101562
2 0.242969 0.951172 0.035937 0.097656
2 0.322656 0.953125 0.035937 0.093750
2 0.722656 0.098633 0.045312 0.123047
4 0.800781 0.148438 0.042188 0.125000
2 0.870313 0.188477 0.037500 0.119141
0 0.941406 0.189453 0.045312 0.117188
