2 0.596875 0.196289 0.043750 0.119141
2 0.680469 0.202148 0.045312 0.123047
4 0.369531 0.210938 0.042188 0.132812
2 0.441406 0.247070 0.039062 0.126953
0 0.516406 0.251953 0.042188 0.128906
2 0.944531 0.253906 0.045312 0.117188
2 0.288281 0.279297 0.039062 0.121094
2 0.596094 0.315430 0.048438 0.123047
2 0.678125 0.323242 0.046875 0.119141
4 0.367188 0.328125 0.043750 0.121094
2 0.436719 0.367188 0.039062 0.128906
2 0.514844 0.370117 0.042188 0.123047
2 0.594531 0.438477 0.045312 0.123047
2 0.431250 0.489258 0.043750 0.126953
4 0.511719 0.492188 0.045312 0.125000
4 0.293750 0.051758 0.043750 0.103516
2 0.592969 0.557617 0.048438 0.119141
2 0.149219 0.518555 0.042188 0.119141
2 0.218750 0.583008 0.037500 0.123047
0 0.814063 0.603516 0.046875 0.117188
2 0.428906 0.610352 0.045312 0.123047
4 0.509375 0.610352 0.043750 0.119141
2 0.146094 0.636719 0.042188 0.125000
2 0.867969 0.065430 0.048438 0.119141
4 0.216406 0.700195 0.035937 0.123047
2 0.810937 0.723633 0.050000 0.119141
2 0.427344 0.729492 0.045312 0.119141
4 0.508594 0.731445 0.045312 0.123047
2 0.145313 0.756836 0.040625 0.123047
2 0.600000 0.077148 0.043750 0.123047
2 0.216406 0.822266 0.035937 0.121094
2 0.682031 0.086914 0.042188 0.119141
2 0.145313 0.875977 0.037500 0.123047
4 0.372656 0.093750 0.042188 0.125000
2 0.216406 0.939453 0.035937 0.117188
2 0.442969 0.128906 0.039062 0.125000
2 0.517969 0.129883 0.045312 0.123047
2 0.944531 0.140625 0.045312 0.125000
2 0.292187 0.163086 0.043750 0.123047
