4 0.739062 0.509766 0.037500 0.121094
2 0.815625 0.387695 0.040625 0.119141
0 0.434375 0.532227 0.043750 0.119141
4 0.736719 0.392578 0.042188 0.121094
2 0.817969 0.507812 0.039062 0.117188
2 0.432812 0.412109 0.040625 0.121094
2 0.657031 0.566406 0.042188 0.121094
2 0.818750 0.627930 0.037500 0.119141
4 0.740625 0.629883 0.037500 0.115234
2 0.661719 0.686523 0.042188 0.119141
2 0.960938 0.827148 0.034375 0.115234
2 0.629687 0.073242 0.040625 0.115234
2 0.739844 0.747070 0.039062 0.119141
2 0.662500 0.807617 0.040625 0.119141
2 0.817187 0.749023 0.034375 0.115234
2 0.580469 0.805664 0.042188 0.119141
4 0.884375 0.781250 0.037500 0.117188
2 0.960938 0.936523 0.034375 0.115234
0 0.742188 0.872070 0.040625 0.123047
2 0.814844 0.868164 0.032813 0.115234
2 0.238281 0.857422 0.035937 0.117188
4 0.663281 0.924805 0.039062 0.123047
2 0.308594 0.889648 0.042188 0.119141
2 0.580469 0.924805 0.039062 0.119141
4 0.883594 0.899414 0.035937 0.115234
