2 0.197656 0.078125 0.045312 0.121094
2 0.278125 0.076172 0.043750 0.117188
2 0.982812 0.317383 0.031250 0.119141
2 0.827344 0.315430 0.035937 0.111328
4 0.517188 0.074219 0.040625 0.117188
2 0.906250 0.319336 0.034375 0.115234
2 0.435156 0.072266 0.042188 0.121094
2 0.357031 0.073242 0.042188 0.119141
2 0.675000 0.079102 0.037500 0.119141
2 0.596094 0.079102 0.039062 0.119141
0 0.122656 0.080078 0.045312 0.117188
2 0.828906 0.083984 0.035937 0.113281
2 0.906250 0.088867 0.034375 0.115234
2 0.751563 0.081055 0.037500 0.115234
2 0.046094 0.082031 0.045312 0.117188
2 0.435156 0.190430 0.045312 0.123047
2 0.354687 0.189453 0.043750 0.121094
2 0.979688 0.089844 0.034375 0.117188
2 0.275781 0.192383 0.048438 0.119141
2 0.593750 0.192383 0.037500 0.123047
1 0.514844 0.192383 0.042188 0.123047
2 0.194531 0.307617 0.045312 0.115234
4 0.274219 0.307617 0.045312 0.119141
4 0.750781 0.313477 0.035937 0.115234
2 0.116406 0.312500 0.045312 0.113281
4 0.040625 0.310547 0.043750 0.121094
2 0.433594 0.309570 0.042188 0.119141
4 0.672656 0.310547 0.039062 0.121094
2 0.592187 0.307617 0.040625 0.119141
2 0.514062 0.309570 0.040625 0.119141
2 0.353906 0.308594 0.042188 0.117188
2 0.980469 0.202148 0.032813 0.123047
2 0.194531 0.196289 0.045312 0.123047
2 0.907031 0.202148 0.032813 0.119141
2 0.827344 0.199219 0.035937 0.121094
2 0.042969 0.198242 0.045312 0.119141
2 0.117969 0.196289 0.045312 0.119141
0 0.752344 0.195312 0.035937 0.117188
1 0.673438 0.196289 0.040625 0.119141
