2 0.352344 0.230469 0.042188 0.117188
4 0.275000 0.234375 0.043750 0.117188
2 0.559375 0.252930 0.034375 0.119141
2 0.882031 0.277344 0.032813 0.125000
2 0.957031 0.287109 0.032813 0.121094
2 0.633594 0.310547 0.039062 0.132812
2 0.353125 0.347656 0.043750 0.128906
4 0.272656 0.347656 0.042188 0.121094
2 0.559375 0.374023 0.037500 0.115234
2 0.882031 0.394531 0.035937 0.125000
2 0.959375 0.397461 0.031250 0.111328
2 0.193750 0.406250 0.043750 0.121094
2 0.632812 0.431641 0.037500 0.125000
2 0.351562 0.466797 0.040625 0.125000
4 0.273438 0.470703 0.040625 0.117188
2 0.195312 0.526367 0.043750 0.119141
2 0.879687 0.055664 0.034375 0.111328
2 0.952344 0.055664 0.032813 0.111328
2 0.347656 0.587891 0.039062 0.121094
2 0.271875 0.587891 0.043750 0.117188
4 0.417187 0.624023 0.043750 0.115234
2 0.114062 0.641602 0.043750 0.119141
2 0.194531 0.645508 0.042188 0.119141
2 0.498437 0.670898 0.043750 0.115234
0 0.273438 0.708008 0.043750 0.115234
2 0.347656 0.709961 0.039062 0.119141
4 0.416406 0.742188 0.045312 0.121094
2 0.115625 0.759766 0.046875 0.117188
2 0.630469 0.076172 0.042188 0.117188
2 0.196094 0.761719 0.045312 0.117188
2 0.497656 0.787109 0.042188 0.125000
2 0.275000 0.827148 0.040625 0.119141
2 0.347656 0.827148 0.035937 0.119141
4 0.417187 0.861328 0.043750 0.117188
2 0.117188 0.873047 0.046875 0.117188
2 0.198437 0.878906 0.040625 0.117188
2 0.498437 0.907227 0.043750 0.119141
2 0.349219 0.942383 0.039062 0.115234
2 0.559375 0.135742 0.034375 0.123047
2 0.880469 0.159180 0.035937 0.123047
2 0.953906 0.165039 0.035937 0.123047
2 0.633594 0.193359 0.035937 0.121094
