2 0.001563 0.002051 0.000000 0.000195
2 0.208594 0.586914 0.039062 0.123047
2 0.056250 0.586914 0.037500 0.119141
4 0.128125 0.586914 0.037500 0.123047
2 0.287500 0.588867 0.040625 0.123047
2 0.367969 0.590820 0.042188 0.123047
4 0.525781 0.591797 0.042188 0.121094
4 0.447656 0.592773 0.042188 0.119141
2 0.606250 0.597656 0.043750 0.117188
2 0.686719 0.600586 0.045312 0.123047
2 0.765625 0.601562 0.043750 0.121094
4 0.921875 0.600586 0.046875 0.119141
2 0.843750 0.603516 0.043750 0.121094
2 0.054688 0.704102 0.037500 0.119141
4 0.128125 0.704102 0.037500 0.123047
2 0.205469 0.705078 0.039062 0.121094
2 0.282813 0.708984 0.040625 0.121094
2 0.364063 0.708008 0.043750 0.123047
0 0.442188 0.709961 0.040625 0.123047
1 0.522656 0.713867 0.042188 0.123047
2 0.603906 0.715820 0.042188 0.126953
1 0.682813 0.717773 0.043750 0.126953
2 0.919531 0.719727 0.045312 0.119141
2 0.764844 0.720703 0.045312 0.121094
2 0.843750 0.721680 0.046875 0.119141
2 0.052344 0.819336 0.035937 0.119141
4 0.125000 0.821289 0.034375 0.119141
2 0.203906 0.823242 0.039062 0.115234
2 0.282031 0.828125 0.039062 0.117188
2 0.440625 0.829102 0.037500 0.126953
2 0.361719 0.829102 0.042188 0.119141
2 0.519531 0.833008 0.042188 0.119141
2 0.601562 0.835938 0.040625 0.125000
2 0.840625 0.836914 0.046875 0.119141
2 0.761719 0.838867 0.042188 0.119141
2 0.917188 0.838867 0.046875 0.123047
4 0.678906 0.840820 0.045312 0.119141
2 0.835938 0.949219 0.043750 0.101562
2 0.914844 0.949219 0.045312 0.101562
2 0.759375 0.950195 0.043750 0.099609
