2 0.180469 0.213867 0.035937 0.119141
2 0.102344 0.213867 0.039062 0.123047
4 0.020313 0.217773 0.040625 0.119141
4 0.339844 0.217773 0.042188 0.119141
2 0.596094 0.217773 0.045312 0.119141
2 0.260156 0.219727 0.042188 0.123047
4 0.419531 0.280273 0.042188 0.123047
2 0.504687 0.287109 0.043750 0.121094
4 0.099219 0.329102 0.039062 0.119141
2 0.179688 0.333008 0.034375 0.123047
2 0.017969 0.334961 0.035937 0.123047
4 0.258594 0.333984 0.039062 0.121094
2 0.338281 0.333984 0.039062 0.121094
2 0.595313 0.339844 0.043750 0.125000
2 0.832734 0.394531 0.037344 0.113281
2 0.675781 0.397461 0.045312 0.119141
4 0.417969 0.403320 0.042188 0.119141
4 0.753906 0.405273 0.042188 0.119141
2 0.503125 0.407227 0.043750 0.126953
2 0.592969 0.458984 0.045312 0.125000
4 0.828125 0.512695 0.043750 0.119141
2 0.674219 0.518555 0.045312 0.126953
2 0.750781 0.522461 0.045312 0.126953
2 0.589844 0.579102 0.045312 0.123047
2 0.916406 0.603516 0.048438 0.121094
2 0.082031 0.606445 0.039062 0.119141
4 0.826562 0.633789 0.043750 0.119141
2 0.672656 0.640625 0.045312 0.121094
2 0.752344 0.642578 0.045312 0.117188
2 0.250000 0.668945 0.040625 0.119141
2 0.912500 0.723633 0.050000 0.119141
4 0.078906 0.725586 0.039062 0.119141
0 0.822656 0.752930 0.045312 0.123047
2 0.975000 0.078125 0.043750 0.121094
2 0.247656 0.789062 0.042188 0.125000
4 0.325000 0.840820 0.040625 0.119141
2 0.909375 0.842773 0.050000 0.119141
4 0.074219 0.844727 0.039062 0.115234
2 0.075000 0.949219 0.037500 0.101562
4 0.324219 0.950195 0.039062 0.099609
2 0.025781 0.102539 0.039062 0.123047
2 0.420312 0.166016 0.040625 0.121094
2 0.507031 0.168945 0.045312 0.119141
2 0.975781 0.190430 0.045312 0.119141
2 0.818750 0.872070 0.043750 0.115234
2 0.246875 0.909180 0.040625 0.123047
