4 0.525000 0.196289 0.043750 0.130859
2 0.083594 0.209961 0.035937 0.130859
2 0.599219 0.229492 0.039062 0.123047
2 0.441406 0.246094 0.042188 0.128906
4 0.162500 0.274414 0.037500 0.126953
2 0.685937 0.278320 0.043750 0.126953
2 0.524219 0.321289 0.042188 0.126953
2 0.082031 0.329102 0.039062 0.126953
2 0.599219 0.355469 0.035937 0.128906
2 0.440625 0.367188 0.043750 0.125000
2 0.161719 0.398438 0.039062 0.125000
2 0.683594 0.399414 0.045312 0.126953
2 0.244531 0.401367 0.039062 0.123047
2 0.524219 0.443359 0.042188 0.125000
2 0.080469 0.455078 0.035937 0.128906
2 0.599219 0.480469 0.035937 0.121094
2 0.161719 0.521484 0.039062 0.128906
2 0.244531 0.526367 0.039062 0.126953
2 0.524219 0.567383 0.042188 0.123047
2 0.079687 0.576172 0.037500 0.125000
2 0.599219 0.602539 0.035937 0.119141
2 0.244531 0.644531 0.039062 0.117188
2 0.159375 0.646484 0.037500 0.121094
2 0.082812 0.701172 0.034375 0.128906
2 0.525781 0.077148 0.045312 0.126953
2 0.161719 0.765625 0.035937 0.125000
4 0.081250 0.821289 0.034375 0.123047
2 0.161719 0.887695 0.035937 0.123047
2 0.086719 0.093750 0.039062 0.128906
0 0.390625 0.929688 0.043750 0.121094
4 0.082031 0.940430 0.032813 0.119141
2 0.600000 0.108398 0.037500 0.123047
2 0.440625 0.125000 0.043750 0.125000
2 0.164844 0.154297 0.042188 0.125000
2 0.686719 0.155273 0.045312 0.123047
