4 0.222656 0.160156 0.042188 0.117188
4 0.070312 0.159180 0.037500 0.123047
2 0.145313 0.272461 0.040625 0.123047
2 0.062500 0.393555 0.037500 0.123047
2 0.141406 0.395508 0.039062 0.126953
2 0.060156 0.509766 0.035937 0.121094
2 0.136719 0.627930 0.039062 0.126953
2 0.148438 0.159180 0.040625 0.119141
2 0.059375 0.862305 0.031250 0.119141
2 0.138281 0.510742 0.039062 0.123047
2 0.057813 0.750977 0.034375 0.126953
4 0.207031 0.512695 0.039062 0.123047
2 0.135156 0.750977 0.035937 0.123047
2 0.059375 0.627930 0.037500 0.119141
4 0.217188 0.276367 0.037500 0.126953
2 0.151562 0.049805 0.034375 0.099609
4 0.071875 0.050781 0.037500 0.101562
4 0.225781 0.049805 0.035937 0.099609
4 0.214844 0.395508 0.039062 0.119141
2 0.065625 0.270508 0.040625 0.126953
