2 0.503906 0.925781 0.042188 0.125000
4 0.410156 0.948242 0.039062 0.099609
4 0.242969 0.125977 0.039062 0.123047
4 0.317969 0.126953 0.039062 0.132812
4 0.401562 0.125977 0.043750 0.130859
2 0.483594 0.126953 0.045312 0.132812
2 0.565625 0.126953 0.043750 0.125000
4 0.646875 0.131836 0.043750 0.126953
2 0.808594 0.131836 0.048438 0.123047
2 0.728906 0.132812 0.042188 0.125000
2 0.887500 0.137695 0.043750 0.119141
4 0.965625 0.139648 0.043750 0.123047
1 0.318750 0.243164 0.040625 0.126953
2 0.238281 0.247070 0.039062 0.126953
2 0.400781 0.248047 0.042188 0.128906
2 0.483594 0.247070 0.042188 0.134766
2 0.565625 0.251953 0.046875 0.128906
1 0.646875 0.250977 0.043750 0.123047
2 0.728906 0.250977 0.042188 0.126953
2 0.810937 0.254883 0.046875 0.123047
4 0.889062 0.254883 0.043750 0.126953
2 0.966406 0.258789 0.045312 0.123047
2 0.566406 0.374023 0.045312 0.130859
2 0.728906 0.375000 0.045312 0.125000
2 0.810937 0.374023 0.046875 0.123047
1 0.648438 0.375977 0.043750 0.126953
2 0.968750 0.375977 0.046875 0.126953
2 0.889062 0.377930 0.043750 0.123047
2 0.079687 0.489258 0.037500 0.119141
4 0.647656 0.497070 0.045312 0.123047
2 0.565625 0.498047 0.040625 0.125000
2 0.812500 0.498047 0.046875 0.121094
4 0.890625 0.497070 0.043750 0.126953
2 0.728906 0.499023 0.045312 0.126953
2 0.968750 0.499023 0.046875 0.123047
2 0.169531 0.538086 0.039062 0.119141
2 0.080469 0.612305 0.039062 0.123047
2 0.968750 0.619141 0.043750 0.128906
2 0.728906 0.622070 0.045312 0.119141
2 0.810937 0.622070 0.046875 0.123047
4 0.891406 0.622070 0.045312 0.123047
2 0.170313 0.660156 0.037500 0.125000
4 0.407813 0.713867 0.040625 0.123047
2 0.251563 0.721680 0.040625 0.123047
4 0.332031 0.722656 0.042188 0.125000
2 0.082031 0.731445 0.039062 0.123047
2 0.968750 0.742188 0.046875 0.125000
2 0.809375 0.743164 0.046875 0.123047
1 0.890625 0.745117 0.046875 0.123047
2 0.170313 0.783203 0.040625 0.125000
4 0.409375 0.837891 0.040625 0.121094
2 0.252344 0.842773 0.039062 0.126953
2 0.332031 0.842773 0.042188 0.123047
2 0.967969 0.864258 0.045312 0.123047
2 0.889062 0.866211 0.046875 0.123047
2 0.172656 0.900391 0.039062 0.125000
