2 0.612500 0.677734 0.040625 0.121094
2 0.528906 0.676758 0.045312 0.123047
2 0.776563 0.559570 0.040625 0.123047
4 0.697656 0.556641 0.042188 0.125000
2 0.614062 0.556641 0.040625 0.125000
2 0.528906 0.554688 0.045312 0.121094
2 0.775781 0.435547 0.042188 0.121094
4 0.696875 0.435547 0.040625 0.121094
2 0.853125 0.559570 0.040625 0.123047
2 0.614844 0.432617 0.042188 0.123047
2 0.985156 0.330371 0.029687 0.121680
4 0.696875 0.313477 0.040625 0.123047
2 0.985156 0.213867 0.029687 0.123047
2 0.444531 0.797852 0.048438 0.115234
2 0.854688 0.680664 0.037500 0.119141
2 0.775000 0.678711 0.037500 0.119141
2 0.695312 0.678711 0.040625 0.123047
4 0.852344 0.801758 0.035937 0.119141
2 0.695312 0.798828 0.037500 0.121094
2 0.932031 0.800781 0.039062 0.117188
2 0.612500 0.798828 0.037500 0.121094
2 0.528906 0.801758 0.045312 0.123047
2 0.773438 0.800781 0.034375 0.121094
2 0.983594 0.095703 0.032813 0.121094
4 0.607812 0.919922 0.040625 0.121094
2 0.928125 0.917969 0.037500 0.121094
2 0.444531 0.916992 0.048438 0.119141
4 0.849219 0.921875 0.039062 0.121094
2 0.528125 0.921875 0.043750 0.117188
2 0.771094 0.922852 0.039062 0.119141
4 0.690625 0.921875 0.037500 0.125000
