2 0.550781 0.797168 0.060937 0.035742
2 0.672813 0.803027 0.061250 0.035742
2 0.609766 0.864062 0.060156 0.032813
3 0.302969 0.849414 0.062188 0.034766
2 0.490000 0.826270 0.058125 0.035352
2 0.547344 0.861035 0.060313 0.030664
3 0.369688 0.856836 0.067500 0.030078
2 0.487344 0.860840 0.055938 0.030273
3 0.431406 0.858594 0.056562 0.025781
2 0.786953 0.872852 0.061406 0.030859
2 0.727656 0.868750 0.058437 0.030469
2 0.669609 0.868555 0.061094 0.030078
2 0.846719 0.873633 0.059062 0.032422
2 0.906172 0.875391 0.056094 0.032031
3 0.429688 0.825781 0.056250 0.034375
3 0.368516 0.823145 0.068281 0.033008
2 0.914844 0.816113 0.060937 0.034570
2 0.735078 0.806543 0.060781 0.034961
2 0.795781 0.810645 0.063438 0.031445
3 0.303984 0.814063 0.064219 0.034375
2 0.855937 0.813965 0.061875 0.034180
3 0.244453 0.812793 0.057656 0.035742
0 0.792500 0.840625 0.060000 0.032813
2 0.730312 0.839844 0.060625 0.031250
2 0.548906 0.828711 0.060313 0.036328
1 0.671797 0.835938 0.062344 0.031250
0 0.609687 0.832617 0.060000 0.032422
2 0.851094 0.843457 0.061562 0.030664
2 0.911016 0.845215 0.059531 0.030273
3 0.243750 0.845313 0.056250 0.026563
3 0.432734 0.793066 0.056094 0.035352
2 0.611719 0.801660 0.060937 0.033008
3 0.489609 0.792090 0.060469 0.037305
2 0.489297 0.792285 0.059844 0.037695
3 0.370859 0.788086 0.066719 0.037109
3 0.242891 0.779590 0.057656 0.035742
3 0.304922 0.779395 0.066094 0.035352
