2 0.176563 0.220703 0.021875 0.050781
0 0.056250 0.499023 0.018750 0.056641
2 0.019531 0.552734 0.017188 0.054688
2 0.122656 0.520508 0.017188 0.056641
4 0.089063 0.525391 0.018750 0.054688
2 0.127344 0.410156 0.017188 0.054688
2 0.089844 0.469727 0.020313 0.056641
2 0.160156 0.447266 0.020313 0.054688
2 0.022656 0.444336 0.020313 0.052734
2 0.020313 0.496094 0.018750 0.054688
2 0.023438 0.221680 0.021875 0.056641
2 0.132031 0.355469 0.023438 0.054688
2 0.096094 0.362305 0.020313 0.056641
2 0.092188 0.416992 0.018750 0.056641
2 0.057031 0.445312 0.017188 0.054688
2 0.125000 0.463867 0.018750 0.052734
2 0.157812 0.500977 0.018750 0.052734
2 0.052344 0.554688 0.020313 0.054688
0 0.156250 0.554688 0.021875 0.054688
4 0.086719 0.580078 0.020313 0.054688
0 0.082812 0.061523 0.025000 0.056641
2 0.051562 0.609375 0.018750 0.050781
2 0.085156 0.632812 0.020313 0.054688
2 0.150000 0.766602 0.018750 0.052734
2 0.074219 0.867188 0.020313 0.054688
2 0.146094 0.874023 0.020313 0.056641
2 0.073438 0.918945 0.018750 0.052734
2 0.071094 0.970703 0.017188 0.050781
2 0.185156 0.114258 0.023438 0.052734
2 0.078125 0.116211 0.021875 0.056641
2 0.186719 0.059570 0.023438 0.056641
2 0.041406 0.861328 0.017188 0.050781
0 0.109375 0.867188 0.018750 0.054688
2 0.039844 0.915039 0.017188 0.056641
1 0.107813 0.922852 0.018750 0.052734
2 0.026562 0.168945 0.021875 0.052734
2 0.143750 0.927734 0.021875 0.054688
2 0.032031 0.114258 0.023438 0.056641
2 0.180469 0.167969 0.023438 0.054688
2 0.039844 0.966797 0.017188 0.050781
0 0.104688 0.974609 0.021875 0.046875
2 0.147656 0.819336 0.020313 0.052734
2 0.014844 0.660156 0.017188 0.054688
2 0.112500 0.760742 0.018750 0.052734
2 0.110937 0.815430 0.018750 0.056641
2 0.048438 0.662109 0.018750 0.050781
2 0.037500 0.062500 0.025000 0.054688
2 0.017188 0.606445 0.018750 0.052734
