3 0.074766 0.576172 0.062031 0.035156
3 0.233281 0.448047 0.063437 0.040625
3 0.370469 0.660840 0.062812 0.036523
3 0.212031 0.176660 0.058438 0.033008
3 0.169297 0.983887 0.057344 0.030273
3 0.099219 0.854004 0.060937 0.040039
3 0.171641 0.446484 0.065156 0.041406
3 0.110781 0.443652 0.059062 0.035742
3 0.294219 0.451562 0.063437 0.039844
3 0.351797 0.453223 0.062969 0.039258
3 0.134609 0.581445 0.062969 0.037891
3 0.133047 0.618164 0.062969 0.037109
2 0.316250 0.590820 0.060625 0.033203
2 0.255781 0.588086 0.061563 0.035547
3 0.195000 0.583691 0.061875 0.038477
2 0.044609 0.813965 0.057969 0.038086
2 0.068594 0.645215 0.062187 0.036523
3 0.374766 0.626270 0.062031 0.033789
2 0.191484 0.620117 0.061094 0.037109
2 0.312109 0.623828 0.061719 0.032813
3 0.249531 0.657422 0.061563 0.037500
3 0.165313 0.788574 0.061875 0.038086
2 0.188359 0.654004 0.061094 0.038477
3 0.107813 0.783691 0.059375 0.036133
3 0.310000 0.658887 0.060625 0.036523
2 0.047891 0.780859 0.061406 0.034375
3 0.161562 0.823730 0.060625 0.034180
2 0.108281 0.982910 0.060312 0.032227
3 0.102344 0.818066 0.060937 0.038477
2 0.050000 0.981445 0.062500 0.037109
3 0.040391 0.850098 0.058906 0.040039
3 0.158281 0.857227 0.060312 0.038672
3 0.093906 0.175098 0.062813 0.033789
3 0.036016 0.174414 0.059531 0.032422
3 0.330781 0.181250 0.058438 0.034375
3 0.153750 0.175977 0.060625 0.031641
3 0.272266 0.178320 0.060156 0.032422
2 0.128672 0.652832 0.060469 0.036133
2 0.252656 0.621582 0.061563 0.036133
3 0.375391 0.593555 0.060156 0.034766
3 0.073516 0.612305 0.062656 0.037109
2 0.031875 0.202637 0.060625 0.030273
2 0.089688 0.204590 0.060625 0.030273
3 0.179688 0.376758 0.065625 0.038672
2 0.149375 0.206250 0.061250 0.029688
3 0.119219 0.375293 0.063437 0.035742
3 0.327813 0.209570 0.061875 0.032422
3 0.205313 0.238184 0.060625 0.031055
2 0.208437 0.207813 0.060625 0.028906
3 0.267891 0.210449 0.060781 0.030273
2 0.084531 0.237793 0.062813 0.030273
2 0.143359 0.236230 0.061719 0.031055
2 0.028516 0.234277 0.057031 0.031055
2 0.124141 0.033887 0.063906 0.036523
3 0.060781 0.375977 0.059062 0.037109
3 0.326641 0.242383 0.059531 0.031641
3 0.265703 0.239063 0.059531 0.028906
2 0.063984 0.035449 0.062344 0.035742
3 0.301797 0.036719 0.062969 0.034375
3 0.241875 0.037109 0.061875 0.035156
3 0.180859 0.037109 0.061719 0.035156
3 0.234844 0.416992 0.063437 0.037109
3 0.236719 0.382520 0.064062 0.038477
3 0.357266 0.385547 0.064531 0.040625
3 0.114766 0.409766 0.063906 0.034375
3 0.174375 0.410547 0.061250 0.039844
3 0.056953 0.407715 0.054531 0.030273
3 0.052500 0.438379 0.061250 0.033008
3 0.354844 0.418750 0.059687 0.040625
3 0.294766 0.418164 0.064531 0.043359
