3 0.229219 0.547852 0.061563 0.037109
3 0.347422 0.554102 0.060469 0.037891
3 0.288672 0.550684 0.058594 0.034961
3 0.104922 0.612695 0.062969 0.037891
3 0.043047 0.612305 0.061094 0.041016
3 0.225859 0.581836 0.061094 0.038672
3 0.285625 0.586426 0.061875 0.036133
3 0.109922 0.542969 0.060469 0.035156
3 0.320547 0.413379 0.062969 0.037695
3 0.168359 0.543848 0.058594 0.033008
0 0.027031 0.400684 0.054062 0.035742
3 0.138672 0.404687 0.064844 0.035938
3 0.080156 0.401367 0.057187 0.037109
3 0.326406 0.346191 0.062188 0.032227
3 0.139453 0.201172 0.060156 0.035156
3 0.205625 0.343750 0.061250 0.035156
3 0.146406 0.338086 0.061563 0.031641
2 0.087578 0.337109 0.056406 0.029687
3 0.387891 0.347070 0.060156 0.033984
3 0.385156 0.381543 0.060937 0.032617
3 0.142813 0.369238 0.060625 0.035352
2 0.323281 0.378418 0.062188 0.034180
2 0.260547 0.411719 0.061719 0.034375
3 0.199609 0.408301 0.061719 0.035352
1 0.048594 0.540820 0.059688 0.038672
2 0.030547 0.336426 0.061094 0.032227
3 0.285234 0.621387 0.061094 0.039648
3 0.382188 0.417578 0.061250 0.034375
3 0.105703 0.576367 0.061406 0.031641
2 0.043984 0.575293 0.059844 0.037305
3 0.408828 0.555664 0.061406 0.037109
3 0.345078 0.625000 0.058906 0.035156
3 0.406797 0.591016 0.060469 0.037500
3 0.165078 0.579395 0.058281 0.037695
3 0.345938 0.589453 0.060625 0.034375
3 0.165313 0.616211 0.058750 0.037109
3 0.225000 0.618750 0.059375 0.038281
3 0.321328 0.205469 0.064531 0.035938
3 0.261172 0.378027 0.062969 0.033398
3 0.082422 0.369336 0.058594 0.031641
2 0.027656 0.365625 0.055313 0.032031
3 0.201484 0.373633 0.059219 0.032422
3 0.078906 0.199219 0.060937 0.031250
3 0.263594 0.204102 0.061563 0.033203
2 0.200703 0.204590 0.060781 0.034180
3 0.266641 0.342773 0.061406 0.037109
3 0.204453 0.172461 0.058906 0.036328
2 0.165703 0.950488 0.059531 0.037695
3 0.075313 0.819531 0.060000 0.037500
3 0.437266 0.800781 0.062031 0.035156
2 0.375156 0.796484 0.062812 0.034375
2 0.313750 0.795996 0.061875 0.037305
2 0.106094 0.947559 0.059062 0.035742
2 0.250625 0.829297 0.063750 0.037500
3 0.191953 0.826953 0.062031 0.036719
3 0.134688 0.821680 0.056875 0.033984
2 0.046406 0.942676 0.061562 0.037695
3 0.310703 0.833594 0.062031 0.038281
3 0.435781 0.838379 0.062188 0.040039
3 0.373594 0.835547 0.062812 0.042188
2 0.042969 0.980469 0.060937 0.039062
3 0.225703 0.953223 0.060781 0.035352
3 0.465547 0.970410 0.059219 0.038477
3 0.285859 0.956055 0.059219 0.037109
2 0.404687 0.964551 0.062500 0.034570
2 0.345234 0.961719 0.059219 0.036719
3 0.147422 0.134082 0.060469 0.029883
3 0.223438 0.985352 0.059375 0.029297
2 0.104062 0.982812 0.061250 0.032031
2 0.164453 0.983008 0.060156 0.032422
3 0.089453 0.134766 0.057031 0.031250
3 0.143516 0.168359 0.062031 0.032031
3 0.083437 0.167969 0.060625 0.031250
3 0.326328 0.141699 0.058906 0.029492
2 0.266562 0.138867 0.058125 0.031641
3 0.207422 0.138672 0.058594 0.035156
3 0.322656 0.171875 0.060937 0.031250
2 0.264062 0.171875 0.062500 0.031250
3 0.252188 0.793652 0.060625 0.036523
3 0.193594 0.789160 0.062188 0.035352
3 0.135937 0.786523 0.059375 0.037891
3 0.075703 0.782520 0.060781 0.037695
3 0.438359 0.764844 0.061094 0.037500
3 0.376719 0.762109 0.062812 0.035937
3 0.314844 0.760156 0.064062 0.035937
3 0.253203 0.755957 0.059531 0.035352
3 0.196250 0.754004 0.058125 0.039258
3 0.137969 0.749219 0.057187 0.037500
3 0.405000 0.627930 0.060000 0.037109
3 0.077422 0.746484 0.061094 0.035937
