2 0.750469 0.043066 0.060313 0.039258
3 0.249297 0.430078 0.061094 0.039844
3 0.867109 0.429785 0.062344 0.035352
3 0.144453 0.049121 0.063906 0.039648
2 0.925000 0.468555 0.062500 0.034766
3 0.311875 0.469727 0.061250 0.033203
3 0.741172 0.461133 0.060469 0.035547
3 0.311875 0.432422 0.061250 0.036719
3 0.864687 0.464746 0.060625 0.034961
3 0.803594 0.463867 0.063438 0.037109
3 0.556875 0.447656 0.060625 0.035938
2 0.681250 0.455566 0.059375 0.036133
3 0.620859 0.450586 0.063594 0.033984
2 0.083672 0.045898 0.061094 0.037109
2 0.927734 0.433887 0.061719 0.035742
3 0.496094 0.445117 0.060937 0.038672
3 0.434844 0.441113 0.060313 0.038477
3 0.373203 0.436426 0.062031 0.040820
3 0.137187 0.216602 0.061875 0.034766
3 0.386563 0.021582 0.060625 0.043164
2 0.446016 0.022949 0.060781 0.038086
3 0.504375 0.198926 0.061875 0.034570
2 0.691484 0.212988 0.061094 0.035352
3 0.629687 0.207715 0.062500 0.036523
3 0.567500 0.203320 0.063125 0.039453
3 0.264531 0.021289 0.060312 0.038672
3 0.325937 0.020801 0.061250 0.041602
3 0.198047 0.223340 0.061719 0.040430
2 0.259922 0.260547 0.060469 0.032813
3 0.747891 0.291113 0.061406 0.039258
3 0.629844 0.034766 0.059687 0.042188
3 0.807734 0.427148 0.059219 0.037891
3 0.312344 0.397656 0.062188 0.037500
3 0.250156 0.466504 0.062812 0.038477
3 0.372969 0.471387 0.064687 0.036523
3 0.496016 0.478906 0.060781 0.032031
3 0.557266 0.482715 0.061406 0.031836
2 0.618125 0.486035 0.064375 0.034570
2 0.810703 0.049707 0.058906 0.040820
2 0.679922 0.490430 0.062969 0.035547
3 0.739609 0.493750 0.060469 0.034375
3 0.800859 0.497266 0.061094 0.033594
3 0.860859 0.499512 0.059219 0.034180
2 0.921875 0.504980 0.062500 0.033398
3 0.204766 0.051367 0.059531 0.036328
2 0.871250 0.053418 0.061250 0.040430
3 0.264531 0.054102 0.057187 0.037891
3 0.324141 0.057910 0.060781 0.041602
3 0.447031 0.063477 0.062812 0.041016
3 0.385313 0.063672 0.061250 0.041406
2 0.929453 0.065918 0.058906 0.038086
3 0.508437 0.074414 0.060625 0.047266
3 0.568047 0.078711 0.061094 0.048047
3 0.629687 0.078613 0.059375 0.043945
2 0.690312 0.081250 0.061875 0.041406
2 0.748750 0.083789 0.060000 0.038672
2 0.808672 0.089063 0.061094 0.037500
2 0.867812 0.091895 0.057500 0.039258
2 0.926641 0.100098 0.062656 0.036133
2 0.083516 0.013379 0.060781 0.026758
3 0.144375 0.014160 0.063750 0.028320
2 0.814219 0.014844 0.059688 0.029687
2 0.872500 0.015527 0.060625 0.031055
3 0.204453 0.016406 0.058906 0.032813
3 0.137500 0.177246 0.062500 0.041992
3 0.200078 0.180664 0.059531 0.041016
3 0.258437 0.184180 0.063750 0.040234
3 0.320781 0.187012 0.063437 0.034180
3 0.383828 0.190137 0.061406 0.040430
3 0.445781 0.191504 0.060313 0.035352
3 0.628047 0.244434 0.062344 0.039648
3 0.558984 0.411035 0.061719 0.036914
0 0.622891 0.414355 0.064531 0.035742
2 0.746406 0.423438 0.061562 0.038281
2 0.685156 0.419336 0.060937 0.037891
3 0.497734 0.406641 0.061094 0.035938
3 0.373672 0.400488 0.062969 0.039258
3 0.435937 0.402734 0.062500 0.039844
3 0.249141 0.391406 0.060781 0.036719
2 0.690625 0.039453 0.059375 0.039844
3 0.444844 0.268652 0.058437 0.033398
2 0.927891 0.300391 0.065156 0.034375
3 0.570078 0.032227 0.062031 0.044922
2 0.866250 0.296875 0.063750 0.039062
3 0.503750 0.272656 0.060625 0.033594
2 0.808594 0.291504 0.060937 0.032227
3 0.625938 0.285254 0.058125 0.039258
3 0.686875 0.287793 0.064375 0.040430
3 0.508516 0.028711 0.060781 0.041797
3 0.566250 0.278320 0.063750 0.033203
3 0.319688 0.263770 0.061250 0.035352
3 0.384141 0.266797 0.062031 0.033594
2 0.931563 0.265527 0.066250 0.034961
2 0.198906 0.259082 0.060312 0.029883
3 0.319688 0.262695 0.061250 0.033203
2 0.870156 0.260254 0.062187 0.032227
2 0.809922 0.258789 0.063594 0.037109
2 0.934375 0.025684 0.059375 0.043555
2 0.749219 0.255371 0.064062 0.034180
2 0.688984 0.249609 0.065469 0.038281
3 0.138281 0.252832 0.060937 0.036914
2 0.813359 0.221387 0.064219 0.036523
2 0.752812 0.218555 0.065000 0.038672
3 0.503672 0.236621 0.060469 0.039648
3 0.258516 0.224219 0.060781 0.038281
3 0.567266 0.241211 0.062656 0.037109
2 0.874219 0.227734 0.064062 0.037500
3 0.444609 0.230859 0.061094 0.039844
3 0.382969 0.231543 0.062812 0.037305
2 0.935469 0.230176 0.064687 0.034570
3 0.319688 0.224902 0.061250 0.039648
