2 0.087891 0.804688 0.063281 0.031250
2 0.029063 0.801465 0.058125 0.032617
3 0.447813 0.804590 0.061250 0.038867
3 0.686016 0.204980 0.062656 0.034961
3 0.660313 0.025488 0.061250 0.035352
2 0.055937 0.020898 0.058750 0.041797
2 0.139297 0.203906 0.062969 0.032812
3 0.624453 0.200781 0.061406 0.034375
3 0.598750 0.021777 0.063125 0.035742
2 0.081016 0.198633 0.062031 0.033984
3 0.624219 0.234082 0.060937 0.034570
2 0.747891 0.205078 0.061406 0.039062
3 0.440000 0.221387 0.061250 0.032617
2 0.200312 0.205176 0.063125 0.031445
3 0.378906 0.216699 0.060937 0.034961
3 0.809375 0.208301 0.062500 0.033789
2 0.318906 0.211523 0.062812 0.028516
3 0.501328 0.227930 0.062031 0.033984
2 0.023125 0.230371 0.046250 0.034961
3 0.561953 0.230078 0.061406 0.034375
2 0.075703 0.234180 0.063906 0.034766
3 0.791094 0.696191 0.063438 0.036914
2 0.387422 0.799902 0.059219 0.041211
2 0.622812 0.270313 0.061250 0.036719
2 0.746641 0.241113 0.062031 0.033008
2 0.684297 0.272949 0.062344 0.038086
2 0.196484 0.238672 0.061719 0.035938
2 0.685391 0.238867 0.061406 0.032422
3 0.561094 0.265918 0.062812 0.035742
3 0.316094 0.245020 0.063437 0.040820
2 0.255156 0.243066 0.063437 0.036914
3 0.498750 0.260840 0.063125 0.033398
3 0.378906 0.251074 0.064062 0.033398
3 0.437969 0.255957 0.063438 0.035352
3 0.782969 0.033301 0.059688 0.035352
3 0.746484 0.274414 0.061719 0.033203
3 0.730234 0.693359 0.060469 0.039062
3 0.807500 0.279199 0.061875 0.042773
2 0.233516 0.032617 0.060781 0.041797
3 0.721641 0.030371 0.062031 0.033398
3 0.545859 0.642676 0.063594 0.043164
2 0.119453 0.644629 0.060781 0.039258
2 0.361641 0.628223 0.060781 0.033789
3 0.854688 0.628125 0.062500 0.041406
2 0.061250 0.640625 0.056875 0.039062
0 0.485000 0.635059 0.060625 0.039648
3 0.667812 0.686426 0.063750 0.036914
2 0.299453 0.658789 0.061406 0.040234
3 0.720859 0.064746 0.063594 0.035742
3 0.606563 0.645410 0.063125 0.036914
2 0.180469 0.650684 0.060937 0.035742
3 0.730625 0.656836 0.061250 0.036328
2 0.239219 0.657031 0.059687 0.040625
3 0.853984 0.666309 0.061094 0.035742
3 0.780859 0.070215 0.061719 0.034961
2 0.360000 0.664453 0.060625 0.039844
2 0.421094 0.669434 0.060937 0.038086
3 0.606484 0.679980 0.062969 0.039648
3 0.544453 0.678418 0.063906 0.044336
2 0.150234 0.780957 0.059844 0.038477
2 0.093984 0.772656 0.059844 0.033594
2 0.855078 0.702051 0.060156 0.036914
2 0.268437 0.791016 0.058750 0.039062
1 0.034141 0.768652 0.058906 0.037305
2 0.209844 0.786426 0.060312 0.037695
2 0.328516 0.795020 0.060156 0.039258
2 0.259687 0.210547 0.063125 0.034375
3 0.510234 0.808398 0.061094 0.038672
0 0.026641 0.196289 0.053281 0.033203
2 0.143047 0.846777 0.061094 0.041211
3 0.507422 0.847363 0.061719 0.038477
3 0.447109 0.842285 0.062969 0.040039
2 0.205469 0.816895 0.060937 0.036133
2 0.084141 0.841797 0.062031 0.042969
3 0.570312 0.812695 0.059375 0.039453
2 0.146406 0.811230 0.058438 0.040430
2 0.265937 0.823828 0.060000 0.034375
2 0.027734 0.838086 0.055469 0.039453
2 0.694219 0.822070 0.060313 0.042578
2 0.386719 0.835840 0.060937 0.038867
2 0.755078 0.827832 0.060156 0.042383
3 0.816406 0.831934 0.060937 0.038867
2 0.263125 0.859375 0.060625 0.042969
2 0.629453 0.856152 0.062031 0.040430
2 0.202188 0.854785 0.060625 0.041602
3 0.570937 0.849707 0.060625 0.039258
2 0.567031 0.888770 0.062188 0.039258
2 0.321719 0.865332 0.059063 0.039258
2 0.753437 0.864648 0.063125 0.041797
2 0.505391 0.884277 0.063906 0.038086
3 0.815547 0.868848 0.062344 0.038477
2 0.444609 0.879980 0.061094 0.033398
3 0.631875 0.818945 0.063750 0.040234
2 0.326797 0.831543 0.059844 0.030273
3 0.668672 0.650977 0.062344 0.040234
2 0.691484 0.859961 0.061094 0.040234
2 0.383984 0.874707 0.061719 0.038477
0 0.422969 0.631348 0.061562 0.040039
2 0.111875 0.027539 0.061250 0.039453
2 0.172656 0.030078 0.060937 0.040625
2 0.292578 0.034277 0.060156 0.045117
2 0.301484 0.623535 0.059219 0.036133
3 0.809531 0.241113 0.062813 0.033008
2 0.136406 0.237695 0.063437 0.033984
3 0.792734 0.659766 0.063594 0.034375
2 0.482266 0.675293 0.061406 0.038086
3 0.523125 0.464453 0.061875 0.042187
3 0.833984 0.454980 0.064844 0.034961
2 0.460156 0.460645 0.060937 0.038477
2 0.414844 0.038477 0.060937 0.045703
2 0.400547 0.454297 0.060469 0.045312
2 0.352813 0.036914 0.061875 0.042578
0 0.165625 0.368945 0.062500 0.034766
0 0.105313 0.365820 0.060625 0.032422
0 0.047656 0.362598 0.060937 0.033789
2 0.771797 0.449414 0.062344 0.035547
3 0.647031 0.405371 0.059687 0.037305
2 0.404063 0.387109 0.061250 0.032031
1 0.284609 0.379199 0.062969 0.031836
2 0.224609 0.405176 0.058594 0.033008
2 0.525547 0.396777 0.060469 0.035742
2 0.466406 0.392480 0.060937 0.034961
0 0.161719 0.402832 0.064062 0.036133
3 0.586484 0.402148 0.060469 0.034766
2 0.709375 0.445020 0.062500 0.038477
2 0.276953 0.445117 0.063281 0.042578
3 0.709766 0.411230 0.063281 0.037305
2 0.402187 0.418848 0.060625 0.033008
3 0.834922 0.418555 0.063594 0.036328
3 0.648281 0.440332 0.062188 0.036914
0 0.038750 0.430566 0.061875 0.040820
2 0.217109 0.440234 0.065469 0.040625
0 0.157344 0.439648 0.064688 0.039453
2 0.339531 0.450000 0.060312 0.044531
2 0.044531 0.397949 0.060937 0.034180
2 0.102422 0.399023 0.061094 0.032422
2 0.771172 0.415137 0.061094 0.037305
2 0.342891 0.416406 0.060781 0.032031
2 0.098984 0.434570 0.063594 0.041016
3 0.586328 0.435449 0.060156 0.034961
2 0.524922 0.432617 0.062344 0.033203
3 0.476250 0.044043 0.061875 0.041211
2 0.281484 0.408984 0.062969 0.028906
2 0.463125 0.426074 0.060625 0.031836
2 0.186797 0.579492 0.057969 0.037891
2 0.486797 0.599023 0.061094 0.033984
2 0.224297 0.373145 0.061094 0.031445
3 0.381562 0.182227 0.060000 0.032422
2 0.322266 0.179004 0.060156 0.033789
2 0.344375 0.384961 0.060625 0.035547
2 0.262422 0.176367 0.062344 0.032422
4 0.127812 0.574316 0.058750 0.039258
2 0.070078 0.569336 0.055781 0.037109
2 0.364375 0.593262 0.060000 0.038086
2 0.304688 0.588184 0.059375 0.039648
2 0.245547 0.583301 0.059844 0.037695
2 0.425859 0.592480 0.061094 0.036523
2 0.203359 0.174609 0.062969 0.036719
3 0.563047 0.193848 0.060469 0.036133
3 0.598203 0.055469 0.062031 0.036719
2 0.709531 0.478516 0.062812 0.039062
3 0.833594 0.486035 0.064062 0.034570
3 0.537891 0.048633 0.060156 0.038672
2 0.646172 0.476758 0.061094 0.035547
3 0.502578 0.191504 0.061406 0.035352
3 0.772031 0.484863 0.062813 0.036133
3 0.441172 0.188574 0.060469 0.033398
2 0.145000 0.170410 0.061875 0.032227
2 0.105781 0.974219 0.058438 0.038281
3 0.607734 0.610938 0.062344 0.042188
2 0.124531 0.608105 0.058438 0.036523
2 0.163437 0.980859 0.055000 0.035937
2 0.546484 0.605859 0.061719 0.039844
3 0.659453 0.061133 0.059531 0.036328
2 0.047813 0.965527 0.055000 0.036523
2 0.183594 0.615332 0.057813 0.035352
3 0.670000 0.612988 0.061875 0.038477
2 0.242734 0.619629 0.060469 0.036133
2 0.690781 0.897852 0.062812 0.037891
2 0.629375 0.891699 0.061875 0.041211
3 0.792188 0.624023 0.062500 0.037109
3 0.730547 0.620801 0.061094 0.038477
3 0.752656 0.899902 0.061562 0.034180
3 0.813906 0.905664 0.059062 0.037891
3 0.584922 0.468652 0.060469 0.038867
2 0.222266 0.982324 0.060156 0.034961
2 0.029219 0.165234 0.058437 0.029688
2 0.085469 0.167969 0.061563 0.031250
2 0.065234 0.603418 0.058594 0.034961
