2 0.146875 0.208984 0.028125 0.074219
4 0.121875 0.208984 0.028125 0.074219
2 0.501563 0.225586 0.031250 0.072266
2 0.530469 0.224609 0.029687 0.070312
2 0.472656 0.222656 0.032813 0.074219
2 0.354687 0.214844 0.031250 0.074219
2 0.203906 0.282227 0.029687 0.076172
2 0.442969 0.222656 0.029687 0.074219
2 0.265625 0.209961 0.028125 0.072266
2 0.175781 0.207031 0.029687 0.078125
2 0.205469 0.208984 0.032813 0.074219
2 0.234375 0.208008 0.031250 0.076172
4 0.114062 0.353516 0.025000 0.074219
2 0.410938 0.293945 0.031250 0.076172
2 0.292187 0.287109 0.031250 0.074219
2 0.293750 0.211914 0.031250 0.072266
2 0.323437 0.214844 0.031250 0.074219
2 0.171094 0.354492 0.029687 0.076172
2 0.384375 0.891602 0.034375 0.072266
2 0.261719 0.284180 0.029687 0.076172
2 0.233594 0.285156 0.029687 0.074219
2 0.383594 0.216797 0.029687 0.074219
2 0.174219 0.282227 0.029687 0.072266
2 0.145313 0.281250 0.031250 0.070312
1 0.117188 0.281250 0.028125 0.074219
2 0.414062 0.219727 0.031250 0.072266
2 0.321094 0.289062 0.029687 0.074219
2 0.149219 0.868164 0.029687 0.068359
2 0.329688 0.740234 0.031250 0.074219
2 0.151562 0.801758 0.031250 0.068359
2 0.387500 0.818359 0.031250 0.074219
2 0.270313 0.808594 0.031250 0.070312
2 0.420312 0.745117 0.031250 0.072266
2 0.350781 0.290039 0.029687 0.076172
2 0.467969 0.296875 0.029687 0.074219
2 0.498437 0.297852 0.031250 0.076172
2 0.379688 0.292969 0.031250 0.078125
2 0.439844 0.294922 0.029687 0.074219
2 0.364063 0.666992 0.031250 0.076172
2 0.482812 0.673828 0.031250 0.074219
2 0.301563 0.067383 0.028125 0.072266
2 0.528125 0.298828 0.031250 0.074219
2 0.153906 0.726562 0.032813 0.078125
1 0.125781 0.727539 0.029687 0.080078
2 0.214844 0.656250 0.029687 0.074219
2 0.187500 0.653320 0.031250 0.076172
2 0.127344 0.649414 0.029687 0.072266
2 0.100781 0.649414 0.026562 0.072266
4 0.097656 0.726562 0.026562 0.082031
2 0.273438 0.662109 0.031250 0.074219
2 0.332813 0.664062 0.031250 0.074219
2 0.244531 0.659180 0.029687 0.076172
2 0.359375 0.066406 0.028125 0.078125
2 0.303906 0.662109 0.029687 0.074219
2 0.330469 0.067383 0.032813 0.076172
2 0.418750 0.073242 0.031250 0.072266
2 0.423438 0.669922 0.031250 0.078125
2 0.393750 0.667969 0.031250 0.078125
2 0.389062 0.070312 0.031250 0.078125
2 0.452344 0.672852 0.029687 0.076172
2 0.511719 0.674805 0.029687 0.072266
2 0.478906 0.076172 0.032813 0.074219
2 0.301563 0.736328 0.034375 0.074219
2 0.271875 0.735352 0.031250 0.076172
2 0.183594 0.728516 0.029687 0.074219
2 0.242188 0.732422 0.031250 0.074219
2 0.212500 0.730469 0.031250 0.074219
2 0.503906 0.825195 0.029687 0.072266
2 0.509375 0.750000 0.028125 0.078125
2 0.359375 0.742188 0.034375 0.074219
2 0.449219 0.075195 0.029687 0.072266
2 0.479687 0.749023 0.031250 0.076172
2 0.389062 0.744141 0.031250 0.074219
2 0.449219 0.745117 0.032813 0.072266
2 0.475781 0.824219 0.032813 0.070312
2 0.239844 0.806641 0.032813 0.074219
4 0.096875 0.797852 0.028125 0.064453
2 0.507812 0.079102 0.031250 0.072266
2 0.210938 0.804688 0.031250 0.074219
2 0.121875 0.800781 0.028125 0.066406
2 0.181250 0.803711 0.031250 0.072266
2 0.447656 0.822266 0.032813 0.074219
2 0.327344 0.812500 0.032813 0.074219
2 0.300781 0.810547 0.035937 0.074219
1 0.535156 0.083008 0.029687 0.076172
2 0.357031 0.815430 0.032813 0.068359
2 0.417187 0.818359 0.031250 0.074219
2 0.236719 0.878906 0.029687 0.070312
4 0.094531 0.867188 0.026562 0.070312
2 0.208594 0.875977 0.029687 0.072266
2 0.121875 0.866211 0.028125 0.068359
2 0.178125 0.872070 0.031250 0.068359
2 0.325000 0.886719 0.031250 0.074219
2 0.296094 0.883789 0.029687 0.072266
2 0.266406 0.881836 0.029687 0.072266
2 0.353906 0.889648 0.032813 0.072266
2 0.414062 0.892578 0.034375 0.074219
2 0.185156 0.062500 0.029687 0.074219
4 0.128906 0.062500 0.026562 0.074219
2 0.444531 0.896484 0.032813 0.074219
2 0.514062 0.600586 0.031250 0.076172
2 0.485156 0.598633 0.032813 0.072266
2 0.364844 0.592773 0.032813 0.076172
2 0.428125 0.519531 0.031250 0.078125
2 0.399219 0.517578 0.032813 0.078125
2 0.250000 0.509766 0.028125 0.078125
2 0.221875 0.507812 0.031250 0.078125
2 0.465625 0.370117 0.031250 0.072266
2 0.369531 0.517578 0.029687 0.074219
2 0.279687 0.510742 0.031250 0.076172
2 0.339062 0.514648 0.031250 0.076172
2 0.310937 0.513672 0.031250 0.078125
2 0.335938 0.589844 0.031250 0.074219
2 0.489063 0.525391 0.031250 0.078125
2 0.158594 0.578125 0.029687 0.074219
2 0.458594 0.523438 0.032813 0.078125
2 0.130469 0.577148 0.029687 0.076172
2 0.517188 0.524414 0.028125 0.076172
2 0.188281 0.578125 0.029687 0.074219
4 0.103125 0.577148 0.028125 0.076172
2 0.305469 0.588867 0.032813 0.076172
2 0.156250 0.060547 0.028125 0.074219
2 0.247656 0.583984 0.029687 0.074219
2 0.217188 0.581055 0.031250 0.076172
2 0.275000 0.586914 0.031250 0.076172
2 0.394531 0.592773 0.032813 0.072266
2 0.425781 0.594727 0.032813 0.072266
2 0.457031 0.596680 0.032813 0.072266
2 0.405469 0.370117 0.029687 0.076172
2 0.209375 0.133789 0.031250 0.068359
0 0.501563 0.967773 0.028125 0.060547
1 0.233594 0.949219 0.032813 0.070312
1 0.205469 0.946289 0.029687 0.068359
2 0.177344 0.942383 0.029687 0.072266
2 0.471094 0.964844 0.029687 0.058594
2 0.324219 0.955078 0.029687 0.058594
2 0.294531 0.954102 0.029687 0.064453
2 0.442188 0.962891 0.031250 0.058594
2 0.353906 0.956055 0.029687 0.060547
2 0.413281 0.959961 0.029687 0.060547
2 0.180469 0.135742 0.029687 0.068359
2 0.295312 0.139648 0.031250 0.072266
2 0.267969 0.138672 0.029687 0.074219
4 0.125781 0.135742 0.029687 0.072266
1 0.239063 0.137695 0.034375 0.068359
2 0.532031 0.154297 0.029687 0.070312
2 0.385156 0.145508 0.032813 0.072266
2 0.357031 0.143555 0.029687 0.072266
2 0.504687 0.152344 0.031250 0.070312
2 0.415625 0.144531 0.031250 0.074219
2 0.474219 0.150391 0.032813 0.070312
2 0.226562 0.358398 0.031250 0.072266
2 0.197656 0.357422 0.029687 0.074219
2 0.140625 0.354492 0.031250 0.076172
2 0.376563 0.368164 0.028125 0.072266
2 0.347656 0.366211 0.032813 0.076172
2 0.435156 0.370117 0.029687 0.076172
2 0.156250 0.650391 0.031250 0.074219
1 0.272656 0.066406 0.029687 0.074219
2 0.214844 0.061523 0.029687 0.072266
2 0.242969 0.063477 0.029687 0.072266
2 0.502344 0.900391 0.032813 0.074219
2 0.473438 0.898438 0.034375 0.074219
2 0.285938 0.361328 0.031250 0.074219
2 0.315625 0.362305 0.031250 0.072266
1 0.133594 0.501953 0.029687 0.074219
1 0.107031 0.501953 0.026562 0.074219
2 0.520312 0.448242 0.031250 0.076172
2 0.492969 0.447266 0.032813 0.078125
2 0.462500 0.446289 0.031250 0.076172
2 0.434375 0.445312 0.028125 0.074219
2 0.166406 0.431641 0.029687 0.074219
2 0.403125 0.443359 0.031250 0.074219
2 0.137500 0.427734 0.031250 0.074219
2 0.494531 0.371094 0.029687 0.074219
1 0.110156 0.428711 0.026562 0.072266
2 0.525000 0.373047 0.028125 0.074219
2 0.374219 0.442383 0.029687 0.076172
2 0.254688 0.434570 0.028125 0.072266
2 0.225000 0.431641 0.031250 0.074219
2 0.196094 0.431641 0.029687 0.074219
2 0.343750 0.440430 0.031250 0.072266
2 0.282031 0.436523 0.032813 0.076172
2 0.313281 0.437500 0.029687 0.074219
2 0.191406 0.505859 0.032813 0.074219
2 0.162500 0.504883 0.031250 0.076172
2 0.325781 0.141602 0.032813 0.072266
2 0.445312 0.146484 0.031250 0.074219
2 0.151562 0.135742 0.031250 0.072266
2 0.383594 0.958008 0.029687 0.060547
1 0.265625 0.951172 0.028125 0.066406
2 0.257031 0.359375 0.029687 0.074219
