3 0.573594 0.315820 0.062812 0.037891
3 0.570078 0.392480 0.062031 0.034961
3 0.936328 0.207227 0.060156 0.035547
3 0.875625 0.201563 0.063750 0.035938
3 0.816875 0.197070 0.061875 0.034766
3 0.754844 0.365430 0.059687 0.035547
3 0.877969 0.376367 0.059062 0.037891
3 0.694219 0.363867 0.060313 0.040234
3 0.632344 0.359570 0.064687 0.039453
3 0.943672 0.341602 0.062344 0.038672
3 0.883047 0.337500 0.062969 0.038281
3 0.823359 0.333203 0.062344 0.041406
3 0.760313 0.328125 0.061250 0.039062
3 0.570469 0.353613 0.056562 0.039258
3 0.938828 0.381152 0.062031 0.039648
3 0.630312 0.396289 0.063750 0.034766
3 0.813906 0.404102 0.065312 0.034766
3 0.751563 0.402637 0.059375 0.035742
3 0.809219 0.578223 0.062187 0.031445
3 0.687188 0.575293 0.061875 0.033398
3 0.751797 0.540332 0.066094 0.033789
3 0.873828 0.409570 0.057031 0.037891
3 0.687188 0.538184 0.065000 0.041211
3 0.932344 0.417187 0.064687 0.041406
3 0.747969 0.573340 0.061562 0.033398
3 0.809766 0.543848 0.066406 0.036914
3 0.932734 0.550195 0.059219 0.030078
3 0.874375 0.548633 0.061250 0.034766
3 0.930547 0.579590 0.061094 0.030273
3 0.924844 0.612305 0.062187 0.029297
3 0.683125 0.606543 0.063125 0.033398
3 0.868672 0.580469 0.062344 0.035937
3 0.805703 0.611133 0.058281 0.038672
2 0.692578 0.399121 0.060156 0.032617
3 0.745234 0.605762 0.062344 0.035742
3 0.818750 0.368359 0.065625 0.037500
3 0.696875 0.324316 0.062500 0.035352
3 0.636953 0.322461 0.064531 0.039453
3 0.817422 0.122754 0.062969 0.038477
3 0.758203 0.120605 0.060156 0.038086
2 0.574297 0.107324 0.061094 0.042773
3 0.864141 0.615234 0.062656 0.031250
3 0.513437 0.104590 0.061250 0.037305
3 0.451328 0.098633 0.062031 0.033203
3 0.698359 0.115723 0.062344 0.040039
3 0.695547 0.154297 0.062969 0.039062
3 0.572266 0.145313 0.060156 0.040625
3 0.634531 0.150391 0.062812 0.039062
2 0.511016 0.143457 0.062656 0.040820
3 0.449375 0.138086 0.064375 0.041797
2 0.930312 0.015039 0.060625 0.030078
2 0.880547 0.128906 0.057969 0.039062
2 0.940234 0.133691 0.061719 0.036914
3 0.697656 0.192188 0.060937 0.036719
3 0.634844 0.188184 0.063438 0.036523
3 0.820312 0.162988 0.059375 0.036914
3 0.759609 0.157031 0.062969 0.036719
3 0.571875 0.183301 0.062500 0.038477
2 0.937891 0.171777 0.060156 0.038867
3 0.879609 0.166211 0.059219 0.039453
2 0.509766 0.179004 0.060156 0.041602
3 0.448750 0.176563 0.063125 0.036719
3 0.635625 0.110547 0.061875 0.045313
3 0.757656 0.194922 0.059063 0.038281
