2 0.941953 0.195117 0.058906 0.038672
2 0.521641 0.130957 0.062031 0.035352
3 0.486641 0.298926 0.060781 0.035352
3 0.546406 0.304980 0.061562 0.039648
3 0.606953 0.306445 0.060781 0.038672
2 0.669375 0.308008 0.063750 0.037891
2 0.731172 0.314063 0.062344 0.034375
2 0.792969 0.316797 0.060937 0.039844
2 0.854688 0.320996 0.062500 0.040430
2 0.914687 0.325977 0.060625 0.038672
2 0.972656 0.330078 0.054688 0.042969
3 0.484219 0.336523 0.062188 0.040234
2 0.545156 0.341699 0.062188 0.034961
2 0.668359 0.344629 0.061719 0.036914
3 0.728047 0.350488 0.062344 0.036914
3 0.790469 0.353125 0.062187 0.034375
3 0.849375 0.359766 0.061250 0.035938
2 0.800547 0.937598 0.060469 0.035352
2 0.858984 0.939355 0.058594 0.027148
2 0.918125 0.941406 0.058125 0.031250
2 0.973203 0.943164 0.052656 0.030859
3 0.586016 0.097266 0.062656 0.034375
3 0.553281 0.962793 0.059687 0.031055
2 0.613594 0.964160 0.061562 0.029883
2 0.674063 0.964844 0.060625 0.031250
2 0.737109 0.966016 0.061719 0.029687
3 0.857734 0.968066 0.056094 0.029883
3 0.797891 0.969434 0.064531 0.028711
3 0.915703 0.971680 0.059531 0.029297
2 0.646797 0.100000 0.062344 0.028125
2 0.708047 0.103418 0.059844 0.034961
2 0.770703 0.109082 0.060156 0.038477
2 0.831641 0.114453 0.060156 0.033594
2 0.891484 0.116309 0.061094 0.033398
2 0.950547 0.123730 0.060469 0.036523
3 0.460313 0.129492 0.061250 0.036328
2 0.582891 0.132129 0.062656 0.037695
2 0.645391 0.135156 0.062656 0.039844
2 0.705391 0.141602 0.060781 0.037109
2 0.765937 0.144434 0.060000 0.038867
2 0.826406 0.148438 0.062187 0.039062
2 0.886953 0.151074 0.058281 0.040430
2 0.946875 0.158594 0.059375 0.039844
3 0.458594 0.166797 0.060937 0.036719
2 0.520234 0.168164 0.062344 0.039453
2 0.581484 0.169238 0.059844 0.037695
3 0.641094 0.175488 0.057188 0.038477
3 0.702500 0.178613 0.061250 0.040820
2 0.763359 0.182910 0.057969 0.037695
1 0.822969 0.186133 0.061562 0.040234
2 0.882188 0.190430 0.058125 0.041016
2 0.605312 0.341602 0.060625 0.034766
2 0.677344 0.932422 0.060937 0.032813
3 0.616016 0.933496 0.060156 0.034961
2 0.738281 0.934961 0.064062 0.033984
2 0.911719 0.360840 0.060937 0.034180
3 0.756016 0.556543 0.065156 0.034961
2 0.969219 0.364453 0.057188 0.033594
3 0.482812 0.372266 0.062500 0.033594
2 0.545625 0.375684 0.063125 0.040430
2 0.604531 0.378906 0.059063 0.039062
3 0.665469 0.381543 0.062188 0.036523
3 0.726875 0.386914 0.063125 0.035547
3 0.788750 0.388574 0.061875 0.034961
3 0.845625 0.392480 0.063125 0.034961
3 0.907344 0.395215 0.061562 0.036523
2 0.967734 0.397559 0.060469 0.033398
3 0.510547 0.509277 0.061719 0.038086
3 0.633047 0.517188 0.062969 0.034375
3 0.696953 0.518066 0.062656 0.032227
2 0.937344 0.568359 0.062187 0.039062
3 0.759141 0.521094 0.062031 0.034375
3 0.820625 0.527344 0.060000 0.031250
2 0.879219 0.528711 0.061562 0.033984
2 0.939844 0.534570 0.060937 0.037891
3 0.510156 0.546094 0.060937 0.037500
3 0.570391 0.548926 0.062656 0.035352
3 0.632578 0.552734 0.065156 0.031250
3 0.693594 0.552246 0.062188 0.038086
2 0.815469 0.560254 0.062187 0.038477
2 0.875547 0.563281 0.060469 0.036719
3 0.629297 0.586719 0.058594 0.032813
3 0.690937 0.590039 0.063125 0.035547
3 0.753203 0.592773 0.062656 0.037109
2 0.813984 0.595508 0.059219 0.038672
1 0.871797 0.598633 0.059219 0.037109
2 0.932891 0.600781 0.062656 0.033594
3 0.536172 0.722070 0.062969 0.037891
2 0.597734 0.726367 0.061094 0.034766
2 0.660313 0.729004 0.061250 0.036133
2 0.722187 0.730957 0.063125 0.036133
3 0.782813 0.733789 0.062500 0.037891
2 0.844063 0.737012 0.060000 0.036523
2 0.903672 0.739746 0.060469 0.034180
2 0.963828 0.742871 0.062031 0.036523
0 0.535313 0.756641 0.061250 0.032813
3 0.569063 0.582227 0.063125 0.035547
2 0.597734 0.758301 0.061094 0.032227
2 0.657969 0.760938 0.059687 0.037500
3 0.718828 0.765039 0.062656 0.037891
3 0.778750 0.768164 0.063750 0.032422
3 0.572109 0.512891 0.062969 0.033594
2 0.842031 0.771387 0.059062 0.034961
3 0.508594 0.581836 0.057813 0.034766
2 0.900938 0.772559 0.061250 0.033398
2 0.960078 0.775195 0.057656 0.034766
2 0.595547 0.786719 0.059844 0.034375
1 0.534375 0.789160 0.062500 0.035352
3 0.654922 0.790625 0.062969 0.030469
3 0.715859 0.795410 0.066094 0.032227
3 0.776484 0.798730 0.059219 0.031055
2 0.835547 0.800684 0.058594 0.034961
0 0.895312 0.804102 0.062500 0.033984
2 0.957656 0.805273 0.059062 0.032422
3 0.461406 0.092383 0.060313 0.040234
3 0.523594 0.093457 0.062812 0.038477
3 0.555547 0.930664 0.061094 0.037109
