3 0.751328 0.302246 0.062031 0.041992
3 0.811484 0.309180 0.057344 0.040234
2 0.870703 0.310937 0.060156 0.035938
2 0.931094 0.315234 0.059062 0.036719
3 0.744609 0.340332 0.064219 0.036133
3 0.807344 0.346289 0.058437 0.036328
2 0.866563 0.348535 0.061250 0.036914
2 0.926562 0.350293 0.059375 0.036523
3 0.740938 0.372168 0.063125 0.037305
2 0.802656 0.379297 0.061562 0.032031
2 0.864609 0.383496 0.057344 0.032617
2 0.922656 0.384570 0.057813 0.034766
3 0.748750 0.507715 0.060000 0.038867
3 0.807969 0.512402 0.059688 0.036523
2 0.868359 0.516211 0.061719 0.036328
2 0.928594 0.519824 0.063438 0.035742
1 0.745078 0.544531 0.058906 0.038281
0 0.803594 0.547168 0.063438 0.035742
2 0.865703 0.551074 0.062656 0.035742
2 0.925703 0.553223 0.060781 0.032227
2 0.941094 0.181445 0.063438 0.034766
1 0.741328 0.579102 0.060781 0.033203
2 0.800234 0.582812 0.062969 0.036719
2 0.861484 0.584277 0.063594 0.035742
2 0.921016 0.585742 0.060781 0.034766
2 0.974219 0.587891 0.051562 0.035156
3 0.527344 0.709766 0.064062 0.032813
3 0.591016 0.710742 0.063281 0.034766
3 0.651641 0.716113 0.065781 0.033789
2 0.712578 0.719238 0.065781 0.032227
2 0.775547 0.721973 0.063594 0.029883
2 0.836953 0.722266 0.067656 0.030469
3 0.897266 0.728711 0.063281 0.031641
2 0.956016 0.730469 0.062031 0.035156
3 0.527500 0.742969 0.061250 0.032813
2 0.589141 0.745801 0.062656 0.034570
2 0.649844 0.750195 0.062188 0.031641
2 0.710000 0.751465 0.063750 0.030273
3 0.834297 0.755566 0.065469 0.034570
3 0.771953 0.755762 0.065781 0.034961
3 0.952266 0.760254 0.063906 0.032227
3 0.892109 0.762500 0.062344 0.032813
3 0.526016 0.774609 0.061406 0.029687
2 0.587734 0.776563 0.062969 0.029687
3 0.706875 0.781250 0.063750 0.031250
2 0.646797 0.780859 0.062344 0.030469
3 0.770000 0.787207 0.065000 0.031445
3 0.830000 0.789355 0.060000 0.031836
2 0.947266 0.794531 0.063281 0.034375
3 0.888594 0.794922 0.061562 0.031250
3 0.707734 0.089844 0.059219 0.039062
3 0.543047 0.918262 0.061094 0.027930
3 0.766250 0.093066 0.060625 0.037695
3 0.604531 0.920898 0.062188 0.033203
3 0.667422 0.921289 0.059844 0.033984
3 0.727656 0.923633 0.064687 0.034766
3 0.791641 0.926465 0.061406 0.032617
2 0.850859 0.928516 0.061094 0.028906
2 0.910625 0.931152 0.058750 0.030273
2 0.970313 0.934570 0.059375 0.029297
3 0.544063 0.947559 0.060000 0.031836
3 0.603906 0.953125 0.064062 0.031250
3 0.665078 0.955176 0.058281 0.031445
3 0.727344 0.957324 0.064062 0.027930
2 0.828203 0.096680 0.062656 0.037109
3 0.787734 0.957520 0.059844 0.028320
2 0.846250 0.958301 0.061250 0.029883
4 0.905312 0.962598 0.060625 0.030664
2 0.964766 0.965430 0.063906 0.032422
3 0.542656 0.978418 0.060313 0.027148
3 0.605938 0.982617 0.065000 0.027734
3 0.665469 0.983887 0.055938 0.026367
3 0.726562 0.985352 0.062500 0.029297
2 0.844063 0.986133 0.060000 0.026953
3 0.785937 0.986328 0.059375 0.027344
3 0.888672 0.105762 0.061719 0.039648
2 0.951016 0.109570 0.061406 0.039453
3 0.704141 0.128613 0.061406 0.042383
3 0.765078 0.131738 0.061406 0.040820
3 0.827422 0.136621 0.064219 0.042773
3 0.885078 0.143066 0.057656 0.036133
2 0.945469 0.145117 0.062813 0.036328
3 0.700156 0.164844 0.059687 0.036719
3 0.762344 0.169043 0.065313 0.037305
3 0.824531 0.172949 0.064687 0.037305
3 0.881641 0.178320 0.057031 0.036328
