3 0.521953 0.494727 0.059531 0.036328
2 0.258672 0.064160 0.057969 0.034570
2 0.378437 0.074316 0.063125 0.031445
3 0.560469 0.707520 0.064687 0.036133
2 0.136719 0.639844 0.064062 0.033594
2 0.333672 0.480469 0.064219 0.035156
2 0.274766 0.473340 0.062031 0.032617
2 0.212969 0.469629 0.063437 0.036914
3 0.459766 0.491309 0.063281 0.033398
2 0.398047 0.487305 0.061719 0.033203
2 0.319688 0.621680 0.061250 0.032422
2 0.260234 0.613477 0.061094 0.035547
2 0.197500 0.063672 0.060625 0.033594
2 0.378594 0.621680 0.060313 0.036328
2 0.138437 0.057324 0.058125 0.032617
2 0.623281 0.060156 0.062188 0.030469
0 0.199844 0.609473 0.062188 0.031445
2 0.152734 0.465430 0.061719 0.036328
2 0.025938 0.054102 0.051875 0.030078
3 0.501016 0.051465 0.061406 0.032617
2 0.140625 0.604102 0.062500 0.036328
2 0.081875 0.599902 0.060625 0.035742
3 0.440391 0.047266 0.062031 0.032031
2 0.033594 0.465137 0.064062 0.031836
2 0.098984 0.428516 0.063594 0.032813
3 0.523125 0.427051 0.058750 0.029883
3 0.380469 0.042383 0.060937 0.033984
2 0.221016 0.404687 0.060781 0.035938
2 0.463672 0.425293 0.061719 0.030273
2 0.281562 0.412012 0.060000 0.031055
2 0.401406 0.422168 0.065313 0.031836
2 0.341719 0.415430 0.064688 0.033984
2 0.040938 0.432715 0.063125 0.033398
2 0.158984 0.431934 0.064844 0.031836
2 0.217734 0.436133 0.063594 0.028516
3 0.460156 0.457520 0.064062 0.032227
2 0.276562 0.442383 0.062500 0.029297
2 0.400312 0.453418 0.063125 0.031836
2 0.337969 0.447461 0.063437 0.031641
3 0.522188 0.459375 0.060000 0.032031
2 0.561719 0.055273 0.060937 0.032422
2 0.080469 0.056055 0.057813 0.033984
2 0.076406 0.636230 0.062187 0.034180
2 0.316953 0.071094 0.062031 0.032812
3 0.497734 0.704492 0.061094 0.033984
2 0.095234 0.463574 0.062344 0.036523
2 0.435859 0.700195 0.062344 0.037109
2 0.251328 0.683594 0.065156 0.035156
3 0.498594 0.669434 0.062812 0.038086
3 0.436875 0.665039 0.061250 0.033203
3 0.374297 0.695020 0.064219 0.034570
3 0.439375 0.629785 0.060000 0.036914
3 0.500000 0.633887 0.062500 0.033398
3 0.684609 0.065723 0.062969 0.029883
3 0.562109 0.639648 0.061719 0.033203
2 0.313828 0.690430 0.065156 0.037109
2 0.376250 0.658594 0.065000 0.035937
0 0.197734 0.642676 0.064219 0.035352
2 0.317188 0.654297 0.068750 0.035156
2 0.132969 0.675977 0.065938 0.035547
2 0.072344 0.670410 0.063437 0.036133
3 0.561719 0.672754 0.064062 0.033008
2 0.190938 0.678418 0.066250 0.036523
2 0.257969 0.647852 0.059687 0.033984
3 0.745859 0.069434 0.060469 0.029492
3 0.684531 0.097070 0.062812 0.030078
3 0.600156 0.921289 0.062812 0.041797
2 0.286484 0.211914 0.060469 0.033203
3 0.620703 0.093359 0.063281 0.030469
2 0.537734 0.916797 0.059844 0.036719
2 0.477891 0.915137 0.062031 0.037305
2 0.083281 0.025586 0.060312 0.027734
2 0.624141 0.030664 0.060781 0.033984
2 0.416563 0.910059 0.061250 0.038867
2 0.223750 0.240918 0.063125 0.032617
3 0.462734 0.289941 0.062969 0.033008
3 0.563359 0.025684 0.061094 0.031836
1 0.525625 0.257617 0.060625 0.030859
2 0.403203 0.251074 0.062656 0.033398
2 0.341641 0.248340 0.061406 0.035742
2 0.160156 0.267969 0.060937 0.035938
2 0.401641 0.286621 0.065781 0.034180
2 0.101875 0.262012 0.063125 0.035742
2 0.042344 0.258887 0.062813 0.037305
2 0.338750 0.280664 0.061875 0.033984
2 0.220391 0.272559 0.062656 0.029492
2 0.279922 0.274512 0.062969 0.033398
2 0.143203 0.028418 0.058281 0.029492
2 0.353906 0.903516 0.060937 0.037500
2 0.180703 0.811719 0.058281 0.037500
2 0.114219 0.872754 0.059688 0.042383
3 0.744453 0.040039 0.060781 0.033203
2 0.684688 0.034082 0.060000 0.036914
2 0.260703 0.034473 0.062031 0.025977
2 0.199297 0.033496 0.057969 0.027930
2 0.122266 0.805176 0.060156 0.040039
2 0.103281 0.396875 0.062813 0.028125
2 0.045000 0.397168 0.058750 0.036523
2 0.320547 0.041016 0.059844 0.031250
2 0.063906 0.801855 0.055937 0.037305
2 0.161719 0.400977 0.060937 0.032422
2 0.438203 0.079785 0.060781 0.030664
2 0.501094 0.080859 0.058437 0.032812
2 0.417109 0.870215 0.062344 0.037305
3 0.481094 0.840820 0.065313 0.037109
2 0.300469 0.825293 0.057187 0.037305
4 0.239531 0.816309 0.060312 0.038867
2 0.117656 0.840430 0.060312 0.032422
2 0.359844 0.829883 0.060312 0.038672
3 0.420781 0.833691 0.060313 0.038477
2 0.059922 0.834082 0.057344 0.035352
2 0.054141 0.866895 0.058281 0.046289
3 0.602266 0.846875 0.060781 0.037500
2 0.177422 0.845996 0.057969 0.031836
3 0.544219 0.845996 0.060313 0.035742
2 0.356563 0.866406 0.060000 0.033594
2 0.236719 0.852637 0.060937 0.037305
2 0.560937 0.086719 0.062500 0.028906
2 0.296719 0.857910 0.059063 0.036133
3 0.480625 0.879004 0.064375 0.035352
3 0.540937 0.880859 0.060000 0.035156
3 0.601016 0.884277 0.064531 0.038086
2 0.294453 0.898047 0.060781 0.042188
2 0.232344 0.889648 0.061563 0.037109
2 0.407891 0.219238 0.062656 0.032227
2 0.172891 0.883984 0.058281 0.041406
3 0.502734 0.021191 0.058594 0.030664
2 0.227266 0.208887 0.057656 0.034961
2 0.169844 0.198926 0.061563 0.030664
1 0.109688 0.198535 0.063125 0.033789
2 0.345938 0.214746 0.060625 0.034961
0 0.047188 0.226758 0.063125 0.031641
2 0.468047 0.223340 0.061094 0.032617
3 0.443359 0.016016 0.061719 0.032031
0 0.382109 0.014746 0.061094 0.029492
3 0.745547 0.100684 0.059844 0.033398
1 0.051328 0.194336 0.065156 0.033203
3 0.464687 0.256250 0.060625 0.035938
2 0.282578 0.244043 0.062031 0.031055
2 0.106563 0.229004 0.063125 0.032227
1 0.527187 0.227344 0.060625 0.036719
0 0.165781 0.231543 0.062813 0.037305
3 0.525156 0.289648 0.062812 0.036328
2 0.026875 0.024805 0.053750 0.030078
