2 0.620313 0.476562 0.028125 0.078125
2 0.529687 0.854492 0.031250 0.072266
2 0.587500 0.852539 0.034375 0.072266
2 0.557813 0.853516 0.034375 0.070312
2 0.507031 0.477539 0.032813 0.080078
2 0.384375 0.475586 0.031250 0.076172
1 0.566406 0.474609 0.029687 0.078125
2 0.235156 0.474609 0.029687 0.078125
2 0.207031 0.474609 0.026562 0.078125
1 0.354687 0.474609 0.031250 0.078125
2 0.507031 0.401367 0.032813 0.072266
1 0.474219 0.402344 0.032813 0.074219
2 0.566406 0.400391 0.029687 0.066406
2 0.236719 0.398438 0.029687 0.074219
2 0.265625 0.399414 0.031250 0.076172
2 0.325781 0.398438 0.029687 0.074219
2 0.586719 0.925781 0.032813 0.074219
2 0.593750 0.329102 0.028125 0.080078
2 0.564844 0.328125 0.029687 0.078125
2 0.479687 0.033203 0.031250 0.066406
2 0.558594 0.926758 0.026562 0.076172
2 0.420312 0.102539 0.031250 0.076172
2 0.539062 0.104492 0.031250 0.076172
2 0.477344 0.177734 0.029687 0.078125
2 0.568750 0.103516 0.031250 0.074219
2 0.509375 0.104492 0.031250 0.076172
2 0.599219 0.177734 0.029687 0.074219
2 0.539062 0.177734 0.031250 0.074219
2 0.448437 0.177734 0.031250 0.078125
2 0.567969 0.176758 0.029687 0.072266
2 0.328125 0.175781 0.031250 0.074219
2 0.357812 0.175781 0.031250 0.078125
2 0.359375 0.103516 0.031250 0.074219
2 0.211719 0.099609 0.029687 0.074219
2 0.387500 0.402344 0.031250 0.078125
2 0.415625 0.401367 0.031250 0.076172
2 0.538281 0.400391 0.029687 0.070312
2 0.295312 0.398438 0.031250 0.074219
2 0.443750 0.401367 0.028125 0.076172
2 0.355469 0.399414 0.029687 0.076172
2 0.529687 0.926758 0.028125 0.072266
2 0.594531 0.401367 0.029687 0.068359
2 0.295312 0.474609 0.031250 0.078125
2 0.593750 0.475586 0.028125 0.076172
2 0.621875 0.402344 0.025000 0.070312
2 0.264844 0.473633 0.029687 0.076172
2 0.474219 0.475586 0.032813 0.076172
2 0.325000 0.474609 0.028125 0.078125
2 0.414844 0.475586 0.029687 0.072266
2 0.443750 0.474609 0.028125 0.074219
2 0.614844 0.925781 0.029687 0.070312
2 0.535156 0.476562 0.029687 0.078125
2 0.264844 0.548828 0.029687 0.074219
2 0.618750 0.548828 0.028125 0.066406
2 0.204687 0.547852 0.028125 0.076172
2 0.382812 0.925781 0.031250 0.070312
2 0.501563 0.854492 0.031250 0.076172
2 0.471094 0.925781 0.029687 0.070312
2 0.442188 0.924805 0.031250 0.072266
2 0.500781 0.927734 0.029687 0.070312
2 0.210938 0.172852 0.028125 0.076172
1 0.207031 0.396484 0.029687 0.074219
2 0.270313 0.172852 0.031250 0.080078
1 0.389844 0.102539 0.032813 0.080078
2 0.241406 0.098633 0.032813 0.076172
2 0.450000 0.102539 0.031250 0.076172
2 0.478906 0.105469 0.029687 0.074219
2 0.599219 0.102539 0.029687 0.076172
2 0.625000 0.103516 0.025000 0.074219
2 0.417969 0.177734 0.032813 0.074219
2 0.239063 0.174805 0.031250 0.076172
2 0.388281 0.175781 0.029687 0.078125
2 0.297656 0.176758 0.029687 0.076172
2 0.625000 0.176758 0.021875 0.068359
2 0.508594 0.178711 0.032813 0.076172
2 0.509375 0.033203 0.028125 0.066406
2 0.330469 0.031250 0.029687 0.062500
2 0.474219 0.327148 0.029687 0.076172
2 0.539844 0.033203 0.029687 0.066406
2 0.214062 0.031250 0.028125 0.062500
2 0.242969 0.031250 0.029687 0.062500
2 0.625781 0.032227 0.026562 0.064453
2 0.389844 0.032227 0.032813 0.064453
2 0.300781 0.032227 0.029687 0.064453
2 0.599219 0.032227 0.029687 0.064453
2 0.359375 0.032227 0.028125 0.064453
1 0.505469 0.327148 0.032813 0.076172
2 0.208594 0.322266 0.029687 0.074219
2 0.325781 0.325195 0.029687 0.076172
2 0.297656 0.324219 0.029687 0.074219
2 0.356250 0.325195 0.031250 0.076172
2 0.536719 0.328125 0.032813 0.078125
2 0.620313 0.327148 0.028125 0.076172
2 0.410938 0.923828 0.028125 0.070312
2 0.444531 0.325195 0.029687 0.080078
2 0.269531 0.097656 0.029687 0.074219
2 0.330469 0.102539 0.032813 0.080078
2 0.300000 0.099609 0.031250 0.078125
2 0.386719 0.325195 0.029687 0.076172
2 0.420312 0.032227 0.031250 0.064453
2 0.416406 0.324219 0.029687 0.078125
2 0.265625 0.324219 0.031250 0.074219
2 0.568750 0.033203 0.028125 0.066406
2 0.449219 0.032227 0.029687 0.064453
2 0.271875 0.031250 0.028125 0.062500
2 0.507031 0.252930 0.032813 0.072266
2 0.475781 0.252930 0.029687 0.072266
2 0.236719 0.322266 0.029687 0.074219
2 0.327344 0.250977 0.029687 0.076172
2 0.388281 0.250000 0.029687 0.074219
2 0.297656 0.250000 0.029687 0.074219
2 0.417187 0.250977 0.031250 0.072266
2 0.268750 0.249023 0.031250 0.076172
2 0.567187 0.249023 0.028125 0.076172
2 0.239063 0.249023 0.031250 0.072266
2 0.208594 0.248047 0.029687 0.074219
2 0.205469 0.622070 0.026562 0.076172
2 0.503906 0.551758 0.029687 0.072266
2 0.354687 0.551758 0.031250 0.076172
2 0.442969 0.701172 0.029687 0.074219
2 0.502344 0.777344 0.029687 0.078125
2 0.589844 0.625000 0.026562 0.078125
2 0.233594 0.625000 0.029687 0.074219
2 0.413281 0.551758 0.029687 0.076172
2 0.617188 0.624023 0.028125 0.076172
2 0.533594 0.552734 0.026562 0.070312
2 0.325000 0.550781 0.028125 0.074219
2 0.383594 0.625977 0.032813 0.076172
2 0.323437 0.625000 0.031250 0.074219
2 0.471875 0.700195 0.028125 0.072266
2 0.262500 0.625000 0.031250 0.078125
2 0.560937 0.625977 0.031250 0.080078
2 0.353125 0.625977 0.028125 0.072266
2 0.531250 0.626953 0.031250 0.074219
2 0.292969 0.625977 0.029687 0.076172
2 0.352344 0.701172 0.029687 0.074219
1 0.443750 0.627930 0.031250 0.076172
1 0.413281 0.626953 0.029687 0.078125
2 0.473438 0.627930 0.031250 0.080078
2 0.262500 0.699219 0.031250 0.074219
2 0.503906 0.627930 0.029687 0.080078
2 0.232813 0.699219 0.031250 0.074219
1 0.204687 0.698242 0.028125 0.076172
2 0.442188 0.775391 0.031250 0.078125
1 0.413281 0.700195 0.029687 0.076172
2 0.322656 0.700195 0.029687 0.080078
1 0.382031 0.701172 0.029687 0.074219
2 0.321875 0.775391 0.031250 0.074219
2 0.616406 0.703125 0.026562 0.074219
2 0.292187 0.702148 0.031250 0.076172
2 0.471875 0.777344 0.028125 0.078125
2 0.502344 0.706055 0.029687 0.072266
2 0.530469 0.703125 0.029687 0.074219
2 0.382812 0.776367 0.031250 0.076172
2 0.589063 0.703125 0.028125 0.074219
2 0.561719 0.703125 0.032813 0.074219
2 0.291406 0.775391 0.029687 0.074219
2 0.232031 0.771484 0.029687 0.074219
2 0.203906 0.771484 0.026562 0.074219
2 0.351562 0.774414 0.031250 0.076172
1 0.261719 0.772461 0.029687 0.076172
2 0.411719 0.775391 0.029687 0.078125
2 0.384375 0.551758 0.031250 0.076172
2 0.292187 0.847656 0.031250 0.078125
2 0.530469 0.780273 0.026562 0.076172
2 0.615625 0.777344 0.028125 0.074219
2 0.589063 0.780273 0.028125 0.076172
2 0.560156 0.780273 0.032813 0.076172
2 0.382031 0.851562 0.032813 0.074219
2 0.350781 0.850586 0.026562 0.076172
1 0.323437 0.850586 0.031250 0.076172
2 0.471094 0.852539 0.029687 0.076172
2 0.442188 0.852539 0.031250 0.076172
2 0.613281 0.852539 0.029687 0.068359
2 0.411719 0.852539 0.029687 0.076172
2 0.442969 0.551758 0.029687 0.076172
2 0.592187 0.550781 0.028125 0.066406
2 0.293750 0.549805 0.031250 0.076172
2 0.624219 0.252930 0.023438 0.076172
2 0.596875 0.250977 0.031250 0.076172
2 0.446875 0.251953 0.031250 0.074219
2 0.357812 0.250977 0.031250 0.076172
2 0.537500 0.250000 0.031250 0.074219
2 0.562500 0.548828 0.031250 0.066406
2 0.235156 0.550781 0.029687 0.074219
1 0.474219 0.550781 0.032813 0.074219
