2 0.027578 0.620215 0.055156 0.037305
3 0.513594 0.622656 0.064687 0.038281
3 0.576094 0.626563 0.064687 0.034375
2 0.084531 0.626563 0.059688 0.038281
2 0.144922 0.632031 0.061719 0.037500
3 0.637734 0.633594 0.062969 0.040625
3 0.204687 0.634668 0.062500 0.034961
3 0.698828 0.636914 0.063281 0.039453
3 0.267891 0.641113 0.067031 0.043945
3 0.330547 0.645508 0.064219 0.041016
3 0.392422 0.650586 0.066094 0.039453
3 0.452187 0.655566 0.060625 0.037695
3 0.511797 0.659473 0.064219 0.037695
3 0.574141 0.661719 0.063906 0.038281
3 0.637031 0.667285 0.064687 0.041602
3 0.698359 0.675098 0.059219 0.037695
2 0.032422 0.754297 0.061719 0.039844
2 0.092109 0.758496 0.062344 0.036523
3 0.150000 0.761719 0.059375 0.042969
3 0.208750 0.769141 0.061250 0.038281
3 0.269062 0.772070 0.063125 0.044141
3 0.329531 0.778125 0.062188 0.040625
3 0.389766 0.782422 0.067031 0.045312
2 0.030156 0.788086 0.060313 0.033203
3 0.449219 0.788184 0.064062 0.041211
3 0.511484 0.792578 0.060469 0.038281
2 0.087266 0.793262 0.062031 0.035742
3 0.570547 0.799609 0.062969 0.036719
3 0.147187 0.801562 0.063125 0.040625
3 0.205938 0.806055 0.065000 0.041797
3 0.634844 0.806152 0.063438 0.034180
3 0.694844 0.810742 0.061562 0.035547
3 0.264297 0.810840 0.066094 0.035742
3 0.326328 0.815332 0.065156 0.036914
2 0.755547 0.814453 0.061094 0.035156
3 0.818516 0.818848 0.062031 0.036133
2 0.026875 0.824707 0.053750 0.043945
3 0.386797 0.823145 0.064219 0.036914
3 0.447109 0.826562 0.062969 0.039844
3 0.509375 0.829980 0.062500 0.038867
2 0.083594 0.830664 0.060937 0.040234
2 0.143594 0.838086 0.062187 0.039453
3 0.568047 0.839746 0.064219 0.038867
3 0.633125 0.841113 0.066250 0.037695
2 0.202500 0.842676 0.061250 0.036914
3 0.694688 0.846973 0.061250 0.033789
2 0.262734 0.849219 0.066094 0.038281
2 0.755312 0.849902 0.063750 0.035742
3 0.818359 0.854395 0.061719 0.033008
2 0.323203 0.853711 0.065156 0.039453
3 0.384141 0.860742 0.065156 0.041797
3 0.445547 0.865332 0.062969 0.039258
3 0.507031 0.868555 0.064062 0.041797
3 0.569375 0.873633 0.063750 0.040234
3 0.630703 0.879297 0.064531 0.039844
2 0.693281 0.884570 0.061562 0.038672
3 0.755078 0.886035 0.063281 0.037695
3 0.818594 0.887012 0.062187 0.035742
2 0.031094 0.954102 0.059062 0.037109
0 0.089219 0.959570 0.059688 0.036328
0 0.148281 0.965039 0.059062 0.035547
2 0.207031 0.969824 0.060937 0.033398
2 0.267266 0.975586 0.059531 0.033203
2 0.327031 0.978906 0.060312 0.032031
1 0.386484 0.984180 0.060469 0.030859
3 0.045703 0.349219 0.060156 0.038281
3 0.103672 0.352344 0.060469 0.036719
2 0.162734 0.355957 0.059844 0.036133
3 0.221406 0.361816 0.061563 0.032227
3 0.283516 0.363672 0.063906 0.035938
3 0.341953 0.370020 0.065156 0.040820
3 0.404375 0.371875 0.065000 0.036719
3 0.463516 0.377441 0.067656 0.043945
3 0.525000 0.380078 0.065625 0.037500
3 0.039062 0.382520 0.059375 0.034570
3 0.586328 0.384863 0.066406 0.043164
3 0.099297 0.385352 0.061094 0.040234
2 0.158203 0.389453 0.060156 0.036719
3 0.219141 0.391992 0.063281 0.033984
3 0.280000 0.396484 0.063125 0.035156
3 0.341328 0.403613 0.067031 0.041602
3 0.402578 0.405176 0.067656 0.040820
3 0.461953 0.410254 0.067656 0.043164
3 0.523516 0.412500 0.068906 0.035938
3 0.036094 0.416504 0.059688 0.036133
3 0.586328 0.418652 0.066406 0.040430
2 0.093750 0.418945 0.059375 0.037109
3 0.153359 0.423535 0.062969 0.038477
3 0.523125 0.442676 0.065000 0.041602
3 0.458516 0.445410 0.067031 0.043164
3 0.585000 0.447949 0.063750 0.040430
2 0.036016 0.550586 0.059531 0.038672
3 0.095312 0.556348 0.059375 0.038477
3 0.153828 0.559668 0.057656 0.037305
3 0.211563 0.564063 0.060625 0.038281
3 0.270313 0.570801 0.062500 0.040039
3 0.332109 0.575195 0.064219 0.041016
3 0.394219 0.580566 0.063438 0.040039
3 0.454922 0.581641 0.062969 0.038281
2 0.032266 0.585840 0.058281 0.038867
2 0.090312 0.590820 0.058750 0.037109
3 0.515156 0.590527 0.061562 0.036523
2 0.578125 0.594141 0.062500 0.032031
2 0.149609 0.594238 0.058594 0.036133
3 0.209141 0.599512 0.062031 0.034961
3 0.639062 0.600293 0.062500 0.032617
3 0.700859 0.602539 0.061094 0.033203
3 0.270078 0.605371 0.065156 0.042773
3 0.330781 0.612305 0.064688 0.041016
3 0.393047 0.615430 0.064219 0.039453
3 0.454219 0.618457 0.061562 0.041602
