2 0.941250 0.623437 0.066875 0.035937
2 0.419531 0.799316 0.060937 0.032227
3 0.175000 0.781738 0.059375 0.032227
2 0.874375 0.685254 0.061250 0.030664
2 0.855469 0.074023 0.060937 0.038672
2 0.452266 0.660742 0.060781 0.036328
2 0.698047 0.610254 0.061719 0.033008
2 0.637891 0.604492 0.063281 0.033203
3 0.352891 0.208984 0.062031 0.035156
2 0.902578 0.207031 0.061406 0.035156
2 0.782656 0.197949 0.062187 0.036523
3 0.290703 0.205859 0.062656 0.036719
2 0.515781 0.596289 0.062812 0.032422
2 0.718594 0.227637 0.062188 0.033398
2 0.536094 0.218457 0.062812 0.034570
0 0.656250 0.227246 0.062500 0.032617
2 0.596875 0.221680 0.059375 0.033203
2 0.821641 0.616309 0.065156 0.037305
2 0.760078 0.611816 0.063906 0.032227
1 0.331484 0.620117 0.059844 0.029297
0 0.392109 0.620215 0.062344 0.033398
2 0.475547 0.213770 0.060469 0.033008
3 0.415234 0.209766 0.061719 0.036719
2 0.843359 0.204492 0.061719 0.037891
2 0.964687 0.211914 0.060625 0.037109
2 0.575937 0.601855 0.061250 0.031836
2 0.391641 0.656836 0.061406 0.032422
0 0.876563 0.653027 0.062500 0.032617
0 0.696484 0.642285 0.061719 0.034570
2 0.514766 0.630469 0.060781 0.034375
2 0.452578 0.625879 0.061406 0.033008
2 0.735781 0.065039 0.062188 0.040234
2 0.675078 0.020605 0.059531 0.041211
2 0.636641 0.636914 0.063906 0.031641
2 0.574609 0.636328 0.061719 0.034375
2 0.237500 0.819531 0.059375 0.033594
0 0.818828 0.649414 0.062656 0.029297
2 0.236953 0.853223 0.061406 0.034570
3 0.480859 0.836230 0.061719 0.031836
3 0.358984 0.825293 0.061719 0.029492
2 0.757109 0.644434 0.064219 0.034961
1 0.331016 0.653320 0.058906 0.033203
2 0.936250 0.655762 0.063125 0.034180
0 0.881094 0.619531 0.062187 0.035937
3 0.115391 0.816602 0.062031 0.035547
2 0.695312 0.676367 0.062500 0.032422
2 0.176406 0.816406 0.062188 0.035156
2 0.634453 0.669629 0.062656 0.034570
2 0.572578 0.668652 0.060781 0.032617
2 0.512813 0.662891 0.060000 0.032813
2 0.911875 0.078613 0.064375 0.036133
1 0.814063 0.681055 0.062500 0.033984
1 0.754687 0.678223 0.062500 0.032227
2 0.663672 0.813477 0.061719 0.033203
2 0.795000 0.068164 0.061875 0.042578
2 0.932969 0.689648 0.062813 0.035547
2 0.603672 0.810547 0.060469 0.035156
2 0.297734 0.790430 0.061094 0.033984
3 0.236250 0.787207 0.060000 0.031445
2 0.543281 0.805859 0.061562 0.033594
2 0.359141 0.794922 0.062031 0.031250
2 0.480781 0.801758 0.061562 0.033203
2 0.662422 0.847168 0.062344 0.030273
2 0.846406 0.824414 0.061562 0.035547
2 0.296250 0.823145 0.061250 0.033008
2 0.726016 0.818359 0.061406 0.035156
2 0.787656 0.821094 0.059688 0.032813
2 0.602656 0.842969 0.061562 0.029687
2 0.966250 0.829297 0.063750 0.033594
2 0.906094 0.827930 0.059062 0.034766
3 0.419375 0.829004 0.060625 0.029102
2 0.541484 0.840332 0.061094 0.032227
1 0.970234 0.083691 0.059219 0.042383
2 0.175469 0.849121 0.060312 0.030273
3 0.116172 0.847754 0.063594 0.027539
2 0.724297 0.850000 0.061094 0.028125
3 0.357891 0.854980 0.062656 0.030273
2 0.783281 0.854199 0.060313 0.032617
3 0.332734 0.415332 0.062344 0.033789
2 0.453281 0.593066 0.062812 0.033789
2 0.885234 0.411230 0.061094 0.033398
3 0.371719 0.042090 0.059063 0.037305
2 0.823906 0.408887 0.060313 0.036523
2 0.761875 0.405566 0.061250 0.033789
3 0.393750 0.382520 0.059375 0.038477
3 0.352500 0.243652 0.061250 0.034180
3 0.332422 0.378711 0.061719 0.038672
3 0.290547 0.241016 0.062344 0.032813
2 0.841484 0.238965 0.064219 0.032617
2 0.780234 0.234863 0.060469 0.036133
3 0.310937 0.037402 0.062500 0.035742
0 0.655391 0.261328 0.060781 0.034375
2 0.959531 0.246973 0.062813 0.033008
2 0.899219 0.243164 0.064062 0.033203
2 0.594453 0.256641 0.060781 0.032813
3 0.413750 0.246875 0.061875 0.036719
2 0.536797 0.252441 0.061094 0.036133
3 0.251172 0.035840 0.061719 0.036523
2 0.836875 0.272754 0.061250 0.033789
0 0.777813 0.269629 0.061875 0.035352
2 0.858047 0.033691 0.059844 0.043945
1 0.895547 0.278223 0.062969 0.036914
2 0.796641 0.028906 0.062031 0.038281
2 0.579375 0.391895 0.061875 0.037695
2 0.454531 0.384277 0.062188 0.038086
2 0.516719 0.388574 0.061562 0.038867
2 0.701172 0.399023 0.061719 0.036328
2 0.917812 0.039844 0.060625 0.040625
2 0.639922 0.396875 0.061094 0.039844
2 0.956406 0.281250 0.062813 0.035156
2 0.973437 0.041992 0.053125 0.041016
2 0.945469 0.415332 0.059688 0.037695
2 0.516875 0.424023 0.061875 0.031641
2 0.454844 0.421484 0.062812 0.034375
3 0.392813 0.419922 0.060625 0.035156
3 0.392578 0.587695 0.063281 0.034766
3 0.332109 0.449707 0.061094 0.032227
2 0.639141 0.431543 0.062656 0.034961
3 0.432188 0.043945 0.061250 0.037109
2 0.880547 0.445215 0.057969 0.034961
2 0.821562 0.442676 0.061875 0.033789
3 0.331484 0.587012 0.059844 0.037305
1 0.612344 0.054297 0.059063 0.038281
2 0.935078 0.484082 0.060781 0.034570
0 0.876719 0.482812 0.059688 0.035937
2 0.817812 0.478418 0.060625 0.034961
2 0.756641 0.475488 0.060156 0.033008
2 0.697031 0.471973 0.059687 0.037695
2 0.454688 0.456934 0.062500 0.034961
2 0.637188 0.465723 0.061875 0.033008
2 0.552500 0.050586 0.061250 0.042578
2 0.516094 0.457422 0.060313 0.035938
2 0.576016 0.462012 0.061406 0.037305
2 0.940156 0.450195 0.061562 0.033203
2 0.392891 0.453906 0.060781 0.032813
2 0.492344 0.049707 0.059687 0.036914
2 0.674375 0.060156 0.061250 0.038281
2 0.716328 0.262598 0.060781 0.040820
3 0.352813 0.173145 0.061875 0.037695
3 0.415000 0.175391 0.061250 0.034375
3 0.291875 0.170703 0.061875 0.032812
3 0.419219 0.859766 0.060313 0.032031
2 0.902656 0.860742 0.058437 0.030078
2 0.962344 0.862402 0.062187 0.033398
3 0.296172 0.856348 0.061094 0.029102
2 0.555781 0.015527 0.058437 0.031055
2 0.840781 0.886230 0.062813 0.030273
2 0.493438 0.015332 0.061875 0.030664
2 0.539922 0.872559 0.061094 0.030273
3 0.479687 0.867676 0.059375 0.032227
2 0.781172 0.884766 0.059219 0.031250
2 0.721328 0.879785 0.061406 0.033008
2 0.660234 0.878613 0.061094 0.030664
2 0.901172 0.890332 0.058594 0.030664
2 0.431797 0.012695 0.060469 0.025391
2 0.958437 0.892969 0.060625 0.028125
2 0.615859 0.017969 0.059844 0.035937
2 0.661094 0.189453 0.062812 0.039062
2 0.537578 0.183105 0.062656 0.038086
2 0.599531 0.185254 0.061562 0.038477
3 0.476172 0.179395 0.061719 0.034570
2 0.722187 0.193750 0.060000 0.035938
2 0.577578 0.427734 0.061406 0.031250
2 0.760078 0.439453 0.060781 0.035156
2 0.700781 0.435254 0.060937 0.034570
2 0.600625 0.874512 0.060625 0.034180
2 0.844063 0.856738 0.060000 0.029883
2 0.475547 0.250195 0.060469 0.035547
2 0.736016 0.025684 0.059531 0.043555
