3 0.132969 0.225781 0.056563 0.029688
2 0.370938 0.230762 0.060625 0.031836
3 0.251250 0.226660 0.061875 0.031445
3 0.075938 0.227344 0.058125 0.032812
3 0.136484 0.197168 0.057344 0.034961
3 0.196719 0.195020 0.062188 0.030664
3 0.316094 0.195703 0.057187 0.028125
3 0.256875 0.196777 0.060625 0.030273
3 0.373359 0.197168 0.059219 0.031055
3 0.191406 0.226172 0.060937 0.030469
3 0.311797 0.228613 0.057969 0.035352
3 0.046328 0.359180 0.058281 0.030859
3 0.106016 0.363672 0.058906 0.032031
3 0.165938 0.365723 0.060000 0.036133
2 0.225156 0.367480 0.059687 0.035742
2 0.285000 0.368262 0.060625 0.033398
3 0.345313 0.369238 0.059375 0.031445
3 0.045703 0.391504 0.057031 0.033008
3 0.102422 0.395801 0.057969 0.033789
2 0.162031 0.397754 0.061563 0.033789
2 0.221953 0.402441 0.059531 0.035352
2 0.282656 0.402148 0.062188 0.034766
3 0.343672 0.403809 0.059219 0.034180
2 0.038047 0.425977 0.060469 0.035547
2 0.097969 0.429980 0.058438 0.031836
2 0.158516 0.431152 0.060781 0.034180
2 0.217891 0.433301 0.060781 0.034570
3 0.279062 0.437500 0.061250 0.035156
3 0.339141 0.439258 0.059531 0.034766
2 0.065547 0.560156 0.059219 0.034375
3 0.124922 0.564258 0.059219 0.034766
3 0.183828 0.567480 0.061406 0.037305
2 0.244453 0.570312 0.060781 0.035156
2 0.303594 0.572559 0.060312 0.035742
0 0.363359 0.575879 0.061094 0.034570
2 0.064141 0.594238 0.059531 0.032227
3 0.121562 0.602148 0.058750 0.036328
2 0.180781 0.605078 0.061563 0.038281
2 0.240313 0.604297 0.061875 0.032813
2 0.300234 0.606250 0.059844 0.032813
0 0.361250 0.608496 0.060000 0.033398
2 0.060000 0.628613 0.057500 0.038477
2 0.117109 0.636133 0.059219 0.033984
2 0.177891 0.639355 0.062031 0.036523
2 0.238750 0.639258 0.058750 0.036328
2 0.298438 0.639648 0.062500 0.037109
3 0.360625 0.643652 0.061875 0.037305
1 0.034766 0.762598 0.060156 0.036914
2 0.092266 0.767480 0.056406 0.034961
3 0.150078 0.774023 0.059531 0.040234
3 0.207891 0.773828 0.056406 0.039844
3 0.269141 0.774707 0.066406 0.037695
3 0.331797 0.778320 0.060469 0.037109
3 0.392656 0.782520 0.060313 0.037695
2 0.030078 0.798145 0.060156 0.037695
2 0.089922 0.801367 0.057969 0.036328
3 0.148359 0.811621 0.059219 0.037305
3 0.268437 0.812012 0.065000 0.038086
3 0.207187 0.813867 0.058125 0.037891
3 0.329766 0.815234 0.059531 0.040625
3 0.389531 0.818164 0.060313 0.038672
2 0.027891 0.833398 0.055781 0.033984
3 0.085781 0.837891 0.059062 0.039062
3 0.146641 0.845020 0.062031 0.037695
3 0.206094 0.848828 0.059063 0.033594
3 0.267734 0.851367 0.063594 0.038672
3 0.329062 0.852734 0.061250 0.037500
3 0.389141 0.855176 0.059531 0.038477
3 0.062500 0.967187 0.056250 0.039844
3 0.121250 0.971582 0.061250 0.040820
3 0.182422 0.976172 0.058594 0.038281
3 0.241250 0.979590 0.057500 0.037305
2 0.298438 0.981445 0.059375 0.037109
2 0.360156 0.982422 0.060937 0.035156
3 0.421875 0.982422 0.062500 0.035156
3 0.107656 0.017188 0.062187 0.034375
3 0.080469 0.160254 0.064062 0.031445
3 0.140391 0.163086 0.058906 0.037109
3 0.198828 0.164453 0.060156 0.028125
3 0.378047 0.163867 0.059219 0.034766
3 0.316953 0.166211 0.058906 0.031641
3 0.257578 0.166309 0.062031 0.031836
3 0.290313 0.017676 0.065000 0.035352
3 0.351406 0.017676 0.062188 0.035352
3 0.052344 0.018359 0.057813 0.032813
2 0.168047 0.018555 0.064219 0.037109
2 0.230156 0.018945 0.063437 0.037891
3 0.078594 0.193945 0.060312 0.032422
