1 0.561719 0.806641 0.032813 0.070312
2 0.000000 0.002051 0.000000 0.000195
2 0.048438 0.579102 0.028125 0.068359
2 0.300000 0.569336 0.028125 0.080078
2 0.049219 0.510742 0.026562 0.068359
2 0.217969 0.487305 0.026562 0.076172
2 0.592187 0.807617 0.031250 0.068359
2 0.348438 0.942383 0.028125 0.072266
4 0.204687 0.933594 0.025000 0.070312
1 0.115625 0.917969 0.028125 0.058594
2 0.499219 0.876953 0.032813 0.070312
2 0.560156 0.880859 0.029687 0.074219
1 0.617969 0.880859 0.029687 0.074219
4 0.204687 0.858398 0.025000 0.076172
2 0.321875 0.869141 0.031250 0.074219
2 0.060937 0.972656 0.025000 0.054688
2 0.378125 0.873047 0.031250 0.074219
2 0.467187 0.949219 0.031250 0.074219
2 0.232031 0.933594 0.029687 0.070312
1 0.440625 0.875000 0.031250 0.070312
2 0.469531 0.875977 0.029687 0.068359
2 0.231250 0.862305 0.031250 0.080078
2 0.261719 0.865234 0.032813 0.070312
2 0.586719 0.956055 0.032813 0.076172
2 0.213281 0.635742 0.029687 0.072266
2 0.271094 0.641602 0.029687 0.076172
2 0.352344 0.794922 0.032813 0.074219
2 0.501563 0.803711 0.034375 0.076172
2 0.412500 0.797852 0.031250 0.076172
2 0.328906 0.644531 0.032813 0.078125
2 0.121875 0.717773 0.025000 0.072266
2 0.534375 0.729492 0.034375 0.068359
4 0.206250 0.785156 0.028125 0.070312
2 0.416406 0.724609 0.032813 0.070312
2 0.474219 0.725586 0.029687 0.072266
2 0.298438 0.718750 0.028125 0.074219
2 0.327344 0.720703 0.032813 0.074219
4 0.211719 0.711914 0.029687 0.076172
2 0.020313 0.713867 0.025000 0.072266
2 0.043750 0.714844 0.028125 0.074219
2 0.388281 0.647461 0.032813 0.080078
2 0.125781 0.646484 0.026562 0.070312
2 0.358594 0.648438 0.032813 0.078125
2 0.000000 0.002051 0.000000 0.000195
2 0.244531 0.488281 0.032813 0.074219
2 0.273438 0.489258 0.034375 0.068359
2 0.023438 0.509766 0.028125 0.070312
4 0.215625 0.563477 0.028125 0.072266
2 0.273438 0.563477 0.031250 0.080078
2 0.242969 0.566406 0.029687 0.082031
2 0.330469 0.570312 0.032813 0.078125
2 0.362500 0.571289 0.031250 0.072266
2 0.021875 0.578125 0.025000 0.066406
2 0.074219 0.580078 0.026562 0.066406
2 0.127344 0.581055 0.026562 0.064453
2 0.100781 0.582031 0.026562 0.066406
2 0.241406 0.639648 0.029687 0.072266
2 0.298438 0.643555 0.031250 0.076172
2 0.020313 0.645508 0.025000 0.068359
2 0.046875 0.646484 0.025000 0.066406
2 0.072656 0.645508 0.023438 0.068359
2 0.099219 0.646484 0.026562 0.066406
2 0.448437 0.650391 0.031250 0.074219
2 0.069531 0.713867 0.029687 0.072266
2 0.237500 0.715820 0.034375 0.080078
2 0.096875 0.715820 0.028125 0.076172
2 0.267969 0.718750 0.032813 0.074219
2 0.385937 0.722656 0.031250 0.070312
2 0.446875 0.725586 0.034375 0.072266
1 0.503906 0.727539 0.032813 0.072266
2 0.264844 0.791992 0.029687 0.076172
2 0.293750 0.792969 0.031250 0.078125
2 0.324219 0.792969 0.032813 0.074219
2 0.382031 0.797852 0.032813 0.076172
2 0.442188 0.800781 0.031250 0.078125
2 0.531250 0.802734 0.031250 0.078125
2 0.621094 0.809570 0.029687 0.068359
2 0.292187 0.867188 0.031250 0.070312
2 0.350000 0.870117 0.031250 0.072266
1 0.407813 0.873047 0.034375 0.074219
2 0.530469 0.877930 0.029687 0.072266
2 0.589844 0.880859 0.029687 0.078125
2 0.088281 0.916016 0.023438 0.058594
2 0.260937 0.936523 0.028125 0.072266
2 0.289844 0.939453 0.029687 0.074219
2 0.321094 0.942383 0.029687 0.076172
1 0.376563 0.943359 0.028125 0.074219
1 0.407813 0.947266 0.034375 0.074219
2 0.438281 0.949219 0.032813 0.074219
2 0.496875 0.950195 0.031250 0.076172
2 0.526563 0.954102 0.031250 0.072266
2 0.556250 0.954102 0.031250 0.076172
2 0.615625 0.955078 0.031250 0.074219
2 0.111719 0.972656 0.026562 0.054688
2 0.417969 0.650391 0.032813 0.078125
2 0.359375 0.721680 0.031250 0.068359
2 0.234375 0.788086 0.034375 0.068359
2 0.471094 0.802734 0.029687 0.082031
