2 0.818359 0.498047 0.061719 0.035156
2 0.166563 0.047461 0.061250 0.040234
2 0.267969 0.469824 0.060937 0.033398
2 0.636250 0.485645 0.063125 0.037695
2 0.756719 0.491309 0.060313 0.037305
2 0.878281 0.500586 0.059688 0.040234
2 0.268203 0.502539 0.061406 0.032422
2 0.938281 0.504199 0.060937 0.035742
2 0.228437 0.050781 0.060000 0.039062
2 0.389844 0.508301 0.060937 0.032227
2 0.450625 0.512305 0.060625 0.032422
2 0.511797 0.516699 0.061094 0.033398
2 0.571484 0.519141 0.064844 0.038281
2 0.091484 0.523535 0.061094 0.035352
1 0.031563 0.523926 0.063125 0.032227
2 0.695078 0.523926 0.058906 0.032227
2 0.210781 0.531348 0.062188 0.035352
2 0.269141 0.533691 0.060156 0.036133
0 0.876328 0.536523 0.058906 0.033984
2 0.389453 0.539844 0.060156 0.036719
2 0.509219 0.546875 0.059063 0.035156
0 0.630859 0.555469 0.058594 0.036719
2 0.751953 0.559277 0.063281 0.036523
0 0.870937 0.568652 0.060625 0.035742
2 0.347734 0.059961 0.061094 0.037891
2 0.049297 0.659863 0.061094 0.030664
2 0.530859 0.067480 0.061719 0.037305
2 0.169297 0.669727 0.060469 0.034766
2 0.290859 0.676270 0.062969 0.032227
2 0.413516 0.682129 0.061406 0.032227
2 0.535078 0.690039 0.060781 0.032422
2 0.598437 0.693066 0.062500 0.034570
0 0.051250 0.693555 0.061875 0.035547
2 0.111797 0.699805 0.061094 0.032422
2 0.169766 0.701758 0.061406 0.032422
2 0.379062 0.919043 0.061250 0.029492
2 0.438281 0.922266 0.060937 0.028125
2 0.499531 0.925586 0.061562 0.026953
1 0.081875 0.925977 0.060625 0.031641
2 0.559766 0.927148 0.060156 0.030078
2 0.621172 0.931738 0.061094 0.031445
2 0.141797 0.933496 0.058594 0.031055
2 0.681719 0.936133 0.060313 0.032422
2 0.200078 0.935254 0.059531 0.034570
2 0.742031 0.938867 0.059063 0.030078
2 0.258437 0.940723 0.060625 0.029883
2 0.859609 0.940625 0.059844 0.029687
2 0.801172 0.941797 0.061719 0.028125
2 0.318984 0.943066 0.059844 0.030664
2 0.920469 0.943359 0.059688 0.031250
2 0.380000 0.947070 0.063125 0.030859
2 0.440547 0.950879 0.059219 0.030664
1 0.500781 0.953613 0.060937 0.032227
2 0.349219 0.095703 0.060937 0.035156
2 0.559141 0.957910 0.058906 0.033008
2 0.619375 0.961035 0.060625 0.035352
0 0.679609 0.965234 0.059219 0.032031
2 0.738203 0.967676 0.060781 0.029102
2 0.798594 0.967969 0.059688 0.025781
2 0.855703 0.970996 0.061406 0.031836
1 0.915312 0.974902 0.058750 0.031836
2 0.954688 0.099023 0.059375 0.037891
2 0.409922 0.099512 0.060469 0.034961
2 0.470937 0.103516 0.060625 0.035156
2 0.531172 0.106055 0.059219 0.036328
2 0.590859 0.111914 0.062969 0.036328
2 0.652422 0.112598 0.061094 0.033789
2 0.711406 0.116699 0.060313 0.038086
2 0.050000 0.116895 0.062500 0.038477
2 0.109922 0.118945 0.060469 0.034766
0 0.772188 0.121191 0.060000 0.039258
2 0.167344 0.123340 0.059688 0.035742
2 0.229297 0.123633 0.061719 0.036328
0 0.832109 0.125391 0.061094 0.039844
2 0.288281 0.127832 0.060937 0.036914
2 0.889844 0.130176 0.060937 0.037695
2 0.348906 0.131934 0.060312 0.037305
2 0.949922 0.132324 0.059219 0.034180
2 0.409922 0.134668 0.060469 0.034961
2 0.470156 0.136621 0.059063 0.034961
2 0.530469 0.142090 0.060937 0.034180
2 0.589922 0.147559 0.061094 0.033398
2 0.650938 0.149121 0.061250 0.036523
2 0.711172 0.152246 0.059844 0.038867
0 0.770781 0.158594 0.060313 0.035938
2 0.828672 0.163086 0.060469 0.037109
0 0.887734 0.163086 0.059844 0.037109
2 0.946562 0.168555 0.058750 0.036328
2 0.208594 0.498633 0.060937 0.036328
2 0.658906 0.695996 0.058437 0.036523
2 0.513516 0.482129 0.061406 0.034570
2 0.452187 0.477148 0.060625 0.036328
2 0.329141 0.471387 0.061406 0.036523
2 0.389844 0.474121 0.060937 0.034180
2 0.329453 0.505273 0.062031 0.033984
2 0.632891 0.520605 0.062656 0.033398
2 0.149922 0.526270 0.059219 0.036914
2 0.755625 0.525195 0.061250 0.034766
2 0.450234 0.544531 0.059844 0.034375
0 0.933906 0.537695 0.061562 0.032422
2 0.329531 0.535352 0.062188 0.035547
2 0.816563 0.532520 0.061250 0.037695
2 0.288047 0.054004 0.060469 0.037695
2 0.410156 0.062500 0.060937 0.039062
2 0.470859 0.065527 0.060469 0.037305
2 0.229766 0.675488 0.062656 0.030664
2 0.110000 0.668262 0.060625 0.031836
2 0.572344 0.549512 0.066563 0.040430
2 0.147656 0.495508 0.060937 0.033984
2 0.030781 0.490527 0.061562 0.031836
2 0.090234 0.492383 0.061719 0.031641
2 0.696250 0.490918 0.061250 0.036523
2 0.574609 0.485547 0.061719 0.029687
2 0.353047 0.679199 0.062344 0.034180
2 0.928906 0.568848 0.060937 0.032227
0 0.812031 0.564648 0.061562 0.039453
1 0.691797 0.557520 0.061719 0.036914
2 0.474609 0.685352 0.061719 0.030859
2 0.062734 0.253320 0.059844 0.037891
2 0.123125 0.257227 0.061875 0.033984
2 0.182734 0.257812 0.062344 0.035156
2 0.951875 0.770605 0.060000 0.029492
2 0.242891 0.259473 0.060781 0.038477
2 0.304141 0.264258 0.061406 0.036328
2 0.365469 0.268164 0.062188 0.036328
2 0.426484 0.270410 0.062344 0.040820
2 0.486641 0.273340 0.060781 0.038867
2 0.547891 0.276270 0.061406 0.036914
2 0.610000 0.281348 0.060625 0.035352
2 0.671406 0.285742 0.061562 0.036328
2 0.731406 0.288477 0.062812 0.037891
2 0.065156 0.288672 0.061562 0.034375
2 0.122031 0.290723 0.059688 0.034570
0 0.793828 0.291113 0.059531 0.039258
2 0.182578 0.292090 0.062031 0.033398
2 0.242969 0.294434 0.060937 0.034180
2 0.854141 0.296289 0.058281 0.041797
2 0.303281 0.299512 0.059687 0.036523
2 0.913359 0.299805 0.061094 0.037109
2 0.970938 0.301367 0.057500 0.036328
2 0.364063 0.303027 0.062500 0.035742
2 0.426016 0.307422 0.061406 0.036719
2 0.485703 0.310059 0.062031 0.034180
2 0.546250 0.312109 0.061250 0.034375
2 0.606484 0.314648 0.059844 0.035547
2 0.668125 0.319824 0.061250 0.034180
2 0.064766 0.321973 0.060781 0.034570
2 0.727344 0.325195 0.060937 0.037109
2 0.123750 0.324512 0.056875 0.035742
2 0.788438 0.326562 0.061250 0.039844
2 0.182500 0.327246 0.061875 0.037305
2 0.243047 0.331250 0.061094 0.037500
2 0.849219 0.331055 0.060937 0.041016
2 0.908750 0.333887 0.061250 0.034961
2 0.303906 0.334277 0.060937 0.039648
2 0.968203 0.335840 0.058281 0.034961
2 0.363359 0.339160 0.061094 0.033789
2 0.424141 0.341504 0.060781 0.034570
2 0.485156 0.342676 0.060937 0.040820
2 0.546328 0.347656 0.061406 0.035156
1 0.605156 0.349512 0.060313 0.034961
1 0.664844 0.353516 0.060937 0.031250
2 0.727109 0.358594 0.060469 0.033594
2 0.904922 0.366699 0.059844 0.038086
2 0.963516 0.371973 0.058281 0.036914
2 0.086641 0.457715 0.060781 0.036523
2 0.145781 0.460645 0.060312 0.034570
2 0.207109 0.463281 0.061094 0.035938
2 0.107031 0.046875 0.060937 0.039062
2 0.718438 0.702344 0.058750 0.033594
2 0.229297 0.703223 0.061719 0.027539
2 0.899766 0.706836 0.058906 0.034766
2 0.291953 0.707617 0.062031 0.032422
2 0.960156 0.708594 0.060937 0.034375
2 0.352109 0.710742 0.060469 0.034766
0 0.413359 0.713770 0.061094 0.033008
2 0.474375 0.715918 0.061250 0.033398
2 0.535391 0.720996 0.061406 0.031836
2 0.592656 0.073145 0.060313 0.036914
1 0.051797 0.726270 0.059844 0.034570
2 0.595391 0.725684 0.062656 0.029492
2 0.656641 0.727832 0.060156 0.029883
0 0.112187 0.728418 0.061875 0.034961
2 0.172500 0.732227 0.060625 0.034766
2 0.232109 0.734082 0.061094 0.034570
2 0.717891 0.734375 0.063906 0.035156
2 0.778594 0.735449 0.060313 0.029492
2 0.836562 0.738574 0.060625 0.031836
2 0.292266 0.738965 0.062656 0.032617
0 0.897813 0.740234 0.061250 0.035156
2 0.352266 0.740430 0.060781 0.035547
2 0.654531 0.076367 0.062188 0.035547
2 0.715234 0.763379 0.061719 0.038477
2 0.773359 0.766797 0.062344 0.033594
2 0.833672 0.769531 0.057969 0.035156
0 0.891719 0.770312 0.061562 0.028906
2 0.714687 0.080566 0.060625 0.036133
2 0.048516 0.080957 0.059531 0.036914
2 0.774297 0.083984 0.057969 0.039062
2 0.108438 0.084570 0.060625 0.036328
2 0.167969 0.086133 0.060937 0.039453
2 0.080312 0.866211 0.060625 0.029297
2 0.137422 0.870996 0.059219 0.031055
2 0.197031 0.876465 0.059687 0.034180
2 0.228359 0.088184 0.059844 0.035742
0 0.834141 0.089941 0.062031 0.039258
2 0.258359 0.881348 0.060469 0.032227
2 0.378750 0.887695 0.063750 0.033203
2 0.440781 0.891992 0.059687 0.030078
2 0.079766 0.895410 0.059531 0.029102
2 0.500234 0.897266 0.059844 0.028906
2 0.560781 0.897949 0.062188 0.030273
2 0.622656 0.900391 0.060937 0.031250
2 0.138984 0.902246 0.059219 0.031055
2 0.683984 0.904297 0.061719 0.031250
2 0.198594 0.907324 0.059687 0.029492
2 0.743125 0.907031 0.058125 0.032813
2 0.803750 0.911719 0.060625 0.030469
2 0.863203 0.911914 0.060781 0.026953
2 0.259063 0.912012 0.061875 0.031055
2 0.923281 0.913281 0.059062 0.029687
2 0.318594 0.915820 0.059063 0.026953
2 0.288125 0.093066 0.060625 0.037695
2 0.895469 0.093945 0.059688 0.039453
2 0.655078 0.757129 0.060156 0.033789
2 0.534766 0.751074 0.060156 0.033398
2 0.595078 0.753613 0.062031 0.034570
1 0.473047 0.747949 0.061719 0.031055
0 0.412109 0.744336 0.058594 0.031641
2 0.955859 0.742285 0.058594 0.031445
2 0.029375 0.456250 0.058750 0.037500
2 0.045391 0.043359 0.059531 0.039844
2 0.786406 0.363184 0.060313 0.034961
1 0.844375 0.365723 0.060625 0.032227
2 0.841094 0.705371 0.060313 0.035742
2 0.318281 0.885645 0.058438 0.029102
2 0.780781 0.704688 0.061562 0.034375
