2 0.177500 0.194824 0.058125 0.034180
2 0.238203 0.197363 0.060781 0.035352
2 0.780469 0.198437 0.064062 0.033594
2 0.839297 0.202637 0.059844 0.038086
2 0.298750 0.202148 0.060000 0.033203
0 0.358906 0.206445 0.061563 0.033984
0 0.899375 0.208789 0.064375 0.034766
2 0.958047 0.209082 0.062969 0.035352
2 0.418906 0.210059 0.059687 0.033398
0 0.478437 0.212793 0.060000 0.031055
2 0.690156 0.020801 0.058437 0.037695
2 0.539219 0.215625 0.059687 0.032812
2 0.598828 0.220703 0.060156 0.035156
1 0.658516 0.222266 0.060781 0.034375
2 0.718672 0.226465 0.062344 0.031055
1 0.776719 0.232715 0.059688 0.031836
2 0.837031 0.235352 0.061562 0.029297
2 0.895078 0.242285 0.058906 0.031445
0 0.955234 0.244238 0.057344 0.035352
2 0.750312 0.026758 0.060000 0.037891
2 0.807422 0.032520 0.058594 0.037695
2 0.071953 0.322363 0.059531 0.035352
2 0.131406 0.323437 0.059688 0.033594
2 0.192500 0.328320 0.060000 0.035547
2 0.252188 0.330371 0.060625 0.039648
2 0.312812 0.334473 0.060000 0.040039
2 0.374375 0.338477 0.061250 0.036328
2 0.434609 0.343555 0.059844 0.038672
2 0.495000 0.346973 0.061875 0.041602
2 0.557188 0.351465 0.061250 0.038867
2 0.617812 0.354395 0.060625 0.036914
2 0.073750 0.356836 0.060000 0.033984
2 0.133594 0.357324 0.060937 0.034961
2 0.678359 0.358203 0.059844 0.036719
2 0.738984 0.362305 0.062344 0.037109
2 0.192266 0.363379 0.059531 0.035352
2 0.251797 0.366699 0.059844 0.034180
2 0.798047 0.366699 0.058594 0.038086
2 0.858828 0.369922 0.061406 0.036719
1 0.867891 0.038672 0.057656 0.038281
2 0.311875 0.371973 0.061250 0.033008
2 0.919297 0.375488 0.057344 0.040039
2 0.372344 0.374414 0.060313 0.033984
2 0.433516 0.378320 0.060781 0.033984
2 0.972969 0.379102 0.052187 0.039453
2 0.494609 0.385254 0.061094 0.032227
2 0.556406 0.387793 0.062812 0.033398
2 0.076094 0.390430 0.058438 0.034766
2 0.925625 0.040527 0.060625 0.038086
0 0.697813 0.633301 0.061250 0.036133
2 0.758437 0.638184 0.057500 0.034180
2 0.815938 0.640234 0.060000 0.030469
1 0.874844 0.644141 0.059062 0.034375
0 0.933281 0.647949 0.060313 0.030273
2 0.060547 0.729492 0.061719 0.033203
2 0.119922 0.733203 0.058594 0.032813
2 0.178828 0.737988 0.060781 0.030664
2 0.239609 0.744043 0.060469 0.031055
2 0.300078 0.745703 0.059531 0.034375
2 0.360078 0.747754 0.060781 0.034570
2 0.421016 0.751758 0.060781 0.034766
2 0.481641 0.757129 0.060156 0.037695
2 0.541328 0.761230 0.060781 0.034180
2 0.061875 0.762012 0.061250 0.031836
2 0.602578 0.763281 0.061406 0.034375
2 0.119844 0.764844 0.061563 0.029687
2 0.180625 0.769434 0.061250 0.031055
2 0.663359 0.769727 0.061094 0.031641
2 0.725000 0.771875 0.059375 0.032031
2 0.240234 0.774121 0.058594 0.028711
2 0.783516 0.776953 0.060781 0.034375
2 0.300078 0.776270 0.059531 0.029102
2 0.846484 0.778320 0.064844 0.033203
2 0.904922 0.780664 0.059844 0.033984
2 0.360078 0.781641 0.060781 0.032031
2 0.421016 0.786035 0.060781 0.033008
2 0.963828 0.787012 0.062031 0.034961
0 0.064453 0.790039 0.060156 0.033203
0 0.479766 0.790723 0.059531 0.030664
2 0.540469 0.792578 0.062188 0.030469
2 0.122891 0.795020 0.061406 0.031445
2 0.601641 0.797266 0.062656 0.032031
2 0.182734 0.799512 0.059219 0.032617
2 0.662969 0.800000 0.060313 0.029687
2 0.720938 0.802930 0.060625 0.031641
2 0.241562 0.804297 0.058125 0.030469
2 0.782109 0.806445 0.061094 0.026953
2 0.299609 0.806348 0.058594 0.030664
2 0.840469 0.809082 0.062187 0.032227
2 0.899141 0.812207 0.057656 0.030664
2 0.359844 0.813965 0.060312 0.030273
2 0.957188 0.816797 0.061250 0.032031
2 0.420859 0.817969 0.060469 0.030469
0 0.479687 0.821191 0.059375 0.029102
2 0.539297 0.824023 0.059844 0.030859
2 0.598594 0.826172 0.062812 0.027344
2 0.658672 0.831250 0.061094 0.029687
0 0.718047 0.835254 0.061094 0.029883
0 0.777266 0.836426 0.060781 0.032227
2 0.835469 0.837109 0.064687 0.033594
2 0.895391 0.841602 0.059531 0.030859
1 0.953672 0.846191 0.063594 0.032227
2 0.028906 0.935937 0.057813 0.032031
2 0.085156 0.938574 0.060937 0.033398
2 0.144297 0.942969 0.060469 0.034375
2 0.205391 0.946973 0.060781 0.034570
2 0.266094 0.950293 0.060312 0.033398
2 0.324922 0.955664 0.059219 0.036328
2 0.384687 0.962500 0.060000 0.034375
2 0.445859 0.966309 0.060469 0.038086
2 0.029609 0.969922 0.059219 0.037500
2 0.505312 0.968359 0.060625 0.038281
2 0.086172 0.972363 0.059844 0.034570
2 0.566563 0.969824 0.061250 0.033398
2 0.297500 0.131543 0.060625 0.036523
2 0.358672 0.134961 0.061094 0.039453
2 0.480000 0.141113 0.060000 0.036133
2 0.057813 0.116016 0.059375 0.040625
2 0.275312 0.539258 0.060000 0.035547
2 0.237969 0.125098 0.060312 0.035352
2 0.176875 0.121387 0.060000 0.039648
2 0.038359 0.553711 0.061094 0.029297
2 0.925781 0.985352 0.064062 0.029297
1 0.763906 0.570020 0.059063 0.034570
2 0.460078 0.554688 0.060781 0.035156
2 0.397656 0.547266 0.060937 0.039844
2 0.747656 0.982422 0.064062 0.035156
2 0.553281 0.421289 0.059687 0.033984
2 0.216094 0.537598 0.060312 0.036133
2 0.866406 0.985352 0.067187 0.029297
2 0.640547 0.597754 0.062344 0.035352
2 0.806250 0.982422 0.062500 0.035156
2 0.156016 0.530664 0.062031 0.033984
2 0.910781 0.444238 0.059062 0.036914
2 0.095703 0.525000 0.060156 0.030469
2 0.036406 0.522559 0.060313 0.033398
2 0.968203 0.448730 0.061406 0.038086
2 0.793359 0.436230 0.058594 0.032617
2 0.733750 0.430762 0.061250 0.033398
2 0.820547 0.609180 0.059844 0.034766
2 0.627344 0.973633 0.064062 0.033203
2 0.205781 0.981250 0.061563 0.032813
2 0.686875 0.975781 0.064375 0.033594
2 0.760703 0.603125 0.058906 0.034375
2 0.336797 0.609766 0.061094 0.035937
2 0.879453 0.610938 0.058906 0.034375
0 0.397031 0.615234 0.059687 0.035156
1 0.275625 0.605371 0.060625 0.031055
2 0.158359 0.598437 0.060469 0.032813
2 0.702344 0.599512 0.060937 0.034961
2 0.146719 0.977344 0.059062 0.032813
2 0.493359 0.418555 0.061719 0.032422
2 0.616172 0.390039 0.060469 0.033984
2 0.397344 0.581250 0.060313 0.029687
1 0.193594 0.397559 0.059063 0.033398
2 0.736250 0.397461 0.060000 0.033203
2 0.216953 0.573730 0.058906 0.034180
2 0.039688 0.587500 0.060625 0.038281
2 0.580156 0.593750 0.060313 0.035156
2 0.098672 0.592871 0.059844 0.037305
0 0.519453 0.589453 0.060781 0.034375
2 0.676562 0.394629 0.059375 0.035352
2 0.337031 0.576758 0.061563 0.028516
2 0.277188 0.575098 0.060625 0.033008
2 0.885078 0.575879 0.057656 0.034570
2 0.971094 0.414062 0.057813 0.035156
2 0.914062 0.410742 0.059375 0.032422
1 0.432812 0.413770 0.059375 0.034570
2 0.615000 0.423926 0.061250 0.031445
2 0.673047 0.427344 0.058594 0.034375
2 0.852578 0.439551 0.061406 0.035352
2 0.336953 0.543848 0.061406 0.036914
2 0.521250 0.556445 0.061250 0.034766
2 0.096172 0.557910 0.061094 0.033789
2 0.157266 0.564746 0.061406 0.035742
2 0.823984 0.572949 0.063594 0.036523
2 0.942578 0.581934 0.057031 0.034961
0 0.218125 0.605664 0.058125 0.031641
2 0.937969 0.614941 0.060313 0.034570
0 0.458359 0.619727 0.060469 0.036328
2 0.517578 0.622852 0.060156 0.034766
2 0.577109 0.625098 0.060469 0.035352
2 0.637969 0.628418 0.060313 0.030273
2 0.264844 0.984375 0.060937 0.031250
2 0.117969 0.121094 0.060937 0.039062
0 0.419688 0.137402 0.061250 0.040430
2 0.602500 0.147656 0.061250 0.041406
2 0.118750 0.157227 0.059375 0.033203
2 0.783906 0.164648 0.058437 0.036328
2 0.902812 0.172656 0.061875 0.036719
2 0.962656 0.174121 0.062813 0.035742
0 0.418047 0.175195 0.061094 0.033984
2 0.060078 0.188281 0.060781 0.036719
0 0.720781 0.194141 0.060313 0.032812
2 0.479922 0.177930 0.059844 0.039453
2 0.458984 0.585938 0.061719 0.027344
2 0.541875 0.142773 0.061875 0.039453
2 0.643281 0.562598 0.061562 0.035352
0 0.703594 0.566797 0.060313 0.035937
2 0.311641 0.405469 0.060781 0.033594
2 0.372422 0.409375 0.060469 0.037500
2 0.120000 0.191211 0.058750 0.034766
2 0.600547 0.185938 0.060469 0.035938
1 0.252344 0.400488 0.060937 0.035352
2 0.660703 0.187305 0.058906 0.034766
2 0.539141 0.181055 0.062656 0.037891
2 0.582344 0.559375 0.061562 0.036719
2 0.632422 0.020313 0.058594 0.036719
1 0.795937 0.402734 0.060625 0.035938
2 0.856875 0.405371 0.060625 0.033398
2 0.134297 0.393848 0.059219 0.037695
0 0.356875 0.171777 0.060625 0.034961
2 0.843281 0.167969 0.061562 0.035156
2 0.297109 0.167090 0.059844 0.037305
2 0.663359 0.153906 0.057969 0.038281
2 0.237969 0.161035 0.060312 0.036914
2 0.176797 0.160254 0.059844 0.035352
2 0.723359 0.158203 0.062344 0.039062
2 0.058516 0.155078 0.060781 0.036719
2 0.571250 0.016406 0.058125 0.032813
