2 0.648984 0.739062 0.063594 0.028906
2 0.901484 0.377539 0.062344 0.036328
2 0.769141 0.742090 0.063281 0.031055
2 0.064922 0.297266 0.061094 0.035938
2 0.459375 0.076465 0.062500 0.035742
2 0.255312 0.878320 0.060625 0.037891
2 0.433906 0.889746 0.061562 0.037305
2 0.913906 0.911133 0.062187 0.033203
2 0.615781 0.900195 0.059687 0.034766
2 0.024453 0.899609 0.048906 0.029687
2 0.466719 0.756738 0.058437 0.029102
2 0.885000 0.777539 0.060625 0.031641
2 0.646016 0.766895 0.060781 0.033789
2 0.823984 0.775391 0.060469 0.031250
0 0.405938 0.752344 0.061875 0.032031
2 0.486328 0.318750 0.060156 0.035938
2 0.527813 0.730664 0.061875 0.031641
2 0.345859 0.719336 0.060469 0.032422
2 0.466250 0.727246 0.060625 0.032617
0 0.483516 0.352344 0.060781 0.036719
1 0.303750 0.342187 0.060625 0.035938
2 0.905859 0.309668 0.058594 0.037305
2 0.604922 0.325781 0.059844 0.034375
2 0.126484 0.332227 0.059219 0.035547
2 0.587812 0.732715 0.060000 0.027930
2 0.958281 0.379395 0.057188 0.036133
2 0.786406 0.337793 0.060313 0.038867
2 0.373672 0.919238 0.059844 0.033789
2 0.063906 0.262305 0.062187 0.036328
2 0.182812 0.269336 0.059375 0.038672
2 0.303750 0.273535 0.060625 0.035352
2 0.424453 0.279297 0.061406 0.039062
2 0.547266 0.287988 0.060156 0.036914
2 0.607422 0.290137 0.061719 0.037305
2 0.667109 0.292090 0.059219 0.037305
2 0.728047 0.298535 0.062344 0.042383
2 0.848672 0.305664 0.059844 0.037109
2 0.243359 0.306152 0.061719 0.034180
2 0.363125 0.312598 0.060625 0.035352
2 0.545625 0.320605 0.060000 0.035742
2 0.665703 0.330176 0.059531 0.039258
2 0.066875 0.331445 0.061875 0.033984
2 0.725469 0.333008 0.060313 0.041016
2 0.843984 0.339648 0.059844 0.038672
0 0.242891 0.339746 0.060781 0.034961
2 0.364453 0.346484 0.060156 0.036719
1 0.543672 0.355273 0.059219 0.034766
2 0.603125 0.360254 0.059375 0.036914
2 0.663906 0.362500 0.059063 0.041406
2 0.784141 0.371484 0.058906 0.039844
2 0.029922 0.462500 0.059844 0.034375
2 0.089766 0.466406 0.060781 0.038281
2 0.711797 0.707324 0.064219 0.035742
2 0.286562 0.715039 0.060625 0.031641
2 0.891406 0.714844 0.064062 0.035156
2 0.950078 0.715820 0.059531 0.037109
2 0.407422 0.722363 0.061719 0.030664
2 0.048516 0.733496 0.059531 0.029492
2 0.109141 0.735449 0.058906 0.029492
2 0.708984 0.741504 0.061719 0.029883
0 0.827578 0.745605 0.061406 0.030273
1 0.286562 0.746094 0.060625 0.031250
2 0.887734 0.746875 0.062969 0.028906
2 0.945469 0.750391 0.062813 0.032031
2 0.520625 0.078320 0.060000 0.035547
4 0.585313 0.764453 0.061250 0.032813
0 0.765156 0.771289 0.061562 0.030859
2 0.581328 0.080859 0.062656 0.036719
2 0.023438 0.868359 0.046875 0.033594
2 0.135078 0.874219 0.060781 0.037500
2 0.313594 0.881055 0.058438 0.035547
0 0.373672 0.886328 0.062969 0.034375
2 0.556250 0.899121 0.059375 0.032617
0 0.675078 0.902344 0.062656 0.035156
2 0.196563 0.908887 0.058750 0.032617
1 0.854688 0.909473 0.062500 0.033789
2 0.255156 0.912793 0.060312 0.032617
2 0.166563 0.707031 0.061250 0.031250
2 0.226641 0.713379 0.059531 0.028320
2 0.209531 0.467676 0.059687 0.036914
0 0.830937 0.712207 0.061875 0.033789
2 0.771250 0.710742 0.064375 0.034766
2 0.970625 0.912109 0.056875 0.035156
2 0.363750 0.277246 0.061875 0.038867
2 0.075781 0.902051 0.057813 0.030664
0 0.168203 0.737988 0.058281 0.030664
2 0.723437 0.367188 0.059375 0.039062
2 0.842422 0.375781 0.059844 0.036719
2 0.422734 0.350391 0.061094 0.036719
2 0.961094 0.349707 0.059688 0.039258
2 0.904062 0.341797 0.061250 0.035156
2 0.965781 0.313281 0.059688 0.036719
0 0.735313 0.902344 0.061250 0.035156
2 0.762734 0.093359 0.059844 0.038281
2 0.185078 0.337793 0.060781 0.034961
2 0.313359 0.916016 0.061094 0.031250
2 0.183203 0.301172 0.060156 0.035938
2 0.303516 0.309570 0.060156 0.037109
2 0.423750 0.314941 0.063125 0.036133
2 0.243750 0.272656 0.059375 0.033594
2 0.122656 0.266895 0.060937 0.037695
2 0.525938 0.761914 0.061250 0.031641
2 0.794453 0.903516 0.060781 0.029687
0 0.704766 0.770410 0.059531 0.029102
2 0.347266 0.750293 0.060156 0.031836
2 0.135937 0.908301 0.062500 0.031445
4 0.226250 0.744629 0.058750 0.032227
2 0.494922 0.893164 0.061719 0.032422
2 0.701797 0.089746 0.059844 0.038867
2 0.194766 0.874902 0.058281 0.034961
2 0.642109 0.086914 0.059219 0.037109
2 0.075313 0.869141 0.056875 0.031250
2 0.942344 0.780469 0.062813 0.033594
2 0.125000 0.300684 0.059375 0.038867
2 0.787422 0.301270 0.059219 0.040039
2 0.486719 0.282520 0.060937 0.037695
2 0.580234 0.152539 0.060469 0.039453
0 0.219531 0.134766 0.060937 0.039062
2 0.877734 0.137207 0.058594 0.036133
0 0.278984 0.136914 0.061094 0.035547
2 0.329922 0.510547 0.059844 0.036719
2 0.032109 0.497852 0.061094 0.034766
2 0.209453 0.504004 0.062656 0.035352
2 0.450625 0.483691 0.060625 0.033789
2 0.270703 0.506250 0.060156 0.035937
2 0.812109 0.536523 0.061719 0.033984
2 0.211641 0.537695 0.060781 0.036328
2 0.270469 0.540625 0.059687 0.034375
2 0.450234 0.553027 0.059844 0.035742
2 0.165078 0.673926 0.061406 0.035352
2 0.612891 0.961133 0.060156 0.035547
2 0.845781 0.973047 0.063438 0.032031
2 0.965469 0.974805 0.062187 0.027734
2 0.941328 0.106543 0.057656 0.037305
2 0.459375 0.112500 0.059375 0.033594
0 0.699531 0.125488 0.061562 0.036133
2 0.759375 0.128809 0.059375 0.034961
2 0.161562 0.133301 0.060625 0.036133
2 0.937500 0.142480 0.059375 0.038867
1 0.459609 0.146777 0.059844 0.035742
2 0.519531 0.148047 0.060937 0.038281
2 0.910000 0.942090 0.060625 0.032617
1 0.255781 0.943066 0.058438 0.030664
2 0.025625 0.930957 0.051250 0.029883
2 0.080469 0.932617 0.057813 0.033203
4 0.791875 0.937305 0.058750 0.034766
2 0.673906 0.933691 0.060313 0.031445
2 0.433516 0.922656 0.060781 0.036719
2 0.494453 0.924219 0.060781 0.032031
2 0.402344 0.071289 0.060937 0.037109
2 0.225078 0.680176 0.059531 0.036133
2 0.390078 0.480762 0.061406 0.035742
2 0.633984 0.491211 0.061719 0.033203
2 0.573047 0.486816 0.061719 0.032227
2 0.815859 0.501367 0.059844 0.033984
2 0.150156 0.501758 0.059688 0.030859
2 0.391016 0.515039 0.060156 0.030078
2 0.219062 0.101074 0.060000 0.034180
2 0.091563 0.501172 0.061250 0.033594
0 0.693125 0.531152 0.061250 0.034961
2 0.640469 0.122363 0.059063 0.037695
2 0.338516 0.141406 0.061406 0.036719
1 0.697891 0.160449 0.061406 0.035742
2 0.757578 0.163867 0.058906 0.038672
2 0.816172 0.169043 0.057344 0.037305
2 0.399062 0.144043 0.060625 0.038086
2 0.150313 0.468262 0.060000 0.038086
2 0.511875 0.484180 0.061250 0.034766
2 0.268906 0.470605 0.059687 0.034961
2 0.329844 0.475586 0.059687 0.033203
2 0.694922 0.495898 0.061719 0.038672
2 0.755078 0.497461 0.063281 0.033984
2 0.818125 0.133887 0.061250 0.037305
2 0.613438 0.933301 0.061250 0.030664
2 0.373125 0.950684 0.058750 0.034180
2 0.733750 0.935840 0.058125 0.031836
2 0.850156 0.941406 0.059688 0.031250
2 0.197266 0.940820 0.060156 0.030078
1 0.315234 0.947070 0.061719 0.034766
2 0.967578 0.945898 0.060156 0.032422
2 0.042500 0.094922 0.060000 0.037500
2 0.405703 0.691797 0.061406 0.032031
0 0.091016 0.533008 0.060156 0.034766
4 0.151328 0.535742 0.058906 0.036328
2 0.571328 0.557715 0.058281 0.037305
2 0.330391 0.544336 0.060781 0.037891
2 0.931172 0.541992 0.062344 0.033203
2 0.631094 0.560645 0.062188 0.035352
2 0.104922 0.670410 0.059844 0.036133
2 0.158359 0.063770 0.057344 0.037695
2 0.100469 0.060645 0.060312 0.039258
2 0.529375 0.698047 0.061875 0.032813
2 0.046172 0.703320 0.057969 0.031641
2 0.823203 0.096289 0.058906 0.036328
2 0.580625 0.117188 0.061250 0.039062
2 0.433906 0.954590 0.061562 0.030273
2 0.495156 0.957617 0.059063 0.032422
2 0.043203 0.128223 0.058281 0.033789
2 0.102422 0.132227 0.061094 0.037891
2 0.338672 0.106250 0.061719 0.036719
0 0.730469 0.969043 0.057813 0.031836
2 0.398828 0.107422 0.060156 0.035156
2 0.519609 0.116406 0.061094 0.041406
2 0.789766 0.969336 0.060781 0.032422
2 0.882188 0.101562 0.061250 0.035156
2 0.280000 0.103027 0.060000 0.038086
2 0.160859 0.097949 0.059219 0.035742
2 0.905312 0.975000 0.060625 0.032031
2 0.671875 0.964063 0.062500 0.033594
0 0.552734 0.960156 0.058594 0.033594
2 0.637734 0.157715 0.059844 0.038086
2 0.933828 0.176172 0.061406 0.035938
2 0.873359 0.173535 0.059219 0.034570
2 0.102656 0.096582 0.061563 0.036914
2 0.285000 0.684570 0.060625 0.033203
2 0.345703 0.688477 0.060156 0.033203
2 0.138594 0.938867 0.058438 0.030078
2 0.554922 0.931152 0.059844 0.030273
2 0.650938 0.704492 0.061250 0.033984
2 0.466563 0.693750 0.061250 0.032031
2 0.106172 0.704980 0.059219 0.031055
2 0.589609 0.701465 0.060469 0.035742
1 0.032266 0.530469 0.061406 0.033594
2 0.340313 0.068945 0.061875 0.036328
2 0.868359 0.574023 0.058594 0.034766
2 0.280391 0.068262 0.060781 0.038867
2 0.044531 0.669922 0.057813 0.035156
2 0.808750 0.570312 0.061250 0.035156
2 0.218281 0.065332 0.061563 0.036914
2 0.925703 0.576562 0.057656 0.035937
2 0.041563 0.057715 0.061250 0.037305
2 0.390937 0.548730 0.060000 0.038867
0 0.749141 0.567383 0.060781 0.037109
2 0.691406 0.565234 0.060937 0.036719
2 0.510469 0.553711 0.061562 0.037109
2 0.874922 0.504883 0.059219 0.037109
2 0.753047 0.531543 0.059219 0.035742
0 0.871641 0.539941 0.058906 0.033008
2 0.572578 0.520410 0.060781 0.036914
2 0.510859 0.517871 0.062344 0.035742
2 0.632656 0.527246 0.062188 0.034961
2 0.451797 0.517188 0.059844 0.034375
2 0.935000 0.509570 0.060625 0.034766
