0 0.346484 0.077734 0.061719 0.030469
2 0.322109 0.851953 0.059844 0.043750
2 0.465938 0.084375 0.060000 0.028125
0 0.962500 0.757617 0.062500 0.038672
2 0.767188 0.069727 0.059375 0.030078
0 0.203984 0.846777 0.057969 0.037305
2 0.841016 0.680371 0.060156 0.036523
2 0.900313 0.680762 0.060000 0.037305
2 0.721797 0.676465 0.059219 0.036523
2 0.599375 0.704297 0.061250 0.041406
2 0.901953 0.719531 0.060156 0.036719
2 0.537969 0.699414 0.060313 0.039453
2 0.297187 0.685254 0.063125 0.034570
2 0.356484 0.689648 0.062969 0.035547
2 0.233203 0.718164 0.063281 0.033984
2 0.902734 0.754980 0.058594 0.037305
0 0.057813 0.705176 0.059375 0.035352
2 0.840938 0.717773 0.060000 0.037109
2 0.720234 0.712012 0.062344 0.033398
2 0.781328 0.715527 0.059531 0.036523
2 0.537109 0.738379 0.061719 0.035352
2 0.029141 0.835547 0.058281 0.034375
2 0.146562 0.841895 0.058750 0.031445
2 0.237578 0.684668 0.062656 0.033398
2 0.353594 0.724219 0.063437 0.038281
2 0.088828 0.839551 0.058906 0.034570
2 0.442422 0.862695 0.059844 0.033984
1 0.622266 0.871094 0.060156 0.039062
0 0.561953 0.866895 0.061406 0.038477
2 0.501719 0.865527 0.059687 0.035742
0 0.381562 0.858887 0.060000 0.034180
2 0.416406 0.692773 0.060937 0.037891
2 0.174531 0.713086 0.061563 0.035547
2 0.115234 0.710449 0.061719 0.034180
2 0.659609 0.705859 0.059844 0.040625
2 0.477656 0.695996 0.061562 0.036523
1 0.683359 0.873437 0.060469 0.039844
2 0.782422 0.751172 0.061719 0.033594
2 0.413438 0.731152 0.061250 0.036523
2 0.802344 0.878906 0.060937 0.039062
2 0.028359 0.872656 0.056719 0.038281
2 0.743047 0.877637 0.061094 0.036523
2 0.085625 0.872559 0.058750 0.034180
0 0.861484 0.879785 0.060469 0.040820
4 0.142734 0.878906 0.057344 0.039062
2 0.842891 0.753320 0.060781 0.033984
2 0.293906 0.720410 0.062812 0.034570
2 0.962109 0.720898 0.061719 0.035547
2 0.177500 0.678027 0.061250 0.031836
0 0.960078 0.684180 0.060781 0.036328
2 0.827109 0.073242 0.060469 0.029297
2 0.475859 0.734570 0.061094 0.039453
2 0.586250 0.084766 0.060000 0.025000
2 0.263437 0.849023 0.058125 0.045703
2 0.228828 0.074219 0.060781 0.027344
2 0.170625 0.075391 0.060000 0.025781
2 0.946250 0.080859 0.061250 0.028906
2 0.525859 0.083691 0.061094 0.026758
2 0.407109 0.082031 0.061094 0.031250
2 0.598281 0.741895 0.062188 0.034570
2 0.660000 0.743457 0.060625 0.033789
0 0.286953 0.075488 0.061406 0.029883
2 0.887031 0.075293 0.061562 0.029492
2 0.719609 0.747168 0.061094 0.033398
2 0.780312 0.676855 0.060625 0.037305
2 0.077031 0.241895 0.060312 0.030664
2 0.816719 0.473535 0.061562 0.036914
2 0.394531 0.452148 0.060937 0.037109
2 0.453906 0.454492 0.060937 0.033984
2 0.156016 0.440137 0.058906 0.032617
0 0.100703 0.436719 0.057656 0.033594
2 0.217266 0.441211 0.059531 0.034766
2 0.606094 0.328027 0.062188 0.034961
2 0.275625 0.445020 0.060625 0.034570
2 0.787188 0.271191 0.058750 0.034570
2 0.907656 0.310840 0.059062 0.031836
2 0.242656 0.311230 0.060312 0.032617
2 0.485234 0.288770 0.061094 0.034570
2 0.124453 0.305859 0.061406 0.029687
2 0.066016 0.304297 0.057031 0.030469
1 0.546016 0.292090 0.060781 0.033398
2 0.787500 0.305957 0.059375 0.033789
2 0.666172 0.298926 0.060469 0.035352
2 0.423516 0.286719 0.062656 0.030469
2 0.187344 0.276855 0.062188 0.030273
0 0.488203 0.255371 0.060781 0.034180
0 0.547422 0.258496 0.060469 0.032617
2 0.212969 0.472461 0.060312 0.030859
2 0.152656 0.469434 0.058438 0.028711
2 0.249219 0.246484 0.060937 0.032031
2 0.130547 0.244824 0.061094 0.032617
2 0.189609 0.244727 0.060469 0.032422
2 0.426172 0.254688 0.061719 0.032813
2 0.366953 0.251660 0.062031 0.034570
2 0.304141 0.279590 0.061406 0.031836
2 0.727266 0.267871 0.060781 0.031836
2 0.666563 0.265625 0.058125 0.035156
0 0.607109 0.260547 0.061094 0.036719
2 0.071094 0.272559 0.060937 0.033398
0 0.967109 0.280273 0.062344 0.033203
0 0.847422 0.272168 0.060469 0.032617
2 0.127969 0.275879 0.062187 0.032227
2 0.906641 0.277441 0.060156 0.031445
2 0.246406 0.277441 0.061563 0.031445
2 0.727500 0.301758 0.061250 0.033203
1 0.335391 0.447754 0.061406 0.036133
2 0.301875 0.314063 0.063125 0.034375
2 0.606797 0.294238 0.060469 0.029883
2 0.968203 0.311621 0.061406 0.029492
2 0.848672 0.307324 0.059844 0.032617
2 0.422734 0.318164 0.061094 0.034766
2 0.362266 0.316016 0.062031 0.030469
2 0.727656 0.333594 0.061562 0.030469
2 0.909531 0.340723 0.062813 0.029102
2 0.970313 0.343750 0.059375 0.035156
0 0.634141 0.463477 0.062031 0.036328
2 0.755391 0.470020 0.060781 0.033789
2 0.231641 0.047852 0.060156 0.029297
0 0.574297 0.460645 0.061094 0.034570
2 0.514531 0.455371 0.060313 0.031836
1 0.037812 0.466504 0.060000 0.034570
0 0.695859 0.463965 0.060469 0.037305
2 0.365313 0.284863 0.061875 0.030664
2 0.935078 0.476660 0.060781 0.035352
0 0.573047 0.494043 0.061719 0.034961
0 0.328984 0.515527 0.061094 0.038867
2 0.587969 0.059766 0.060313 0.029688
2 0.450625 0.523828 0.063750 0.035937
2 0.756484 0.541895 0.062969 0.036914
0 0.877656 0.544629 0.061562 0.038477
2 0.633906 0.533789 0.061562 0.036328
2 0.181172 0.645508 0.062344 0.033203
2 0.573203 0.528516 0.062031 0.037500
0 0.935625 0.512207 0.058750 0.036133
2 0.269766 0.510645 0.064531 0.036914
0 0.209844 0.508105 0.060312 0.035742
2 0.877500 0.510938 0.061250 0.029687
2 0.816641 0.508301 0.061406 0.032227
0 0.815859 0.541406 0.062969 0.035937
2 0.091797 0.500488 0.058594 0.036133
2 0.348359 0.049316 0.059219 0.028320
2 0.755703 0.504492 0.061406 0.036328
2 0.695312 0.536816 0.062500 0.034570
2 0.033125 0.500098 0.060000 0.031445
2 0.694922 0.500488 0.061719 0.036133
2 0.635547 0.499219 0.061719 0.033594
0 0.454219 0.489355 0.061562 0.037305
2 0.273125 0.477148 0.061875 0.032422
0 0.513203 0.488281 0.060781 0.035156
2 0.408203 0.052539 0.060156 0.030859
0 0.561328 0.941309 0.060156 0.042773
1 0.150313 0.503223 0.056875 0.037695
2 0.513047 0.525195 0.063594 0.038672
2 0.389688 0.520312 0.063750 0.040625
2 0.239063 0.649023 0.059375 0.036328
2 0.467578 0.055859 0.060156 0.029688
2 0.937734 0.546582 0.062969 0.038477
2 0.647188 0.090332 0.060000 0.028320
2 0.538359 0.662402 0.061094 0.035742
2 0.118594 0.676367 0.062187 0.032422
2 0.380391 0.931348 0.060781 0.038477
2 0.742969 0.912988 0.060937 0.036914
2 0.440547 0.930371 0.059219 0.036523
2 0.140547 0.917285 0.059219 0.037695
2 0.319531 0.929102 0.060937 0.037891
2 0.948047 0.107129 0.061719 0.026758
2 0.863906 0.954785 0.062187 0.038477
2 0.804141 0.951660 0.061406 0.036133
2 0.620703 0.943555 0.063281 0.039453
2 0.743047 0.950781 0.061094 0.038281
2 0.283750 0.105762 0.061250 0.031836
2 0.768047 0.097949 0.061094 0.027930
1 0.224531 0.105176 0.061563 0.030664
2 0.707188 0.125391 0.061250 0.032031
2 0.404453 0.111133 0.062031 0.030859
2 0.646406 0.118066 0.061562 0.029102
2 0.888828 0.132031 0.062031 0.029688
2 0.829922 0.129199 0.059844 0.031836
2 0.297422 0.651465 0.060469 0.037305
1 0.333594 0.481738 0.060937 0.033789
2 0.391172 0.484277 0.063594 0.031055
2 0.306953 0.248926 0.060781 0.033008
2 0.174297 0.045410 0.061094 0.032227
1 0.660391 0.669629 0.061406 0.038477
2 0.344609 0.107227 0.061094 0.030859
2 0.768672 0.128125 0.062344 0.033594
2 0.949609 0.136621 0.061719 0.031055
2 0.167187 0.102637 0.059375 0.029492
2 0.465078 0.113965 0.061406 0.032617
2 0.828438 0.101172 0.060000 0.026563
2 0.706953 0.096582 0.060781 0.029102
2 0.096953 0.467773 0.059531 0.029297
2 0.585313 0.114648 0.061250 0.030078
0 0.199297 0.920508 0.057969 0.040234
2 0.544844 0.326465 0.061562 0.035742
0 0.877656 0.477441 0.061562 0.036914
2 0.525703 0.113477 0.060781 0.031641
2 0.922656 0.958008 0.060937 0.037109
2 0.887578 0.104688 0.062656 0.025781
0 0.259609 0.924609 0.059844 0.040625
2 0.666484 0.332520 0.061094 0.032227
2 0.848437 0.338672 0.059375 0.032813
2 0.483906 0.323047 0.061562 0.032813
2 0.042734 0.432812 0.057344 0.033594
2 0.289219 0.048242 0.059687 0.026172
2 0.788594 0.337500 0.061562 0.030469
2 0.527187 0.055957 0.060625 0.029883
2 0.922422 0.921777 0.060469 0.034961
2 0.682344 0.946289 0.061562 0.037109
2 0.027813 0.908789 0.055625 0.036328
2 0.862969 0.918652 0.060313 0.036523
2 0.802500 0.916992 0.061250 0.033203
2 0.621328 0.905957 0.061406 0.034570
2 0.478047 0.659375 0.059219 0.033594
1 0.081719 0.911230 0.060312 0.037305
2 0.561172 0.903516 0.059844 0.033594
2 0.682422 0.910645 0.061719 0.036133
2 0.501641 0.901270 0.059531 0.036914
2 0.441641 0.895703 0.061406 0.033594
2 0.920312 0.884180 0.062500 0.037891
2 0.319844 0.892285 0.061563 0.038477
2 0.261328 0.889258 0.060156 0.036328
2 0.380156 0.893945 0.060313 0.033984
2 0.201406 0.883594 0.059063 0.036719
1 0.182109 0.309375 0.061094 0.032813
2 0.061094 0.672266 0.059688 0.032031
2 0.646406 0.061328 0.061562 0.028906
0 0.417031 0.654785 0.062188 0.040039
2 0.706875 0.066602 0.060625 0.031641
2 0.065000 0.638770 0.061250 0.035352
0 0.358047 0.653711 0.059844 0.037891
1 0.601094 0.666699 0.061562 0.036523
2 0.499844 0.938574 0.062188 0.037305
2 0.120859 0.640527 0.060469 0.034961
