2 0.591719 0.515625 0.061562 0.035156
2 0.286250 0.510254 0.060000 0.036133
2 0.225703 0.508398 0.063906 0.032422
2 0.928438 0.323145 0.060000 0.036914
2 0.501016 0.312109 0.061406 0.038281
2 0.604141 0.108984 0.061406 0.030469
2 0.071797 0.043457 0.059219 0.028320
0 0.246016 0.043945 0.060781 0.029297
2 0.807031 0.322363 0.060937 0.035352
0 0.187188 0.043750 0.058750 0.028906
0 0.173203 0.440723 0.058906 0.033789
2 0.347812 0.479102 0.061250 0.036328
2 0.836719 0.526270 0.064062 0.036914
2 0.664844 0.051074 0.060937 0.031836
2 0.787188 0.114551 0.061875 0.029883
2 0.587891 0.857129 0.060156 0.030664
2 0.907031 0.117285 0.064062 0.031445
2 0.107266 0.506055 0.061406 0.035547
2 0.047813 0.501563 0.064375 0.034375
2 0.744688 0.323828 0.061250 0.034375
2 0.956875 0.496191 0.060625 0.035352
2 0.897031 0.494531 0.062813 0.035937
2 0.867812 0.321582 0.060625 0.033789
2 0.683906 0.318945 0.061562 0.036328
2 0.621016 0.317676 0.060781 0.029883
2 0.409219 0.478516 0.062188 0.035156
2 0.531562 0.448828 0.060000 0.034375
2 0.471016 0.448535 0.060781 0.033789
1 0.115234 0.440430 0.058594 0.033203
1 0.410078 0.444531 0.060781 0.033594
2 0.229531 0.476074 0.065313 0.034180
2 0.592344 0.450781 0.059687 0.034375
2 0.895859 0.459863 0.060469 0.033008
2 0.287969 0.475488 0.060312 0.033008
2 0.168516 0.473438 0.058906 0.032813
2 0.774375 0.489355 0.061250 0.029492
2 0.470391 0.481738 0.062656 0.033789
1 0.161562 0.910742 0.060625 0.044141
2 0.103672 0.908594 0.063594 0.039844
2 0.544297 0.049414 0.060469 0.028516
2 0.167656 0.507715 0.060312 0.034961
2 0.725234 0.114160 0.062969 0.029102
2 0.653281 0.486230 0.062812 0.034961
2 0.591719 0.483984 0.061562 0.030469
2 0.530625 0.481934 0.061250 0.030273
2 0.714922 0.487109 0.061094 0.032813
2 0.604766 0.049609 0.059531 0.028906
2 0.469453 0.514453 0.060781 0.032813
2 0.407891 0.514160 0.062656 0.032227
2 0.346016 0.513281 0.060781 0.034375
2 0.111172 0.838770 0.059844 0.036914
2 0.542812 0.108984 0.060625 0.030469
0 0.403438 0.887109 0.063125 0.039844
2 0.168203 0.840234 0.058281 0.032031
0 0.465938 0.852539 0.060000 0.029297
2 0.947813 0.871289 0.061250 0.039453
2 0.844453 0.085156 0.060781 0.029688
1 0.646328 0.857617 0.061406 0.031641
2 0.906016 0.087598 0.062031 0.026758
2 0.964609 0.089355 0.060469 0.026367
2 0.224453 0.871973 0.061406 0.033008
2 0.465156 0.885938 0.061562 0.037500
2 0.404844 0.924707 0.062812 0.036914
2 0.652266 0.452051 0.060781 0.033008
2 0.715156 0.520996 0.061562 0.038086
2 0.665547 0.110059 0.059219 0.028711
2 0.712812 0.454004 0.060000 0.033008
2 0.954453 0.462305 0.058906 0.033984
2 0.364219 0.045703 0.059687 0.028906
2 0.111641 0.472656 0.057656 0.031250
1 0.835078 0.459277 0.060781 0.035742
2 0.772813 0.457910 0.061250 0.033008
2 0.483516 0.048242 0.060781 0.030078
2 0.423750 0.046289 0.060000 0.030078
2 0.054219 0.469336 0.064687 0.032422
2 0.290156 0.444922 0.061563 0.030469
2 0.305469 0.045605 0.057813 0.028711
0 0.130156 0.043066 0.057187 0.027539
2 0.231719 0.441602 0.060312 0.031641
2 0.561875 0.317578 0.061250 0.029687
2 0.835859 0.494043 0.062344 0.034961
2 0.654531 0.520020 0.062188 0.032227
2 0.777813 0.523633 0.061875 0.035547
2 0.584375 0.931641 0.062500 0.046875
2 0.646406 0.935645 0.061562 0.047070
2 0.707344 0.935156 0.061562 0.042188
2 0.240703 0.106152 0.059531 0.032617
2 0.120547 0.102637 0.059844 0.029492
2 0.062813 0.104395 0.056875 0.029102
2 0.299844 0.103516 0.059063 0.031250
2 0.180391 0.101758 0.060781 0.031641
2 0.359609 0.105273 0.059844 0.030859
2 0.951562 0.943848 0.062500 0.040039
2 0.831016 0.941992 0.062031 0.036328
2 0.890938 0.941992 0.060000 0.036328
2 0.524219 0.928320 0.060937 0.044141
2 0.767656 0.941113 0.060313 0.038477
2 0.420469 0.107813 0.062812 0.032031
2 0.465078 0.925195 0.058281 0.037891
0 0.525547 0.852246 0.060469 0.028711
2 0.646875 0.891992 0.062500 0.037891
0 0.222500 0.912598 0.060625 0.047852
2 0.342187 0.917578 0.062500 0.042188
2 0.890000 0.907031 0.061250 0.040625
2 0.280703 0.913867 0.061406 0.046484
2 0.949453 0.907422 0.061406 0.041406
2 0.828672 0.907910 0.060469 0.038477
2 0.482344 0.107031 0.061562 0.030469
2 0.767891 0.865820 0.060781 0.036328
0 0.706406 0.859766 0.059687 0.028125
2 0.584688 0.892090 0.063125 0.045898
2 0.708203 0.893750 0.063281 0.037500
2 0.524609 0.888086 0.061719 0.037891
2 0.768594 0.903809 0.062188 0.041992
2 0.045547 0.905469 0.059844 0.037500
2 0.283594 0.875586 0.064062 0.036328
2 0.108828 0.872949 0.061406 0.034961
2 0.050000 0.871484 0.059375 0.032031
2 0.827734 0.870605 0.061719 0.038086
2 0.345938 0.847852 0.060625 0.027734
0 0.227422 0.841699 0.061094 0.031055
2 0.785313 0.085449 0.061250 0.030273
2 0.531328 0.514941 0.062656 0.033789
2 0.165625 0.873242 0.062500 0.031641
2 0.343594 0.876855 0.062188 0.038867
2 0.286953 0.846094 0.061406 0.028125
2 0.405469 0.850781 0.060937 0.029687
2 0.888125 0.869043 0.060625 0.038867
2 0.350469 0.443652 0.060312 0.031836
2 0.056953 0.437012 0.060781 0.030273
2 0.500234 0.656152 0.059844 0.034961
0 0.437734 0.687305 0.059844 0.038672
2 0.081094 0.675781 0.059062 0.031250
0 0.863906 0.667480 0.059062 0.034180
2 0.559609 0.694043 0.059844 0.036523
2 0.559063 0.728418 0.061875 0.031055
2 0.863672 0.703223 0.061719 0.035352
2 0.682656 0.731934 0.062188 0.034180
2 0.076953 0.707617 0.060156 0.036328
2 0.724453 0.083301 0.061406 0.029883
2 0.847266 0.117676 0.063281 0.032227
2 0.423828 0.076660 0.060156 0.028320
2 0.804219 0.256934 0.061562 0.033398
2 0.243906 0.073828 0.059687 0.030469
2 0.925703 0.738184 0.057656 0.038867
2 0.314531 0.718652 0.060312 0.034961
2 0.256875 0.682520 0.060625 0.033008
2 0.621328 0.661816 0.061406 0.034570
2 0.560000 0.658398 0.060625 0.035547
2 0.196484 0.680176 0.061719 0.032227
2 0.743984 0.665430 0.059844 0.033984
2 0.139844 0.676660 0.060937 0.033008
2 0.255078 0.714258 0.060156 0.033984
2 0.377812 0.685254 0.061875 0.034570
2 0.620703 0.696973 0.060156 0.034570
2 0.682109 0.697168 0.061094 0.031055
2 0.194922 0.712109 0.061719 0.037500
2 0.924844 0.701172 0.059062 0.031250
2 0.135781 0.711035 0.059062 0.039258
2 0.743672 0.733301 0.059219 0.036914
2 0.804141 0.733105 0.061406 0.036523
2 0.620937 0.731934 0.060625 0.034180
2 0.066484 0.073047 0.061094 0.032812
2 0.865078 0.737402 0.061406 0.037305
2 0.126328 0.071484 0.058906 0.029688
2 0.498125 0.724023 0.061875 0.033984
2 0.183047 0.073145 0.059844 0.029102
2 0.303828 0.074121 0.060781 0.027148
2 0.437734 0.723340 0.062969 0.036523
2 0.742266 0.700098 0.059531 0.033008
2 0.803906 0.698145 0.060937 0.033008
2 0.497109 0.691602 0.062969 0.035547
2 0.317812 0.685937 0.060625 0.035937
0 0.923125 0.669141 0.061875 0.033594
2 0.803984 0.665527 0.061094 0.030273
2 0.682656 0.664160 0.062188 0.035352
2 0.543203 0.077539 0.061406 0.030078
2 0.483516 0.077344 0.060781 0.029688
1 0.053984 0.837402 0.057969 0.034180
2 0.967734 0.118066 0.063594 0.033008
2 0.083750 0.269141 0.061250 0.026562
2 0.361797 0.074512 0.061094 0.027930
2 0.142422 0.643750 0.059844 0.033594
2 0.724062 0.054492 0.060625 0.030859
2 0.604141 0.079395 0.061406 0.029883
0 0.439453 0.653223 0.060156 0.033008
1 0.381172 0.244141 0.059219 0.031250
2 0.664531 0.082520 0.060313 0.028320
0 0.322266 0.241992 0.060156 0.030859
2 0.146250 0.243359 0.061250 0.033594
2 0.203594 0.243359 0.060312 0.033594
4 0.262969 0.242383 0.060312 0.031641
2 0.866328 0.290430 0.060781 0.030078
2 0.744375 0.256738 0.060625 0.033008
2 0.501797 0.247070 0.059844 0.029297
2 0.683750 0.254297 0.061250 0.032031
2 0.441641 0.249414 0.061406 0.030078
0 0.563203 0.250293 0.060781 0.031836
2 0.622812 0.250391 0.061250 0.032031
2 0.925156 0.260645 0.059688 0.029102
1 0.864219 0.258496 0.059688 0.032617
2 0.320312 0.273047 0.059375 0.034375
2 0.259766 0.274023 0.060156 0.032422
2 0.744453 0.290430 0.060781 0.033984
2 0.141406 0.272656 0.060937 0.029687
2 0.201328 0.272754 0.062031 0.029883
2 0.805781 0.290625 0.061562 0.030469
2 0.440156 0.278516 0.061562 0.029687
2 0.500703 0.277734 0.060781 0.028125
2 0.380625 0.277246 0.061250 0.031055
2 0.925234 0.289160 0.059844 0.027539
2 0.561172 0.284082 0.059844 0.036914
2 0.683672 0.285547 0.061094 0.032031
2 0.622734 0.285352 0.061094 0.035547
2 0.321094 0.650488 0.060937 0.035352
2 0.197109 0.304297 0.062969 0.034375
2 0.257266 0.305957 0.061406 0.033789
2 0.084687 0.643555 0.056875 0.033203
2 0.136094 0.300977 0.062813 0.039453
2 0.078906 0.301172 0.064062 0.039844
2 0.439297 0.309473 0.062969 0.033008
2 0.377109 0.308887 0.060469 0.035742
2 0.317344 0.308496 0.062812 0.034961
2 0.844297 0.057617 0.060469 0.029297
1 0.784297 0.055566 0.059219 0.029102
2 0.896875 0.530469 0.062500 0.033594
2 0.963047 0.062109 0.060469 0.030469
2 0.958984 0.531250 0.061719 0.031250
2 0.903516 0.058398 0.060156 0.030859
2 0.202422 0.646680 0.057969 0.035547
2 0.259219 0.648633 0.059063 0.035547
2 0.375000 0.719629 0.062500 0.036914
2 0.379766 0.650586 0.059531 0.035547
2 0.087422 0.241504 0.059219 0.029883
