2 0.033359 0.457422 0.057344 0.035938
2 0.265469 0.432324 0.059063 0.032617
2 0.520234 0.036816 0.059219 0.038477
2 0.341250 0.030469 0.057500 0.037500
2 0.309219 0.267773 0.059063 0.035547
2 0.089922 0.460059 0.057969 0.033398
2 0.207266 0.464746 0.058281 0.034961
2 0.030078 0.423926 0.057031 0.031445
2 0.148281 0.428027 0.059062 0.031836
2 0.205156 0.397363 0.060312 0.033008
2 0.386719 0.440430 0.060937 0.029297
2 0.325234 0.401270 0.059844 0.033008
2 0.386016 0.404980 0.059531 0.036523
2 0.146328 0.394141 0.058281 0.034375
1 0.458984 0.036426 0.058594 0.041602
2 0.426484 0.346484 0.002969 0.009375
2 0.250156 0.265234 0.059687 0.034375
2 0.052500 0.596191 0.058125 0.032227
2 0.472266 0.648633 0.060156 0.031641
2 0.281328 0.065527 0.059531 0.037305
2 0.411719 0.614941 0.060937 0.038477
2 0.114141 0.630273 0.059531 0.033984
0 0.352031 0.610254 0.060312 0.040820
2 0.715391 0.625000 0.062031 0.035156
2 0.655078 0.621680 0.060156 0.036328
2 0.190938 0.263672 0.060000 0.035156
2 0.074063 0.258008 0.057500 0.031641
2 0.326250 0.469043 0.058750 0.035742
2 0.188906 0.193359 0.059063 0.035156
0 0.132187 0.260742 0.058125 0.033203
0 0.162344 0.027539 0.059062 0.035547
2 0.281016 0.029687 0.058906 0.035937
2 0.221797 0.029492 0.059219 0.035547
2 0.399375 0.034766 0.058125 0.038281
2 0.028828 0.390820 0.057656 0.035547
2 0.087500 0.391992 0.059375 0.033984
2 0.265781 0.399121 0.059687 0.032617
2 0.088828 0.426465 0.058906 0.032617
2 0.205703 0.430273 0.058281 0.032422
2 0.326094 0.435449 0.061563 0.034961
2 0.148438 0.461816 0.059375 0.036914
2 0.266875 0.466895 0.058750 0.035352
2 0.384531 0.471387 0.059687 0.036523
2 0.111094 0.600879 0.059688 0.037695
2 0.472109 0.616699 0.059844 0.038086
2 0.163125 0.063184 0.057500 0.032617
2 0.836328 0.631055 0.063281 0.035547
2 0.412266 0.645117 0.058906 0.028516
2 0.592656 0.651855 0.060313 0.030273
2 0.070781 0.189453 0.057188 0.035156
2 0.171406 0.599707 0.058438 0.039258
2 0.894844 0.632715 0.061562 0.034961
2 0.173281 0.634082 0.059063 0.029883
2 0.532422 0.649414 0.061719 0.033203
2 0.130000 0.191211 0.060000 0.034766
0 0.652734 0.655762 0.061719 0.034180
2 0.231953 0.640527 0.057656 0.031055
2 0.351328 0.645508 0.058906 0.029297
2 0.292344 0.643262 0.059687 0.028711
2 0.231719 0.604395 0.060312 0.040820
2 0.056094 0.626953 0.059062 0.031250
2 0.775547 0.629395 0.060469 0.036133
0 0.534375 0.617871 0.059375 0.032617
2 0.221797 0.064160 0.059219 0.034570
2 0.595078 0.619629 0.058906 0.036133
2 0.292031 0.608301 0.059063 0.044727
2 0.104375 0.061133 0.058750 0.036328
1 0.047969 0.059766 0.058437 0.037500
0 0.072500 0.225781 0.057500 0.033594
2 0.891875 0.663965 0.061875 0.031055
2 0.773281 0.663086 0.062187 0.033203
2 0.308125 0.199023 0.060000 0.034766
1 0.056719 0.656934 0.060313 0.036523
2 0.828672 0.695215 0.060469 0.031055
2 0.497344 0.816504 0.060313 0.031445
2 0.080078 0.826660 0.057031 0.028320
2 0.248594 0.231445 0.059687 0.033203
2 0.857109 0.832617 0.061094 0.032422
2 0.257734 0.837793 0.059219 0.031055
2 0.376953 0.842871 0.060156 0.029492
2 0.618047 0.854492 0.061094 0.029297
2 0.080937 0.854199 0.055625 0.028711
2 0.259297 0.864355 0.059219 0.029492
2 0.376328 0.873340 0.058906 0.031836
2 0.496953 0.877441 0.059531 0.032227
2 0.734297 0.886816 0.059219 0.031445
2 0.232500 0.667676 0.058750 0.034570
0 0.352656 0.674414 0.058438 0.032422
2 0.412344 0.676562 0.059063 0.032813
2 0.471250 0.679395 0.061250 0.034570
2 0.796172 0.861523 0.061094 0.027734
2 0.886406 0.696484 0.057188 0.033594
2 0.532109 0.679785 0.061094 0.035352
2 0.710391 0.688184 0.061406 0.032617
0 0.340156 0.067969 0.058438 0.038281
2 0.173594 0.663379 0.059687 0.033789
2 0.831406 0.662695 0.062813 0.032422
2 0.309063 0.233203 0.058750 0.032812
2 0.045547 0.023633 0.059844 0.035547
2 0.104922 0.025195 0.059844 0.034766
2 0.248438 0.196289 0.059375 0.037109
2 0.189531 0.230078 0.057187 0.034375
2 0.131250 0.225586 0.059375 0.033203
2 0.518672 0.076367 0.059219 0.035547
2 0.137891 0.799316 0.060156 0.036133
2 0.137734 0.829395 0.059844 0.029883
2 0.376484 0.813379 0.059219 0.036914
2 0.738281 0.828613 0.060937 0.032227
2 0.676562 0.854590 0.062500 0.029492
2 0.199453 0.862988 0.058281 0.030664
2 0.557031 0.850391 0.060937 0.028906
2 0.317109 0.869043 0.059219 0.031055
2 0.853359 0.861523 0.059844 0.027734
2 0.555156 0.881152 0.060313 0.031836
0 0.115859 0.659961 0.059844 0.034766
2 0.458828 0.075879 0.058281 0.034570
2 0.712734 0.657715 0.062969 0.030273
0 0.591016 0.684766 0.060156 0.033594
2 0.398984 0.073242 0.057344 0.037109
1 0.651406 0.687988 0.062188 0.032227
2 0.771016 0.692871 0.060781 0.030273
2 0.436406 0.876660 0.060313 0.030664
2 0.195703 0.801953 0.060156 0.033594
2 0.317344 0.838672 0.059687 0.028906
2 0.617891 0.823438 0.060781 0.033594
2 0.791484 0.888770 0.061094 0.031445
2 0.850234 0.891016 0.056719 0.028125
2 0.140859 0.858398 0.059844 0.033203
2 0.799297 0.830859 0.061094 0.032813
2 0.674609 0.885742 0.058594 0.033203
2 0.616172 0.883398 0.060469 0.032422
2 0.735938 0.858008 0.059375 0.028516
2 0.436719 0.845605 0.060937 0.031055
2 0.497109 0.847754 0.059844 0.031445
2 0.197344 0.833008 0.060312 0.029297
2 0.558281 0.819727 0.060313 0.033984
2 0.679063 0.824707 0.061250 0.032227
2 0.291797 0.671875 0.058594 0.031250
2 0.077812 0.798145 0.058750 0.033789
2 0.436406 0.815625 0.060313 0.033594
2 0.256172 0.805859 0.059219 0.033594
2 0.315547 0.808887 0.059219 0.031836
