2 0.145391 0.917773 0.062656 0.034766
2 0.812500 0.924023 0.062500 0.035547
2 0.692344 0.918457 0.059687 0.036133
2 0.119766 0.748145 0.061406 0.035352
3 0.085391 0.880957 0.058281 0.035352
2 0.904766 0.756445 0.062656 0.032422
2 0.901953 0.788086 0.060156 0.033203
2 0.842422 0.787500 0.059844 0.032031
0 0.361484 0.761914 0.060469 0.035547
0 0.725781 0.749414 0.057813 0.033984
0 0.300312 0.758984 0.060000 0.033594
2 0.663828 0.745801 0.058906 0.034570
2 0.311797 0.316211 0.061094 0.034766
2 0.327266 0.929102 0.060781 0.030078
2 0.433984 0.321387 0.061719 0.033398
2 0.312109 0.282031 0.061719 0.040625
2 0.189531 0.274805 0.060312 0.037891
2 0.372734 0.283203 0.061094 0.039062
2 0.129062 0.269531 0.061250 0.039062
2 0.495547 0.289844 0.062969 0.036719
2 0.433359 0.287305 0.060469 0.039453
2 0.741250 0.304102 0.060625 0.037891
2 0.556875 0.293359 0.060625 0.039844
2 0.679141 0.299609 0.061406 0.036719
2 0.071250 0.302734 0.061250 0.035156
2 0.617734 0.296094 0.060469 0.037500
2 0.129453 0.306250 0.062031 0.034375
2 0.920859 0.314453 0.060469 0.035156
2 0.862500 0.309473 0.059375 0.036914
2 0.190078 0.309668 0.061406 0.033398
2 0.801797 0.307129 0.059844 0.036133
2 0.251016 0.311621 0.061406 0.033398
2 0.068125 0.266602 0.061250 0.037109
2 0.061484 0.744629 0.060469 0.032227
2 0.421797 0.735645 0.059219 0.029883
2 0.604766 0.743750 0.059531 0.034375
2 0.482734 0.738379 0.059219 0.031445
2 0.359922 0.731055 0.060469 0.032422
2 0.387109 0.933496 0.061719 0.031055
2 0.543516 0.742773 0.062031 0.032422
0 0.872422 0.927539 0.057344 0.034766
3 0.087891 0.914551 0.057031 0.032227
2 0.968125 0.726562 0.058125 0.035156
2 0.908906 0.723145 0.061562 0.036133
2 0.570234 0.915137 0.062344 0.037305
2 0.205547 0.922461 0.061094 0.036328
2 0.752969 0.921973 0.059063 0.035352
2 0.632344 0.916113 0.061562 0.035352
2 0.266641 0.926172 0.061406 0.032031
0 0.930937 0.929004 0.061875 0.033789
2 0.251016 0.276562 0.061406 0.037500
3 0.029687 0.946094 0.059375 0.036719
2 0.858203 0.346680 0.060156 0.033203
2 0.239453 0.723047 0.060156 0.032031
2 0.508906 0.943457 0.058437 0.027539
2 0.662500 0.094434 0.059375 0.036523
0 0.448594 0.937598 0.062812 0.031445
2 0.372500 0.317773 0.060625 0.033984
2 0.494922 0.325781 0.061719 0.034375
3 0.088984 0.948047 0.059219 0.036719
2 0.191484 0.344141 0.061094 0.035938
2 0.798281 0.341992 0.059062 0.035547
2 0.130156 0.340039 0.060312 0.039453
2 0.738125 0.339648 0.060625 0.034766
2 0.072500 0.336328 0.060625 0.039844
2 0.677422 0.334570 0.061094 0.032422
2 0.616641 0.333398 0.061406 0.033984
2 0.553750 0.361133 0.060625 0.034766
2 0.156094 0.475098 0.059062 0.036133
2 0.095625 0.471973 0.060000 0.037695
2 0.848203 0.720801 0.058906 0.035352
2 0.217656 0.480371 0.060312 0.038867
2 0.917109 0.348145 0.062344 0.032227
2 0.252109 0.346484 0.060469 0.036719
2 0.493984 0.358008 0.059844 0.032422
2 0.312188 0.349219 0.058750 0.034375
1 0.432109 0.356055 0.061094 0.036328
2 0.372344 0.352148 0.060313 0.036328
2 0.615078 0.364844 0.061406 0.034375
2 0.914141 0.381836 0.059531 0.033203
2 0.036797 0.469922 0.061094 0.041406
2 0.674297 0.368359 0.061094 0.033594
2 0.855000 0.380176 0.060000 0.033789
2 0.795312 0.376270 0.059375 0.033789
0 0.970859 0.386719 0.057344 0.035156
2 0.735156 0.372461 0.060937 0.033984
2 0.972500 0.351465 0.054375 0.031055
2 0.555469 0.327246 0.060937 0.033398
2 0.507500 0.910937 0.058750 0.040625
2 0.662109 0.779102 0.058594 0.034766
2 0.265469 0.894824 0.062188 0.035742
2 0.844063 0.754785 0.056875 0.033008
2 0.602500 0.777051 0.061250 0.034570
2 0.785703 0.750879 0.058906 0.033008
0 0.298984 0.726562 0.060469 0.031250
1 0.180000 0.750391 0.060000 0.035937
2 0.542422 0.774023 0.059844 0.036328
0 0.238828 0.755664 0.058906 0.030859
2 0.964141 0.760742 0.062656 0.029297
0 0.481172 0.768848 0.059219 0.033789
2 0.356250 0.077246 0.059375 0.037305
0 0.421953 0.768457 0.059531 0.033008
1 0.722734 0.780859 0.057969 0.034375
2 0.478750 0.080566 0.060625 0.036133
0 0.783203 0.783301 0.060156 0.035352
2 0.959453 0.792285 0.062656 0.033789
3 0.029219 0.877734 0.058437 0.036719
2 0.539766 0.087012 0.060781 0.037305
2 0.417344 0.081250 0.059687 0.041406
2 0.601719 0.088184 0.059687 0.035742
2 0.144375 0.885059 0.060625 0.035742
2 0.205938 0.890723 0.061875 0.039258
2 0.387188 0.899512 0.061875 0.037305
2 0.325859 0.897070 0.061094 0.036328
2 0.447109 0.902930 0.062969 0.036328
3 0.029453 0.912305 0.058906 0.031641
0 0.657969 0.166699 0.059687 0.036523
2 0.545312 0.706836 0.059375 0.038672
2 0.941563 0.554492 0.061250 0.034766
0 0.864844 0.987305 0.057813 0.025391
0 0.117344 0.139258 0.059688 0.040234
2 0.520391 0.564941 0.059531 0.036133
2 0.056953 0.135840 0.060781 0.037305
2 0.882188 0.554004 0.061250 0.029883
2 0.764844 0.546484 0.060937 0.030469
2 0.582422 0.537109 0.061719 0.035156
0 0.037031 0.507812 0.061562 0.035156
0 0.337891 0.523047 0.060156 0.034375
2 0.826641 0.514160 0.059531 0.036133
2 0.218047 0.515625 0.061094 0.035156
2 0.278516 0.518652 0.060156 0.037305
2 0.702344 0.543164 0.060937 0.031641
0 0.896562 0.180176 0.058750 0.036133
2 0.416250 0.117090 0.060625 0.034961
2 0.661094 0.131348 0.059687 0.036133
2 0.840625 0.142187 0.059375 0.038281
1 0.356250 0.148242 0.059375 0.038672
2 0.946016 0.521191 0.060781 0.038477
2 0.722031 0.135449 0.059687 0.036523
2 0.600313 0.125488 0.060000 0.036133
2 0.605859 0.709082 0.058594 0.039258
2 0.265469 0.956836 0.059063 0.034766
2 0.038359 0.541797 0.061094 0.032813
2 0.520703 0.533691 0.060156 0.032227
2 0.361328 0.697363 0.060156 0.039258
2 0.237500 0.691406 0.059375 0.039062
2 0.642500 0.540527 0.060000 0.034180
2 0.460078 0.529102 0.060781 0.034766
2 0.235000 0.069434 0.060625 0.037305
2 0.178281 0.688770 0.059687 0.037695
2 0.295938 0.072559 0.060625 0.035742
2 0.114062 0.065137 0.059375 0.036523
2 0.484297 0.703613 0.059219 0.040039
2 0.058750 0.682031 0.064375 0.043750
2 0.581172 0.570117 0.062344 0.034766
2 0.539453 0.122363 0.060156 0.037695
2 0.781406 0.138965 0.059688 0.035742
2 0.176406 0.140430 0.059063 0.038672
2 0.478906 0.119238 0.060937 0.035352
2 0.701094 0.575684 0.061562 0.034180
2 0.398594 0.524609 0.059687 0.033594
2 0.939766 0.587109 0.060781 0.033594
2 0.766172 0.512793 0.060469 0.037305
4 0.338125 0.554590 0.060625 0.034961
2 0.460000 0.563574 0.060625 0.033398
2 0.880625 0.586133 0.061250 0.031641
2 0.820859 0.581250 0.060469 0.033594
2 0.641172 0.572070 0.060469 0.034766
2 0.867578 0.960254 0.060156 0.029883
2 0.055234 0.066406 0.060469 0.039062
2 0.785078 0.101953 0.060781 0.039844
2 0.507734 0.973047 0.059219 0.032031
2 0.327188 0.961816 0.060625 0.033008
2 0.447266 0.969336 0.060156 0.032422
2 0.386406 0.965430 0.060313 0.032422
2 0.959219 0.149512 0.059062 0.037305
2 0.805859 0.985156 0.061719 0.028906
2 0.823281 0.549023 0.059062 0.031641
2 0.398281 0.560449 0.059063 0.034961
4 0.957031 0.185352 0.060937 0.038672
2 0.905156 0.109180 0.060313 0.038672
2 0.295938 0.110254 0.060625 0.036914
2 0.356406 0.111230 0.059687 0.034961
2 0.235312 0.104199 0.061250 0.032617
2 0.963906 0.113477 0.059062 0.039453
2 0.845156 0.105469 0.059062 0.039062
2 0.175625 0.103418 0.060625 0.034961
2 0.761250 0.580176 0.060000 0.035352
2 0.628984 0.978223 0.061094 0.030664
1 0.746797 0.984277 0.059219 0.031055
2 0.055859 0.100098 0.061719 0.036133
2 0.568125 0.976660 0.061250 0.027539
0 0.688359 0.980469 0.061094 0.027344
2 0.116172 0.100684 0.060469 0.037305
2 0.174375 0.066504 0.061250 0.035352
0 0.298672 0.693164 0.059844 0.038672
2 0.723594 0.099609 0.059687 0.039062
2 0.926953 0.961133 0.057031 0.027734
2 0.476719 0.156152 0.059687 0.038867
2 0.778516 0.173633 0.060156 0.038672
2 0.886641 0.520605 0.060781 0.037305
2 0.147344 0.951758 0.060312 0.036328
2 0.688594 0.953516 0.061562 0.032031
2 0.207266 0.952930 0.061406 0.034766
2 0.119531 0.687598 0.057813 0.043164
2 0.583750 0.503809 0.061250 0.038867
0 0.422187 0.701953 0.060000 0.040625
2 0.750234 0.953906 0.062969 0.028906
2 0.119609 0.721094 0.064219 0.028125
2 0.569219 0.948828 0.060313 0.030469
0 0.628437 0.950781 0.060000 0.030469
0 0.807891 0.956738 0.059531 0.030664
2 0.728047 0.713965 0.059219 0.037305
2 0.235781 0.141895 0.059063 0.037695
2 0.059922 0.715723 0.060469 0.029102
0 0.666797 0.710449 0.058594 0.038086
2 0.157734 0.511914 0.059219 0.035547
0 0.788047 0.716992 0.057344 0.035547
2 0.097891 0.542578 0.061406 0.034375
2 0.522344 0.498828 0.060313 0.036719
2 0.278594 0.483789 0.060312 0.037891
2 0.461250 0.493262 0.060000 0.033398
2 0.400469 0.490332 0.060313 0.035352
2 0.338359 0.488672 0.061094 0.035937
2 0.705469 0.511719 0.060937 0.039062
2 0.644844 0.507227 0.061562 0.037891
0 0.097656 0.509570 0.060937 0.034766
2 0.179141 0.719141 0.061406 0.032031
2 0.718594 0.169043 0.059063 0.037305
2 0.538359 0.161426 0.061094 0.037695
0 0.598281 0.163184 0.059063 0.037305
2 0.416094 0.151953 0.060313 0.038281
1 0.838906 0.176660 0.059062 0.036914
2 0.296250 0.146094 0.061250 0.038281
2 0.900000 0.145410 0.059375 0.036914
2 0.157656 0.545703 0.059062 0.036719
2 0.217891 0.549902 0.060781 0.037305
2 0.278594 0.553320 0.060312 0.036328
