2 0.030156 0.274121 0.060313 0.036523
2 0.327109 0.281445 0.057344 0.035547
2 0.089141 0.276465 0.059531 0.037305
2 0.147656 0.240918 0.060937 0.036523
2 0.267344 0.245215 0.059687 0.037305
1 0.207266 0.206543 0.061406 0.034180
2 0.087813 0.238281 0.060000 0.035156
2 0.146328 0.204785 0.058281 0.034570
2 0.148359 0.278516 0.059219 0.037500
2 0.207187 0.243555 0.061250 0.037891
2 0.207813 0.279883 0.059375 0.036328
2 0.087969 0.205762 0.060312 0.032617
2 0.028750 0.204687 0.057500 0.034375
2 0.326562 0.212109 0.059375 0.037500
2 0.267422 0.209570 0.059844 0.036328
2 0.267734 0.280859 0.060469 0.034375
2 0.327031 0.248145 0.060312 0.035352
2 0.029531 0.237891 0.059062 0.034375
2 0.055937 0.877930 0.055625 0.025391
0 0.062500 0.012109 0.059375 0.024219
2 0.110781 0.647559 0.059062 0.033398
2 0.063594 0.040137 0.058437 0.033398
0 0.110859 0.445801 0.062344 0.036133
2 0.108359 0.410645 0.060469 0.036133
0 0.049453 0.442773 0.061406 0.033984
2 0.053906 0.678613 0.057813 0.033008
2 0.419141 0.052832 0.060156 0.035352
1 0.240313 0.015039 0.061875 0.030078
2 0.241953 0.082617 0.058906 0.036328
2 0.048906 0.815430 0.057188 0.033203
2 0.179375 0.013574 0.058750 0.027148
2 0.360938 0.085254 0.059375 0.033789
2 0.120625 0.012500 0.060000 0.025000
2 0.359375 0.016211 0.059375 0.032422
2 0.418672 0.017578 0.059219 0.035156
2 0.300156 0.049219 0.059687 0.035937
2 0.240703 0.048047 0.059531 0.033594
2 0.112969 0.680078 0.060312 0.032031
2 0.122188 0.043066 0.060000 0.035352
2 0.046953 0.408301 0.062656 0.035352
2 0.300156 0.015137 0.059687 0.030273
2 0.051797 0.847168 0.056719 0.034180
0 0.419609 0.089355 0.057969 0.034180
2 0.182031 0.081152 0.057813 0.037305
0 0.300547 0.083984 0.060469 0.035156
2 0.123516 0.078027 0.059531 0.038867
1 0.064297 0.076660 0.059844 0.040039
2 0.170156 0.683008 0.055937 0.030078
2 0.182734 0.043848 0.059219 0.036914
2 0.226641 0.414258 0.059531 0.035547
2 0.051875 0.475195 0.060000 0.032422
2 0.170078 0.447949 0.058906 0.032617
2 0.110234 0.614062 0.061094 0.032813
2 0.169063 0.619336 0.056875 0.039453
0 0.168984 0.653027 0.056719 0.028711
2 0.170703 0.480273 0.060156 0.034766
2 0.112969 0.478711 0.060312 0.031641
2 0.050078 0.611719 0.059531 0.032031
1 0.358906 0.050488 0.058438 0.038477
2 0.053047 0.643945 0.059219 0.033984
2 0.229297 0.480566 0.058594 0.035352
1 0.167109 0.412598 0.062344 0.036133
2 0.227109 0.447949 0.057344 0.032617
