2 0.285234 0.020020 0.064219 0.028320
2 0.433125 0.197266 0.060000 0.031250
2 0.494062 0.203027 0.060000 0.034961
2 0.554063 0.205371 0.061250 0.035742
0 0.074687 0.208984 0.058750 0.031250
2 0.614453 0.210352 0.060156 0.037891
2 0.132344 0.212109 0.058438 0.029688
2 0.675781 0.213574 0.060937 0.036523
1 0.829531 0.021582 0.059062 0.031445
2 0.191484 0.216504 0.057969 0.030664
2 0.736094 0.215918 0.059687 0.037305
3 0.795703 0.219238 0.060156 0.036133
0 0.248984 0.220703 0.060469 0.031250
2 0.310391 0.225391 0.058281 0.032812
2 0.031953 0.444629 0.063906 0.037695
2 0.639062 0.448926 0.059375 0.034570
2 0.769297 0.046484 0.060469 0.030469
2 0.222031 0.046582 0.059687 0.038477
0 0.089297 0.450684 0.059844 0.038086
2 0.699062 0.454004 0.060625 0.033008
2 0.149219 0.454004 0.060937 0.036914
2 0.761016 0.455469 0.059531 0.035938
0 0.209297 0.455469 0.059219 0.039844
2 0.819922 0.461133 0.061719 0.035547
2 0.268594 0.460840 0.062188 0.038867
2 0.330781 0.462793 0.061563 0.038867
2 0.881875 0.462988 0.060625 0.035352
2 0.389922 0.468457 0.061094 0.042383
2 0.941953 0.470020 0.058906 0.033789
0 0.450938 0.470996 0.061250 0.039648
2 0.513047 0.476953 0.060469 0.039844
0 0.574375 0.478906 0.061250 0.039844
2 0.636797 0.482422 0.061094 0.039062
2 0.698906 0.486914 0.060313 0.044141
2 0.282734 0.049121 0.062344 0.039648
2 0.829922 0.050098 0.059844 0.029883
2 0.760859 0.489063 0.059219 0.044531
2 0.820937 0.494238 0.060625 0.043164
2 0.882031 0.499219 0.060937 0.037500
2 0.943125 0.504004 0.058125 0.035352
2 0.344375 0.053027 0.063750 0.035742
2 0.891328 0.055371 0.060781 0.028711
3 0.950391 0.056641 0.060156 0.027344
2 0.402578 0.056738 0.061406 0.035352
2 0.463281 0.057520 0.060937 0.036914
2 0.063125 0.580078 0.060625 0.035156
2 0.121406 0.583105 0.061563 0.037305
2 0.179688 0.587207 0.062500 0.037695
2 0.238750 0.592871 0.061875 0.037305
2 0.297969 0.597363 0.061563 0.038477
2 0.357969 0.603613 0.062812 0.039258
2 0.416563 0.607520 0.061250 0.039258
2 0.477109 0.611621 0.060469 0.035742
2 0.057969 0.612305 0.062813 0.033203
2 0.114844 0.616211 0.060937 0.033203
4 0.536797 0.615625 0.061094 0.035937
2 0.599531 0.620117 0.061562 0.037109
2 0.174844 0.622070 0.062188 0.033203
2 0.659922 0.624512 0.060469 0.038086
2 0.524219 0.064355 0.060937 0.034961
2 0.234063 0.626367 0.061875 0.033984
2 0.720703 0.627637 0.060156 0.036523
2 0.780156 0.630469 0.060313 0.034375
2 0.294219 0.631641 0.063437 0.032813
2 0.840781 0.634180 0.059688 0.033984
2 0.354063 0.636914 0.064375 0.035547
0 0.901641 0.636719 0.059531 0.035156
2 0.414062 0.640820 0.062500 0.035547
2 0.961250 0.643652 0.060000 0.041211
2 0.475078 0.645801 0.062656 0.033789
2 0.052812 0.646582 0.061875 0.043164
0 0.536953 0.650098 0.061406 0.034570
2 0.112031 0.651270 0.061563 0.040820
2 0.597422 0.655371 0.060469 0.037305
2 0.171250 0.656641 0.061250 0.035937
2 0.658359 0.659375 0.060469 0.037500
2 0.230781 0.662598 0.061563 0.040039
2 0.719531 0.662402 0.060937 0.035742
2 0.586719 0.067383 0.060937 0.037109
2 0.927578 0.916992 0.061406 0.037109
1 0.042578 0.979199 0.060156 0.040430
2 0.100781 0.982324 0.060937 0.034961
2 0.708437 0.014746 0.060625 0.029492
0 0.225391 0.016113 0.063281 0.028320
0 0.768906 0.018359 0.059687 0.028906
2 0.078281 0.178027 0.059688 0.031836
1 0.136094 0.182715 0.059688 0.033398
0 0.195938 0.184375 0.057500 0.032812
2 0.254219 0.188281 0.058438 0.032812
2 0.312422 0.192480 0.059219 0.033398
2 0.373594 0.194434 0.059687 0.033398
3 0.858516 0.226758 0.063906 0.039453
2 0.369453 0.228613 0.060781 0.031445
0 0.430469 0.230469 0.060937 0.031250
3 0.920000 0.233594 0.061875 0.041406
2 0.345859 0.022852 0.057344 0.030078
2 0.491328 0.235547 0.060781 0.033594
2 0.552344 0.239844 0.060937 0.034375
2 0.068672 0.241602 0.059219 0.037891
2 0.613203 0.243359 0.060781 0.033594
2 0.127656 0.243750 0.058438 0.038281
2 0.674141 0.246680 0.060781 0.032422
2 0.187031 0.249023 0.058438 0.037109
2 0.735156 0.250781 0.060937 0.032813
2 0.246953 0.253809 0.059531 0.034961
2 0.404687 0.025488 0.062500 0.031445
2 0.889531 0.025879 0.060313 0.032227
3 0.796328 0.254395 0.061406 0.036133
2 0.307969 0.258105 0.059687 0.035742
3 0.857969 0.259863 0.065938 0.043164
2 0.367891 0.261426 0.060781 0.034570
2 0.429063 0.264355 0.061250 0.036523
3 0.920625 0.265820 0.063125 0.039453
2 0.490078 0.268262 0.061406 0.036523
2 0.465234 0.027344 0.061719 0.031250
2 0.551016 0.273926 0.061406 0.036133
2 0.673047 0.280566 0.061719 0.037695
2 0.735156 0.284570 0.060937 0.037891
3 0.796328 0.289355 0.061406 0.035742
3 0.948828 0.029199 0.060156 0.031055
3 0.856641 0.295605 0.066406 0.040430
3 0.920156 0.299512 0.062187 0.036523
2 0.647344 0.038574 0.060313 0.030273
2 0.041563 0.378418 0.064375 0.038086
2 0.100469 0.379395 0.063437 0.036133
1 0.156875 0.384180 0.060625 0.033984
2 0.217109 0.386523 0.059219 0.034766
2 0.275547 0.390723 0.060469 0.035352
2 0.045703 0.040137 0.060156 0.037305
2 0.335313 0.395410 0.061250 0.036914
0 0.396094 0.397949 0.060937 0.034180
0 0.457344 0.402734 0.061562 0.035938
0 0.515703 0.406152 0.059531 0.034961
2 0.036094 0.408496 0.062813 0.031836
2 0.708594 0.042871 0.060937 0.031055
0 0.577891 0.410547 0.062031 0.035938
2 0.095391 0.414551 0.062656 0.036133
2 0.153750 0.418555 0.060625 0.036328
2 0.213672 0.418555 0.061719 0.032422
2 0.271875 0.426172 0.059375 0.035938
2 0.412500 0.675781 0.062500 0.035156
3 0.961328 0.676660 0.060156 0.036914
2 0.472734 0.681250 0.061094 0.038281
2 0.533438 0.683398 0.060625 0.038672
2 0.647422 0.070020 0.060469 0.038477
2 0.596641 0.691895 0.062031 0.040039
2 0.657031 0.695117 0.060937 0.038672
2 0.718281 0.700586 0.061562 0.041797
2 0.780234 0.703027 0.060469 0.042773
2 0.841250 0.706445 0.060625 0.041797
2 0.902187 0.709570 0.060625 0.044141
3 0.963828 0.714355 0.062031 0.041992
2 0.708594 0.075391 0.060937 0.037500
2 0.769297 0.078320 0.060469 0.035547
2 0.085391 0.787012 0.058281 0.034961
2 0.143359 0.793652 0.058594 0.036523
2 0.202344 0.796387 0.060937 0.034180
2 0.830156 0.080566 0.060313 0.040039
2 0.261016 0.801953 0.059531 0.033594
2 0.321250 0.805957 0.061250 0.033789
2 0.380625 0.809863 0.061250 0.033789
1 0.441328 0.812988 0.060781 0.036133
2 0.502266 0.818848 0.060781 0.036133
2 0.080156 0.820312 0.060312 0.035156
2 0.561953 0.822754 0.061406 0.036133
2 0.139766 0.824609 0.060781 0.035937
2 0.622578 0.826367 0.060781 0.035547
2 0.199687 0.828223 0.061875 0.035352
2 0.683828 0.832520 0.061406 0.036133
2 0.256484 0.835449 0.059844 0.034180
2 0.743516 0.836328 0.058906 0.035937
2 0.805625 0.838281 0.061250 0.035937
2 0.318906 0.839063 0.062812 0.033594
3 0.891172 0.085840 0.060469 0.034961
1 0.865938 0.842187 0.060000 0.035937
2 0.377812 0.843652 0.061875 0.034961
3 0.926797 0.845313 0.059844 0.038281
2 0.438750 0.848828 0.061875 0.033594
2 0.074687 0.853906 0.058750 0.035937
2 0.499453 0.855078 0.061406 0.038281
2 0.560859 0.859473 0.062344 0.035352
2 0.134844 0.860352 0.060312 0.037109
2 0.621250 0.863086 0.061250 0.034766
2 0.196250 0.864355 0.061250 0.037305
2 0.683984 0.866113 0.061719 0.033008
2 0.255000 0.869336 0.060000 0.039453
2 0.744453 0.870410 0.060781 0.033789
2 0.315703 0.874316 0.062656 0.037695
2 0.805391 0.875879 0.060781 0.033008
1 0.865938 0.876465 0.060000 0.034180
2 0.375703 0.880762 0.060781 0.038867
3 0.927812 0.881250 0.061875 0.035937
2 0.437109 0.883398 0.061719 0.040234
2 0.497891 0.890625 0.061406 0.039062
2 0.559453 0.895605 0.062656 0.037305
2 0.621563 0.898926 0.061875 0.036133
2 0.682500 0.902246 0.061875 0.038867
2 0.743203 0.907031 0.061406 0.036719
2 0.805703 0.910156 0.061406 0.039062
2 0.865859 0.913477 0.059844 0.037891
2 0.881719 0.431445 0.060313 0.038672
2 0.454766 0.434570 0.062656 0.033203
0 0.780312 0.665039 0.060625 0.033203
0 0.901797 0.672461 0.059844 0.032422
0 0.841016 0.666016 0.060156 0.031250
2 0.350469 0.670801 0.063437 0.036914
2 0.291406 0.666699 0.060937 0.040430
2 0.514375 0.441895 0.060000 0.036133
0 0.576719 0.444238 0.062812 0.029102
2 0.941406 0.435156 0.060937 0.038281
2 0.394062 0.430664 0.060000 0.033203
2 0.162656 0.043457 0.062813 0.036133
2 0.332500 0.429004 0.061875 0.033789
2 0.820781 0.427930 0.060313 0.039453
1 0.698750 0.419531 0.060000 0.038281
2 0.759687 0.422461 0.060000 0.036328
0 0.637969 0.414941 0.060313 0.036914
2 0.105547 0.041309 0.061094 0.035742
2 0.588047 0.034277 0.060469 0.029492
2 0.525469 0.031543 0.060313 0.031836
2 0.611953 0.278027 0.061406 0.036523
