3 0.763672 0.478125 0.061719 0.034375
2 0.885703 0.483691 0.065156 0.033789
3 0.765000 0.512891 0.061250 0.037500
2 0.825078 0.513672 0.062656 0.031250
3 0.947578 0.517676 0.060781 0.035352
3 0.764766 0.545312 0.060781 0.035937
3 0.949609 0.552539 0.061719 0.038672
1 0.454297 0.663379 0.061719 0.033789
1 0.512188 0.669727 0.058750 0.038672
2 0.573203 0.672266 0.062031 0.035937
2 0.695937 0.678223 0.063750 0.032227
2 0.756719 0.681641 0.060313 0.039062
2 0.816328 0.684473 0.060781 0.036914
2 0.937969 0.690625 0.063438 0.037500
2 0.450703 0.698145 0.060781 0.036914
2 0.512344 0.705957 0.059063 0.036914
2 0.633750 0.712695 0.061250 0.038672
2 0.695078 0.712402 0.062031 0.038086
2 0.756094 0.717773 0.059063 0.033203
2 0.877891 0.725391 0.062031 0.040625
2 0.941094 0.727246 0.063438 0.036523
2 0.450469 0.737207 0.060313 0.036914
2 0.572578 0.743457 0.060781 0.033789
2 0.633984 0.749023 0.061719 0.033203
2 0.694766 0.749609 0.064531 0.034375
2 0.817344 0.754980 0.062813 0.029492
2 0.943359 0.762012 0.064844 0.039648
2 0.391172 0.866406 0.060469 0.037500
2 0.511250 0.868457 0.063125 0.033789
2 0.632266 0.878809 0.061406 0.034961
2 0.694063 0.880078 0.063125 0.037500
2 0.754531 0.882617 0.062188 0.038672
2 0.935312 0.890527 0.064375 0.034961
2 0.876563 0.889844 0.062500 0.037500
0 0.330781 0.897363 0.064688 0.036914
2 0.451016 0.904199 0.061406 0.034961
2 0.511250 0.905078 0.063125 0.040625
2 0.572031 0.909668 0.059687 0.038086
2 0.754297 0.918066 0.061719 0.035352
2 0.694063 0.917871 0.063125 0.034961
2 0.756719 0.750488 0.060313 0.032227
2 0.389844 0.904297 0.060937 0.039062
2 0.879844 0.760840 0.062813 0.029492
2 0.632344 0.914062 0.064687 0.039062
2 0.813672 0.885645 0.061719 0.036914
2 0.332031 0.861230 0.057813 0.034961
0 0.572656 0.873145 0.060937 0.035352
2 0.450078 0.867578 0.062656 0.035937
2 0.888437 0.553418 0.064375 0.036523
2 0.512031 0.741992 0.064687 0.038672
2 0.815938 0.720801 0.060000 0.035352
2 0.876797 0.687305 0.059844 0.038672
2 0.574141 0.709375 0.060781 0.035937
2 0.635078 0.676172 0.060781 0.035937
2 0.886484 0.518457 0.060469 0.036914
2 0.825469 0.546387 0.063438 0.038086
3 0.824844 0.479199 0.062187 0.036523
3 0.947891 0.485938 0.064531 0.034375
2 0.448359 0.940527 0.059219 0.041211
2 0.876094 0.963184 0.058437 0.039648
2 0.633516 0.953223 0.063906 0.035352
0 0.815078 0.922168 0.061406 0.039648
2 0.875703 0.923828 0.060781 0.039062
0 0.934453 0.928418 0.062656 0.044336
2 0.327813 0.933594 0.058750 0.039062
2 0.387344 0.942090 0.062188 0.036523
2 0.510156 0.942871 0.060937 0.038086
2 0.571953 0.950000 0.062656 0.040625
0 0.693594 0.953125 0.062188 0.039062
2 0.754141 0.955762 0.061406 0.044336
0 0.815391 0.958887 0.058906 0.042773
2 0.936953 0.965723 0.061406 0.036914
