2 0.612578 0.622168 0.062656 0.033398
2 0.551172 0.618457 0.061719 0.037695
1 0.215391 0.795117 0.062031 0.035547
2 0.915938 0.679297 0.060000 0.034375
2 0.424844 0.677832 0.062188 0.043164
2 0.731875 0.697754 0.060625 0.036133
2 0.670781 0.696484 0.060313 0.041406
2 0.153750 0.788184 0.060625 0.033398
2 0.609922 0.691406 0.063594 0.035156
2 0.548438 0.686621 0.062500 0.037305
2 0.856719 0.706250 0.060313 0.037500
2 0.099766 0.782520 0.058906 0.033789
2 0.602812 0.072363 0.061875 0.031445
2 0.794844 0.702637 0.061562 0.038086
1 0.038437 0.779687 0.064375 0.039844
2 0.916406 0.713281 0.060937 0.035937
2 0.723281 0.077246 0.062188 0.033398
2 0.663281 0.076270 0.060937 0.031445
1 0.274844 0.799316 0.062188 0.036133
2 0.785625 0.082422 0.061875 0.039844
2 0.332969 0.804004 0.062812 0.037695
2 0.369297 0.605273 0.060469 0.034766
2 0.242656 0.664160 0.063437 0.039258
3 0.905937 0.063086 0.061875 0.028516
2 0.835469 0.503027 0.061562 0.037305
2 0.896875 0.505957 0.059375 0.031445
2 0.871172 0.232129 0.061094 0.030664
2 0.628516 0.212500 0.063281 0.030469
2 0.086719 0.212012 0.060937 0.033398
1 0.856250 0.640039 0.059375 0.033984
2 0.672656 0.659375 0.060937 0.029687
2 0.307734 0.632422 0.062344 0.030469
2 0.732656 0.632227 0.062188 0.033984
0 0.672813 0.626953 0.061250 0.035156
2 0.029375 0.209375 0.058750 0.035938
2 0.567969 0.209082 0.060937 0.031445
2 0.507578 0.204199 0.062031 0.029492
0 0.447500 0.200293 0.060625 0.033398
4 0.386875 0.195117 0.061250 0.034766
0 0.784766 0.020410 0.060156 0.033008
2 0.183281 0.655176 0.063437 0.036914
2 0.145703 0.213867 0.063281 0.029297
2 0.541328 0.067090 0.060781 0.032617
2 0.794687 0.666699 0.061250 0.028711
2 0.203047 0.212988 0.062344 0.027539
2 0.688828 0.218555 0.058906 0.026953
2 0.263359 0.217480 0.061094 0.024805
2 0.131875 0.585645 0.063750 0.030664
2 0.198984 0.248047 0.066719 0.035156
2 0.443594 0.231055 0.065313 0.028516
2 0.964687 0.066602 0.057500 0.031641
2 0.383672 0.227344 0.061094 0.028906
2 0.322891 0.222070 0.061406 0.026172
1 0.810000 0.225098 0.060625 0.032227
2 0.749453 0.223535 0.061406 0.029102
2 0.504687 0.234766 0.062500 0.028125
2 0.688750 0.246582 0.058750 0.028320
3 0.931719 0.234570 0.060313 0.031641
2 0.139688 0.245605 0.063750 0.034180
2 0.566641 0.239746 0.061406 0.030273
2 0.081719 0.245020 0.060312 0.033008
2 0.627969 0.242480 0.062188 0.027930
2 0.749219 0.253516 0.060937 0.034375
0 0.072969 0.577148 0.061563 0.041016
2 0.870547 0.264746 0.059844 0.033398
2 0.259844 0.250586 0.063437 0.040234
2 0.442031 0.261914 0.065313 0.035547
2 0.321172 0.253906 0.064219 0.035156
2 0.379297 0.258301 0.058594 0.040039
2 0.810156 0.257227 0.060937 0.030078
2 0.564297 0.271875 0.062969 0.032031
2 0.956719 0.510156 0.060313 0.032031
3 0.932031 0.267676 0.060937 0.031445
2 0.503125 0.266992 0.065625 0.033984
2 0.358438 0.051172 0.060625 0.039844
2 0.845703 0.027148 0.060156 0.034766
2 0.309063 0.599219 0.061875 0.034375
2 0.419063 0.058594 0.063125 0.035156
2 0.845703 0.058301 0.060156 0.030664
0 0.249063 0.594824 0.060625 0.037305
1 0.188984 0.590137 0.059219 0.035742
2 0.489453 0.614648 0.063281 0.033984
2 0.480312 0.063184 0.060625 0.032617
2 0.072109 0.612695 0.059844 0.033984
2 0.428437 0.611914 0.060000 0.036328
2 0.186563 0.624219 0.063750 0.033594
2 0.128438 0.615234 0.063125 0.035156
2 0.246016 0.629395 0.060781 0.032227
2 0.368047 0.637500 0.064219 0.028906
2 0.795391 0.635938 0.062656 0.033594
2 0.062813 0.647168 0.063125 0.036523
2 0.915625 0.642383 0.059375 0.034766
2 0.426797 0.642090 0.062969 0.026367
2 0.610625 0.654395 0.061875 0.035352
2 0.488359 0.647461 0.061094 0.029297
2 0.549766 0.651465 0.062031 0.029492
2 0.122969 0.649316 0.064688 0.036914
2 0.487422 0.680176 0.062344 0.040039
2 0.302813 0.667090 0.061875 0.041211
2 0.732187 0.664062 0.061250 0.031250
2 0.364531 0.672656 0.063437 0.040625
2 0.856406 0.673047 0.059688 0.029687
2 0.055078 0.380078 0.057031 0.033594
1 0.878828 0.880176 0.060781 0.033789
2 0.541875 0.035937 0.061875 0.032813
3 0.871016 0.297070 0.060781 0.031641
2 0.266172 0.189453 0.063594 0.031250
2 0.967109 0.098047 0.056094 0.028125
0 0.665000 0.014355 0.061250 0.028711
2 0.061875 0.038672 0.055000 0.042188
3 0.966250 0.036621 0.057500 0.030273
2 0.817109 0.912793 0.062344 0.040430
2 0.328828 0.872363 0.060781 0.041602
2 0.480625 0.031641 0.064375 0.032031
2 0.114375 0.383691 0.060000 0.033008
2 0.163828 0.450195 0.058906 0.037109
2 0.636250 0.864941 0.060000 0.034570
3 0.906094 0.031250 0.062187 0.031250
2 0.170547 0.389941 0.056719 0.037695
3 0.931563 0.297363 0.060000 0.028320
2 0.351016 0.398633 0.058281 0.035547
2 0.723516 0.045312 0.062656 0.028125
2 0.602656 0.039551 0.061562 0.032227
2 0.168125 0.418164 0.058125 0.027734
2 0.230078 0.393652 0.060156 0.033398
2 0.291719 0.396191 0.061563 0.034570
2 0.121875 0.040039 0.062500 0.041016
2 0.592109 0.415918 0.059219 0.034961
2 0.050547 0.410742 0.057344 0.032422
0 0.470859 0.408008 0.063594 0.034766
1 0.408750 0.403223 0.061250 0.033008
2 0.180078 0.041699 0.057031 0.040430
2 0.108750 0.413867 0.061250 0.030859
2 0.531797 0.411133 0.060469 0.037109
2 0.664062 0.042383 0.059375 0.030078
2 0.653359 0.418848 0.062969 0.036914
2 0.239766 0.045703 0.060781 0.040625
1 0.835703 0.432617 0.062031 0.033203
1 0.773047 0.426660 0.061719 0.036914
2 0.226719 0.424219 0.059687 0.028125
2 0.287422 0.426270 0.062344 0.028320
2 0.713281 0.424805 0.060937 0.033203
2 0.591484 0.447754 0.061094 0.032227
2 0.407891 0.434375 0.062656 0.032813
2 0.348125 0.433398 0.058750 0.030859
0 0.468984 0.440625 0.059844 0.033594
2 0.103906 0.447852 0.060937 0.036328
3 0.955937 0.440137 0.058750 0.032617
3 0.895781 0.435937 0.060313 0.032031
2 0.045078 0.441699 0.058906 0.035742
2 0.528906 0.445605 0.060937 0.035742
2 0.207969 0.862207 0.059687 0.036914
2 0.773047 0.462305 0.061719 0.033984
2 0.650781 0.488379 0.064062 0.035352
2 0.282578 0.456934 0.058906 0.034961
2 0.713594 0.456055 0.061562 0.033203
2 0.652656 0.453711 0.061562 0.032422
2 0.223672 0.455469 0.062969 0.035938
2 0.756563 0.838184 0.060000 0.035742
2 0.590000 0.483984 0.061250 0.038281
2 0.404687 0.469434 0.065625 0.036523
2 0.344219 0.466992 0.057187 0.035547
0 0.835547 0.464258 0.061719 0.037891
2 0.527891 0.477930 0.062031 0.037891
3 0.896797 0.470605 0.059219 0.034961
3 0.956016 0.475586 0.058906 0.037109
2 0.467422 0.472168 0.059844 0.038086
2 0.329922 0.838184 0.062969 0.027930
2 0.036797 0.815918 0.064219 0.034180
2 0.299297 0.048730 0.057969 0.038867
2 0.455156 0.813867 0.060313 0.033984
2 0.784141 0.050391 0.062031 0.022656
2 0.394609 0.807422 0.064219 0.032813
2 0.712812 0.491211 0.063125 0.037109
2 0.773359 0.495996 0.062344 0.034961
2 0.152422 0.821289 0.061094 0.033203
2 0.514687 0.817773 0.063750 0.033984
2 0.092812 0.815820 0.063750 0.037891
2 0.575625 0.823047 0.060625 0.036719
2 0.270156 0.830566 0.062188 0.032227
2 0.697109 0.832031 0.059844 0.039062
2 0.211484 0.827637 0.063594 0.030273
2 0.636250 0.827832 0.060000 0.038477
2 0.451641 0.845703 0.059531 0.027344
1 0.878594 0.842578 0.060313 0.040625
2 0.818359 0.839551 0.061719 0.038477
2 0.390859 0.838867 0.062969 0.029297
2 0.574062 0.856836 0.063750 0.030078
2 0.150469 0.856348 0.060312 0.036914
2 0.030781 0.848145 0.061562 0.036133
0 0.090156 0.851758 0.064688 0.039453
2 0.937969 0.849023 0.057188 0.041797
2 0.511641 0.849805 0.060781 0.027734
2 0.634531 0.898438 0.059687 0.039062
2 0.572578 0.893164 0.060781 0.040234
2 0.755703 0.871191 0.061406 0.031445
2 0.267891 0.869141 0.060781 0.042969
2 0.809609 0.290430 0.059844 0.033984
2 0.697109 0.868262 0.059844 0.033398
2 0.939844 0.887793 0.057813 0.037305
2 0.818359 0.875488 0.061719 0.032227
2 0.389531 0.874902 0.060313 0.042773
2 0.511094 0.883398 0.062812 0.040234
2 0.845703 0.088965 0.060156 0.029492
2 0.449922 0.881738 0.059219 0.044727
2 0.695859 0.903906 0.060469 0.038281
3 0.906719 0.095703 0.060313 0.035156
2 0.939219 0.922559 0.059688 0.032617
2 0.755234 0.907324 0.060469 0.041211
2 0.879219 0.917188 0.061562 0.041406
2 0.032891 0.176660 0.059531 0.033008
2 0.725000 0.017285 0.059375 0.030664
0 0.114062 0.984375 0.059375 0.031250
2 0.055156 0.980078 0.057188 0.038281
2 0.361016 0.016113 0.059531 0.032227
2 0.241875 0.012207 0.058750 0.024414
2 0.300625 0.015137 0.060625 0.030273
2 0.149766 0.185254 0.058906 0.030664
2 0.093750 0.181836 0.056250 0.035547
2 0.208906 0.186914 0.061563 0.030078
2 0.325547 0.193848 0.063594 0.032227
2 0.749219 0.284863 0.060937 0.026758
2 0.628594 0.272852 0.063438 0.033984
2 0.420547 0.027832 0.059844 0.032227
2 0.688203 0.276367 0.060781 0.033203
