2 0.370000 0.164648 0.055625 0.036328
2 0.371484 0.095020 0.061719 0.045508
2 0.371719 0.134375 0.059063 0.034375
2 0.312734 0.130469 0.056719 0.042187
2 0.132422 0.120020 0.058594 0.040820
3 0.058750 0.280078 0.058125 0.032813
2 0.251172 0.164160 0.058594 0.031445
2 0.191562 0.087305 0.058125 0.041797
2 0.073047 0.152930 0.058594 0.032422
2 0.133750 0.156152 0.058125 0.031055
2 0.252812 0.090234 0.061875 0.039844
2 0.192266 0.124316 0.062656 0.033789
2 0.314375 0.091797 0.060000 0.039062
2 0.072813 0.079102 0.061250 0.037109
2 0.131250 0.081250 0.059375 0.037500
3 0.062109 0.352148 0.058594 0.032422
2 0.251875 0.129297 0.060000 0.039844
3 0.060547 0.314453 0.055469 0.039062
2 0.073047 0.116699 0.058594 0.034180
2 0.191953 0.157324 0.058906 0.033398
1 0.311875 0.162207 0.058125 0.035352
