2 0.074531 0.186523 0.058438 0.037109
2 0.331094 0.436426 0.059063 0.033008
2 0.697109 0.419141 0.059844 0.033594
2 0.513906 0.408203 0.062188 0.035156
2 0.032656 0.424023 0.062187 0.031641
1 0.634375 0.451562 0.059375 0.032031
2 0.571250 0.479102 0.058125 0.032422
0 0.690000 0.485449 0.061250 0.033398
2 0.390625 0.405371 0.062500 0.033398
2 0.052812 0.057422 0.058750 0.036719
2 0.015625 0.588672 0.031250 0.036719
2 0.357891 0.603809 0.059531 0.035742
2 0.481641 0.608594 0.060156 0.033594
2 0.170078 0.062891 0.058906 0.039844
2 0.017344 0.623242 0.034687 0.031641
2 0.708594 0.051855 0.060937 0.037305
2 0.511484 0.481055 0.060469 0.032422
2 0.451172 0.475293 0.058594 0.032617
2 0.452422 0.442578 0.061094 0.033594
2 0.453359 0.408496 0.059844 0.035742
2 0.270625 0.400977 0.060000 0.032422
2 0.211172 0.396875 0.059844 0.032031
2 0.150234 0.394336 0.059844 0.034766
2 0.331094 0.403809 0.059063 0.034180
2 0.636797 0.418066 0.061094 0.035352
2 0.348750 0.033008 0.060000 0.038672
2 0.756172 0.422070 0.059219 0.035547
2 0.792266 0.289453 0.056406 0.035938
2 0.407891 0.037207 0.059531 0.035352
2 0.467109 0.038379 0.059219 0.037695
2 0.031016 0.389551 0.058906 0.036914
2 0.527500 0.041211 0.061250 0.031641
2 0.272266 0.433496 0.060156 0.034961
2 0.091172 0.392480 0.060469 0.034961
2 0.035469 0.456250 0.061562 0.033594
2 0.753594 0.453809 0.060313 0.032617
0 0.391484 0.439453 0.061094 0.035156
2 0.151875 0.428125 0.060000 0.032031
2 0.211406 0.428613 0.060312 0.033008
2 0.574141 0.412207 0.060781 0.035352
2 0.095000 0.457520 0.058750 0.032227
2 0.659766 0.617871 0.057031 0.032617
2 0.022656 0.187012 0.045312 0.034180
2 0.092188 0.424707 0.059375 0.033008
2 0.750469 0.485449 0.057188 0.033398
1 0.418281 0.607520 0.061562 0.035352
2 0.298750 0.600684 0.060000 0.037305
1 0.111875 0.058789 0.058125 0.035547
0 0.329766 0.470703 0.059531 0.031250
2 0.154375 0.459961 0.058750 0.033203
2 0.587344 0.042871 0.059063 0.034961
2 0.236953 0.597656 0.061406 0.035156
2 0.647109 0.048242 0.059844 0.033984
2 0.574453 0.446973 0.061406 0.034570
2 0.512734 0.444727 0.059844 0.037891
2 0.271328 0.466895 0.058281 0.035352
2 0.694609 0.454102 0.061094 0.033203
2 0.213359 0.463770 0.061094 0.036914
2 0.178750 0.594629 0.060625 0.036914
2 0.391172 0.472852 0.060469 0.035547
2 0.631250 0.483691 0.059375 0.033789
2 0.120547 0.594629 0.056719 0.040820
2 0.767266 0.054688 0.056406 0.035156
2 0.060859 0.589746 0.059219 0.038867
2 0.601484 0.613184 0.059219 0.034961
2 0.253828 0.189648 0.060781 0.035547
2 0.541484 0.612207 0.061094 0.033008
2 0.194062 0.189746 0.060000 0.035742
2 0.229453 0.063672 0.062031 0.033594
2 0.133281 0.188086 0.060312 0.036328
2 0.656328 0.684863 0.056406 0.033789
2 0.347656 0.069727 0.060937 0.033984
2 0.085625 0.795996 0.058750 0.037305
2 0.597344 0.684473 0.060313 0.033008
0 0.298438 0.669824 0.059375 0.034961
2 0.706641 0.088477 0.060156 0.036328
2 0.766094 0.089844 0.057188 0.035156
2 0.442578 0.878613 0.060156 0.034570
2 0.146562 0.863574 0.055625 0.031836
2 0.381797 0.874805 0.060469 0.030859
2 0.323203 0.871094 0.058906 0.031250
2 0.052578 0.018750 0.061406 0.037500
0 0.769766 0.018555 0.058281 0.037109
2 0.239609 0.665430 0.060469 0.033984
2 0.203047 0.803027 0.059219 0.035742
2 0.587578 0.080078 0.059531 0.039062
2 0.137656 0.259668 0.059688 0.034961
0 0.434922 0.236035 0.060469 0.034570
2 0.017813 0.656445 0.035625 0.031641
2 0.263281 0.870801 0.057813 0.034570
2 0.204609 0.866895 0.059219 0.030664
2 0.435156 0.199609 0.060937 0.035938
2 0.478750 0.645410 0.060625 0.036914
2 0.538906 0.645020 0.059063 0.036133
2 0.195234 0.224805 0.059219 0.035547
2 0.237656 0.633398 0.059687 0.036328
0 0.315781 0.267773 0.059687 0.035547
2 0.255000 0.264062 0.060000 0.039844
1 0.554375 0.276465 0.061875 0.037305
2 0.734141 0.285742 0.058906 0.032422
2 0.322187 0.842383 0.060000 0.028516
2 0.144453 0.832617 0.060781 0.028516
2 0.202969 0.835742 0.059063 0.030859
2 0.434922 0.270605 0.060469 0.037305
2 0.085781 0.828613 0.055937 0.028320
2 0.467031 0.076855 0.059063 0.036523
2 0.562969 0.855469 0.057188 0.031250
4 0.358125 0.637695 0.060000 0.033203
2 0.029063 0.826270 0.058125 0.027539
2 0.598828 0.649219 0.060156 0.036719
2 0.417969 0.676465 0.060937 0.032617
2 0.418828 0.642969 0.059531 0.035937
2 0.297500 0.635938 0.060625 0.033594
2 0.495078 0.273633 0.058906 0.035547
2 0.675859 0.282617 0.061094 0.033984
2 0.180000 0.630176 0.060000 0.033789
2 0.062891 0.626758 0.060156 0.030859
2 0.195078 0.260645 0.058906 0.036914
2 0.120234 0.630469 0.059219 0.030469
2 0.375156 0.268750 0.059687 0.033594
2 0.289062 0.028027 0.059375 0.036523
2 0.479063 0.677441 0.061250 0.034570
2 0.657422 0.651172 0.058594 0.032813
2 0.143672 0.800098 0.059219 0.037695
2 0.561562 0.884473 0.057500 0.030664
2 0.503437 0.849023 0.060000 0.030078
2 0.077422 0.254785 0.061094 0.036914
2 0.358984 0.672754 0.058594 0.036914
2 0.738906 0.214844 0.062188 0.035156
2 0.442969 0.815039 0.060937 0.032422
2 0.383125 0.811523 0.060000 0.037109
2 0.263281 0.806152 0.060937 0.038086
0 0.253750 0.226758 0.060625 0.035547
2 0.504375 0.818652 0.058750 0.031836
2 0.288359 0.065918 0.057969 0.038086
2 0.029297 0.855957 0.058594 0.032227
2 0.710156 0.016504 0.060937 0.033008
2 0.503281 0.881250 0.059687 0.032031
2 0.028359 0.793945 0.056719 0.037109
2 0.408125 0.072168 0.060000 0.038867
2 0.646875 0.082910 0.059375 0.036914
2 0.087969 0.859863 0.060312 0.032227
2 0.527031 0.075586 0.060313 0.037891
2 0.261406 0.840527 0.060312 0.028711
2 0.537813 0.681543 0.060000 0.034961
2 0.496719 0.201074 0.062188 0.038867
2 0.737187 0.250879 0.058750 0.036914
2 0.323125 0.810742 0.058750 0.035547
0 0.121875 0.661523 0.056250 0.033984
2 0.064062 0.657422 0.059375 0.033594
2 0.615156 0.279590 0.061562 0.035742
0 0.442812 0.847168 0.060625 0.030273
2 0.375547 0.196875 0.060469 0.038281
2 0.383125 0.845117 0.060000 0.030078
2 0.797891 0.218750 0.058281 0.039062
2 0.314297 0.233301 0.059844 0.033008
2 0.314453 0.196191 0.060156 0.040820
2 0.110781 0.019336 0.059062 0.038672
2 0.135781 0.222754 0.062187 0.035352
2 0.076250 0.220703 0.058750 0.031250
2 0.229063 0.027246 0.061250 0.038867
2 0.179453 0.661230 0.058906 0.033398
2 0.795781 0.253906 0.057188 0.039062
2 0.169844 0.021582 0.058438 0.043164
2 0.024141 0.219629 0.048281 0.033008
2 0.677187 0.211816 0.063750 0.036914
2 0.616484 0.208203 0.057969 0.037500
2 0.675703 0.248145 0.060781 0.035352
2 0.615313 0.244434 0.058750 0.035742
2 0.556719 0.239355 0.060313 0.033398
2 0.496563 0.237598 0.061875 0.037695
2 0.375234 0.234375 0.059844 0.035156
2 0.023594 0.255078 0.047188 0.037500
2 0.556797 0.204687 0.060469 0.038281
2 0.562344 0.822754 0.059063 0.032227
