0 0.498516 0.085645 0.059531 0.030664
2 0.617031 0.092285 0.059063 0.032227
2 0.853984 0.107422 0.057969 0.031250
2 0.912734 0.111621 0.059844 0.031836
2 0.970781 0.116992 0.057188 0.026953
2 0.734609 0.129688 0.059844 0.025000
1 0.852969 0.137012 0.059062 0.027930
2 0.913281 0.141211 0.060937 0.028516
2 0.614687 0.149902 0.060625 0.034180
2 0.734453 0.159863 0.059531 0.034570
2 0.854922 0.166797 0.059844 0.032812
2 0.971797 0.144238 0.056094 0.026758
2 0.972656 0.173828 0.054688 0.035156
2 0.494062 0.145020 0.060000 0.032227
2 0.616016 0.121387 0.060156 0.024023
2 0.676484 0.095508 0.059219 0.030859
2 0.735625 0.099219 0.058750 0.034375
2 0.553984 0.147461 0.061094 0.033203
2 0.675312 0.153613 0.060000 0.037695
2 0.914453 0.173047 0.060156 0.033594
2 0.793828 0.162012 0.059531 0.034961
2 0.556328 0.118555 0.059531 0.026172
2 0.434063 0.140625 0.058750 0.035156
2 0.675000 0.123047 0.059375 0.023438
2 0.795469 0.104785 0.059688 0.033789
2 0.437812 0.110645 0.056875 0.025977
2 0.495937 0.114746 0.060625 0.030273
2 0.557422 0.089648 0.058594 0.030859
2 0.793750 0.133398 0.059375 0.024609
2 0.360781 0.475000 0.062188 0.028125
2 0.811250 0.369434 0.060000 0.031836
2 0.439922 0.082520 0.057969 0.032227
2 0.535625 0.552441 0.058750 0.034570
2 0.657109 0.494336 0.061094 0.031641
2 0.595859 0.524902 0.060469 0.034180
2 0.777422 0.538477 0.061094 0.033984
2 0.954453 0.787109 0.058906 0.035156
2 0.957422 0.550684 0.058594 0.034961
0 0.952266 0.722070 0.057656 0.030078
2 0.594453 0.558789 0.060781 0.031641
2 0.774922 0.742676 0.059219 0.036133
2 0.894453 0.785742 0.060781 0.032422
0 0.834297 0.748730 0.059219 0.036523
0 0.838125 0.574219 0.060625 0.039062
0 0.655156 0.699902 0.057188 0.036523
2 0.714687 0.705566 0.060625 0.032227
2 0.512188 0.284082 0.058750 0.029102
2 0.631250 0.295312 0.059375 0.028125
2 0.750391 0.302148 0.060156 0.026172
1 0.868125 0.310742 0.058125 0.031641
2 0.570312 0.321680 0.062500 0.030078
2 0.630625 0.323242 0.061250 0.029297
2 0.810859 0.336914 0.059219 0.033203
2 0.507188 0.347461 0.061250 0.030859
2 0.570625 0.350977 0.063125 0.030078
2 0.629453 0.354492 0.062031 0.033203
2 0.750938 0.364063 0.061250 0.032813
2 0.980156 0.375879 0.038438 0.036914
2 0.300469 0.471289 0.060312 0.028516
0 0.478672 0.480762 0.060469 0.031836
2 0.718125 0.499805 0.061250 0.034766
1 0.778125 0.502734 0.059375 0.036719
2 0.297969 0.504590 0.061563 0.036523
2 0.838125 0.508984 0.060625 0.033594
2 0.957031 0.518164 0.057813 0.032422
2 0.536641 0.520312 0.060781 0.028906
2 0.717656 0.534668 0.060313 0.034180
2 0.353672 0.539062 0.060469 0.035156
2 0.476328 0.546680 0.062031 0.034766
2 0.931719 0.374121 0.060313 0.033398
2 0.716484 0.568848 0.061094 0.032227
2 0.777187 0.573242 0.060625 0.033203
2 0.957734 0.585352 0.059219 0.033984
0 0.834688 0.712109 0.060000 0.033594
0 0.893359 0.718066 0.058594 0.029883
2 0.715000 0.739551 0.061250 0.033789
2 0.954609 0.752930 0.059219 0.033203
2 0.653281 0.772461 0.059687 0.033203
2 0.834688 0.784277 0.060000 0.033398
2 0.837969 0.537891 0.060313 0.032813
2 0.293359 0.540527 0.061719 0.034180
2 0.979453 0.345215 0.040156 0.026367
2 0.690547 0.356836 0.059219 0.041797
0 0.750625 0.331641 0.060625 0.030469
2 0.775391 0.779297 0.060156 0.035156
2 0.537813 0.487793 0.060000 0.034180
2 0.598359 0.492383 0.059219 0.031641
2 0.417344 0.509863 0.059687 0.031445
2 0.476641 0.511816 0.059531 0.031445
1 0.355938 0.505469 0.061875 0.034375
2 0.894219 0.752246 0.060313 0.035742
0 0.809922 0.305566 0.060469 0.029102
2 0.654609 0.736230 0.059219 0.038867
2 0.419375 0.476953 0.057500 0.032031
0 0.691016 0.297949 0.060156 0.029492
2 0.572422 0.290918 0.060469 0.031055
2 0.415078 0.544043 0.061406 0.037305
2 0.870469 0.373145 0.059688 0.031445
0 0.930234 0.341699 0.060469 0.027148
2 0.690391 0.324609 0.058906 0.024219
2 0.870391 0.341309 0.059531 0.030273
2 0.775078 0.707812 0.059531 0.032813
2 0.510625 0.317090 0.061875 0.032617
2 0.929844 0.313281 0.059688 0.028906
2 0.898750 0.546777 0.060000 0.034961
2 0.897266 0.581055 0.060156 0.033203
0 0.656016 0.564355 0.062031 0.034961
2 0.897188 0.513086 0.060000 0.033984
1 0.657969 0.527930 0.062812 0.036328
2 0.714063 0.774414 0.062500 0.037109
1 0.979688 0.317383 0.040625 0.029297
