2 0.070391 0.869727 0.062656 0.032422
2 0.571016 0.491309 0.060781 0.037305
0 0.567578 0.557324 0.060156 0.032617
2 0.449219 0.519141 0.060937 0.034375
2 0.587812 0.696191 0.060000 0.036914
2 0.539609 0.356348 0.060469 0.025195
2 0.687656 0.563477 0.059687 0.033203
2 0.913906 0.915039 0.059062 0.033203
2 0.627656 0.559668 0.061562 0.033398
2 0.180469 0.263281 0.060937 0.034375
2 0.903984 0.308789 0.064219 0.039453
2 0.722891 0.295508 0.061406 0.036328
2 0.693047 0.495312 0.061094 0.037500
2 0.782891 0.299023 0.062656 0.039453
2 0.482344 0.280566 0.058437 0.033789
1 0.268750 0.542383 0.059375 0.030078
2 0.031641 0.529004 0.060156 0.030664
2 0.150391 0.501270 0.060156 0.033789
2 0.971875 0.916016 0.056250 0.031250
2 0.250547 0.942187 0.060469 0.025000
2 0.370703 0.921680 0.060156 0.030859
1 0.406094 0.718750 0.059063 0.035156
0 0.131172 0.907324 0.059219 0.029492
2 0.524219 0.760254 0.057813 0.036133
2 0.124063 0.059375 0.060625 0.036719
2 0.544687 0.079590 0.061250 0.038086
2 0.584531 0.762012 0.059687 0.035742
2 0.602891 0.083203 0.058906 0.037500
2 0.484453 0.076953 0.059531 0.040625
2 0.820859 0.773145 0.057344 0.030664
2 0.643594 0.765430 0.059063 0.034766
2 0.703125 0.765723 0.059375 0.035352
2 0.404609 0.752637 0.059219 0.032617
2 0.465703 0.722461 0.059531 0.030859
2 0.765625 0.737305 0.059375 0.033203
2 0.465313 0.756445 0.058750 0.036328
2 0.224766 0.739453 0.058906 0.029687
2 0.344687 0.746973 0.061250 0.029102
2 0.823672 0.741895 0.056719 0.030664
2 0.284219 0.744824 0.059063 0.032617
2 0.108203 0.732227 0.060156 0.034766
2 0.424375 0.073438 0.058125 0.037500
2 0.705937 0.734180 0.058750 0.030859
2 0.166406 0.736621 0.057813 0.031836
2 0.586484 0.727539 0.060469 0.029297
2 0.768906 0.704590 0.059687 0.034180
2 0.674922 0.907813 0.059219 0.034375
2 0.165000 0.705859 0.058125 0.028906
2 0.284453 0.712109 0.059531 0.029687
2 0.224531 0.709277 0.058438 0.031836
2 0.107578 0.700195 0.058906 0.029297
2 0.467734 0.691211 0.060469 0.034766
2 0.707891 0.702344 0.059531 0.033594
2 0.362969 0.070801 0.060312 0.036133
2 0.526563 0.692187 0.059375 0.032813
2 0.648594 0.697754 0.059687 0.036133
2 0.240391 0.063672 0.055781 0.037500
2 0.105703 0.670117 0.058281 0.031641
2 0.733281 0.908594 0.060313 0.032031
2 0.164922 0.675977 0.057969 0.031641
2 0.669063 0.967578 0.060000 0.028906
2 0.728047 0.969043 0.059219 0.031836
2 0.181484 0.299805 0.059844 0.037109
2 0.346250 0.716602 0.061250 0.030859
2 0.183203 0.062500 0.060156 0.039062
1 0.048594 0.730176 0.059688 0.034570
2 0.525781 0.725195 0.060937 0.032422
2 0.645781 0.731543 0.060313 0.033398
2 0.370781 0.891602 0.060313 0.033203
2 0.360312 0.273145 0.061250 0.034570
1 0.478672 0.349707 0.060469 0.031445
2 0.717422 0.367773 0.059844 0.024609
2 0.791250 0.940039 0.057500 0.028516
0 0.788125 0.970605 0.057500 0.031055
2 0.190469 0.879590 0.059063 0.032617
2 0.251016 0.915332 0.061406 0.029883
2 0.269453 0.509473 0.060781 0.034570
0 0.073047 0.933789 0.058594 0.031641
2 0.731016 0.940527 0.062031 0.029492
2 0.610078 0.934863 0.060781 0.029883
2 0.780938 0.337500 0.061875 0.038281
2 0.132578 0.875586 0.058906 0.032422
2 0.511016 0.486816 0.059531 0.036133
2 0.300078 0.304883 0.059531 0.035547
2 0.745391 0.567090 0.056406 0.032617
2 0.064766 0.327930 0.057656 0.030859
2 0.388437 0.481152 0.061250 0.036523
2 0.207031 0.469922 0.060937 0.033594
2 0.312188 0.887891 0.058750 0.033594
1 0.899219 0.345215 0.060937 0.034180
2 0.419609 0.346387 0.061094 0.032617
2 0.719531 0.334375 0.060937 0.039844
2 0.658984 0.360938 0.061719 0.030469
2 0.344766 0.683789 0.061406 0.031641
2 0.224375 0.675586 0.061250 0.034766
2 0.283984 0.679688 0.061719 0.035156
2 0.598984 0.359961 0.060469 0.028516
2 0.908438 0.944336 0.060625 0.029297
2 0.967187 0.948047 0.059375 0.032813
2 0.839063 0.343848 0.062500 0.039258
2 0.267891 0.473340 0.060781 0.036523
2 0.148359 0.467285 0.062344 0.036133
2 0.836875 0.376270 0.061250 0.029883
2 0.541797 0.320898 0.061719 0.040234
1 0.601328 0.327539 0.062031 0.037891
2 0.359141 0.341016 0.058906 0.033594
0 0.239922 0.302832 0.061094 0.035352
2 0.481797 0.316406 0.060469 0.039062
2 0.955547 0.346777 0.061094 0.037305
2 0.853906 0.912695 0.060937 0.032422
2 0.491094 0.897168 0.060313 0.032617
2 0.064453 0.057715 0.060156 0.037305
2 0.072266 0.900879 0.060156 0.028320
2 0.552578 0.901563 0.061406 0.033594
2 0.905000 0.973242 0.060000 0.028516
0 0.029609 0.463672 0.059219 0.032813
2 0.953203 0.378809 0.059531 0.027148
2 0.087813 0.465430 0.063125 0.036328
2 0.894609 0.377539 0.061094 0.028516
2 0.632188 0.494238 0.061250 0.035352
2 0.328984 0.477344 0.061094 0.040625
2 0.123125 0.331152 0.058750 0.033398
2 0.191484 0.910937 0.057969 0.028906
2 0.303828 0.069531 0.060781 0.037500
2 0.661797 0.329102 0.061094 0.033203
2 0.448906 0.484375 0.060313 0.035156
2 0.046797 0.666895 0.059219 0.029102
2 0.047422 0.697070 0.060469 0.030859
2 0.827187 0.708691 0.057500 0.038477
0 0.793203 0.911328 0.058281 0.033594
2 0.300078 0.338672 0.059531 0.032813
2 0.121406 0.296973 0.058438 0.035352
2 0.240937 0.269043 0.060000 0.034180
2 0.120234 0.262305 0.059219 0.036328
2 0.406562 0.686914 0.060000 0.033984
2 0.299531 0.271289 0.058438 0.030859
2 0.664922 0.295117 0.061094 0.039453
2 0.180781 0.333789 0.058438 0.030859
2 0.614844 0.903027 0.060937 0.032617
2 0.607344 0.963867 0.061562 0.029297
2 0.842578 0.304199 0.060156 0.038086
2 0.066641 0.094727 0.058281 0.033203
0 0.548828 0.960059 0.060156 0.029492
1 0.489766 0.957031 0.060781 0.031250
2 0.251484 0.883594 0.062344 0.032813
2 0.126094 0.095117 0.061563 0.033984
2 0.845938 0.969922 0.060625 0.029687
2 0.960703 0.311133 0.058906 0.036328
0 0.778594 0.370996 0.060313 0.027148
2 0.370625 0.952246 0.060000 0.029492
2 0.420000 0.312500 0.061875 0.035156
0 0.311250 0.948535 0.060000 0.029883
2 0.431406 0.893457 0.059687 0.033008
2 0.239687 0.336035 0.060625 0.031445
0 0.421484 0.275000 0.061719 0.038281
2 0.359844 0.308398 0.060312 0.034766
2 0.542812 0.284863 0.060625 0.034570
0 0.603516 0.288477 0.060156 0.037891
2 0.062656 0.293848 0.056563 0.036914
2 0.061328 0.259277 0.057031 0.034180
2 0.363047 0.106152 0.060469 0.036523
2 0.242891 0.101074 0.060781 0.038086
2 0.303594 0.105371 0.060312 0.034961
0 0.362812 0.140527 0.060000 0.034961
0 0.422344 0.144043 0.060313 0.038086
2 0.482422 0.144336 0.061719 0.034766
2 0.540703 0.153711 0.059531 0.030078
0 0.601094 0.156641 0.058437 0.032031
2 0.431406 0.954590 0.059687 0.030273
0 0.423594 0.109277 0.059687 0.034961
2 0.482734 0.115527 0.059219 0.035742
2 0.066797 0.126953 0.058594 0.035156
2 0.242969 0.135937 0.060937 0.033594
2 0.126797 0.129785 0.059844 0.033008
0 0.185547 0.134277 0.061719 0.034180
2 0.542266 0.118164 0.062656 0.037109
0 0.030781 0.496973 0.061562 0.033008
2 0.431250 0.923145 0.059375 0.029883
2 0.491484 0.926758 0.061094 0.029297
2 0.183438 0.097363 0.060625 0.042383
2 0.849844 0.941211 0.059062 0.030859
2 0.133750 0.936035 0.061250 0.028320
2 0.191406 0.937793 0.057813 0.027930
2 0.670391 0.938281 0.059531 0.028906
2 0.550391 0.930664 0.060156 0.029297
2 0.091250 0.500781 0.060625 0.032813
0 0.448906 0.551465 0.060313 0.032617
2 0.509062 0.553613 0.058750 0.029102
2 0.751953 0.499609 0.057031 0.038281
2 0.761797 0.769629 0.061094 0.031445
2 0.311016 0.919043 0.059531 0.029492
0 0.091641 0.530566 0.058281 0.029883
2 0.329219 0.544824 0.061563 0.031055
1 0.389766 0.549609 0.060781 0.032813
2 0.691172 0.530859 0.060469 0.038281
2 0.209766 0.537988 0.060156 0.029102
2 0.151250 0.534863 0.061875 0.030664
2 0.748516 0.533691 0.056406 0.036133
2 0.208125 0.504004 0.060000 0.035352
2 0.569688 0.523828 0.061250 0.035937
2 0.631328 0.528516 0.059531 0.033594
0 0.509141 0.520801 0.058906 0.033789
0 0.328203 0.511719 0.059531 0.035156
2 0.389531 0.514746 0.060313 0.033398
2 0.963594 0.975586 0.058437 0.029297
2 0.602734 0.121191 0.058594 0.039258
0 0.303437 0.140527 0.060000 0.031055
