2 0.759609 0.936230 0.059844 0.036523
2 0.879766 0.975488 0.059531 0.036914
2 0.939141 0.940137 0.059531 0.036523
2 0.700703 0.969531 0.057656 0.036719
2 0.879063 0.905176 0.058125 0.036914
2 0.700937 0.931445 0.058125 0.034766
2 0.820781 0.901855 0.060313 0.034180
1 0.939453 0.977930 0.060156 0.037891
2 0.820234 0.974512 0.059219 0.034961
2 0.971719 0.772559 0.055937 0.037305
2 0.701328 0.898047 0.058906 0.034375
2 0.759609 0.899512 0.059844 0.037305
2 0.937813 0.903418 0.060000 0.037305
2 0.820156 0.937305 0.059062 0.038672
2 0.879609 0.940625 0.059219 0.033594
2 0.759609 0.972559 0.059844 0.034961
2 0.916484 0.769043 0.057969 0.034180
2 0.827656 0.527734 0.061562 0.035937
2 0.974219 0.328125 0.051562 0.027344
2 0.971719 0.701660 0.055937 0.036133
2 0.915078 0.699805 0.058281 0.032422
2 0.856797 0.767871 0.060469 0.035742
2 0.795312 0.731934 0.059375 0.034180
0 0.948516 0.566309 0.059531 0.034961
2 0.794844 0.697559 0.058437 0.035742
0 0.827187 0.492383 0.060625 0.035547
2 0.828281 0.561719 0.059688 0.033594
1 0.887734 0.530176 0.059844 0.036914
2 0.974219 0.363281 0.051562 0.039062
2 0.971641 0.737695 0.055781 0.033984
2 0.916484 0.297754 0.057969 0.033008
2 0.917344 0.331934 0.059688 0.031055
2 0.917344 0.364355 0.059688 0.033398
2 0.886016 0.493555 0.062656 0.033984
2 0.947891 0.532129 0.058281 0.033008
0 0.888203 0.564941 0.060781 0.032227
0 0.916406 0.734180 0.057813 0.034766
2 0.795703 0.766602 0.060156 0.037109
2 0.972656 0.298828 0.054688 0.035156
2 0.855078 0.699805 0.060156 0.036328
2 0.856172 0.732910 0.062344 0.032227
0 0.946094 0.497559 0.057813 0.034180
