2 0.730391 0.252637 0.060781 0.036523
2 0.065469 0.418262 0.059062 0.035742
0 0.588828 0.041406 0.062031 0.039844
2 0.856484 0.396973 0.062969 0.036133
2 0.489531 0.238379 0.063438 0.035352
2 0.966953 0.237695 0.058906 0.033984
2 0.791250 0.428027 0.060625 0.035742
2 0.125547 0.422363 0.060469 0.036133
0 0.185312 0.428613 0.058125 0.033008
2 0.426719 0.232520 0.062812 0.035352
2 0.245000 0.430371 0.058750 0.036523
2 0.610859 0.416699 0.059219 0.032617
2 0.733359 0.423047 0.060469 0.029687
2 0.910703 0.433984 0.062031 0.035938
2 0.849219 0.430859 0.060937 0.033594
2 0.795234 0.392090 0.059219 0.038086
2 0.124063 0.348828 0.057500 0.033594
2 0.972656 0.402637 0.051562 0.035742
2 0.550234 0.413574 0.062969 0.034180
0 0.853438 0.227344 0.063125 0.036719
2 0.307109 0.401270 0.061094 0.033008
0 0.366875 0.403125 0.061875 0.036719
2 0.671250 0.420215 0.061250 0.031836
2 0.791875 0.258887 0.068125 0.037305
2 0.289453 0.026172 0.060156 0.036719
2 0.670469 0.249609 0.069062 0.038281
2 0.950234 0.027832 0.062969 0.040039
0 0.429219 0.370996 0.058437 0.034961
2 0.612422 0.209570 0.062344 0.036328
0 0.245781 0.396582 0.057187 0.031445
2 0.067891 0.217969 0.063906 0.037500
2 0.672891 0.213574 0.064531 0.040430
2 0.733047 0.218164 0.062969 0.037891
2 0.832188 0.022949 0.058125 0.034180
1 0.169766 0.021777 0.061406 0.031836
2 0.673828 0.386133 0.060156 0.037891
1 0.970625 0.202148 0.056875 0.037109
2 0.491094 0.204492 0.063438 0.033984
0 0.612891 0.381348 0.057031 0.040039
2 0.735000 0.389160 0.063750 0.036133
2 0.916563 0.197949 0.051875 0.036523
2 0.125000 0.385840 0.056250 0.033398
2 0.246172 0.360156 0.061094 0.036719
2 0.964297 0.272266 0.059844 0.032813
0 0.489687 0.376465 0.063750 0.038086
2 0.367266 0.364844 0.062656 0.038281
2 0.909062 0.268359 0.061875 0.032813
2 0.306250 0.363281 0.056250 0.039062
2 0.550703 0.379199 0.060781 0.039648
2 0.064453 0.349414 0.060156 0.034766
2 0.410234 0.030371 0.064219 0.041211
0 0.351406 0.028027 0.059063 0.040430
2 0.470937 0.033691 0.060625 0.040039
2 0.531328 0.038086 0.062656 0.041016
1 0.186719 0.391699 0.064062 0.037305
2 0.551484 0.206445 0.062344 0.037891
2 0.064766 0.385059 0.063906 0.035742
2 0.430625 0.199023 0.061250 0.034766
0 0.488984 0.408789 0.059219 0.036328
2 0.427500 0.407617 0.058125 0.033984
2 0.370156 0.229199 0.062188 0.036523
2 0.892109 0.024805 0.062344 0.037891
0 0.912266 0.235156 0.062031 0.036719
2 0.793984 0.223633 0.062969 0.037109
2 0.187109 0.221387 0.061719 0.036523
0 0.232266 0.023242 0.061406 0.034766
2 0.307109 0.225781 0.064219 0.037500
1 0.130156 0.219629 0.060312 0.036914
2 0.248125 0.223828 0.061875 0.037500
2 0.609375 0.247754 0.065625 0.034570
2 0.549297 0.243066 0.061094 0.040820
2 0.917266 0.401074 0.059531 0.036523
2 0.850625 0.263965 0.060625 0.031836
2 0.183906 0.354199 0.061563 0.036523
2 0.117031 0.830664 0.052812 0.032422
3 0.235547 0.837695 0.061719 0.034766
3 0.357656 0.844434 0.059063 0.036523
3 0.294687 0.807715 0.061250 0.033398
2 0.417734 0.815723 0.063594 0.029883
2 0.481484 0.787500 0.062969 0.032031
2 0.365000 0.438672 0.061250 0.033594
2 0.115625 0.798730 0.059375 0.031055
2 0.115781 0.765039 0.059688 0.033984
2 0.790234 0.631836 0.061719 0.033203
3 0.297422 0.839160 0.063594 0.033789
2 0.309688 0.155762 0.060000 0.038086
2 0.055156 0.016309 0.060313 0.032617
3 0.059844 0.827051 0.057188 0.029102
2 0.173984 0.801562 0.057344 0.032813
2 0.418281 0.783984 0.061562 0.032813
3 0.538672 0.822949 0.058594 0.036523
2 0.175313 0.770703 0.060000 0.033594
2 0.356953 0.780762 0.060781 0.030273
2 0.234219 0.771777 0.062188 0.031836
1 0.786250 0.665137 0.056875 0.033398
2 0.296016 0.774414 0.060781 0.033203
2 0.546094 0.653418 0.060937 0.033398
2 0.605547 0.652832 0.061094 0.032227
2 0.126797 0.147070 0.062969 0.040234
2 0.187578 0.149902 0.059531 0.038086
2 0.667734 0.624414 0.060469 0.033984
0 0.730000 0.458203 0.063125 0.041406
2 0.851016 0.467187 0.055156 0.035938
0 0.648984 0.046094 0.060469 0.041406
0 0.969531 0.439746 0.054688 0.035742
2 0.670312 0.454297 0.059375 0.033594
2 0.427422 0.441113 0.061094 0.034570
2 0.611016 0.450293 0.059531 0.037305
2 0.548984 0.448242 0.060469 0.037109
2 0.486406 0.444824 0.060313 0.038086
2 0.247812 0.188965 0.061250 0.034180
2 0.059844 0.554102 0.060313 0.033984
2 0.768437 0.056055 0.058750 0.037891
2 0.796172 0.187891 0.064219 0.043750
2 0.188594 0.185645 0.061563 0.035352
2 0.128516 0.180859 0.063281 0.037500
2 0.368828 0.194141 0.062656 0.032812
2 0.067969 0.182324 0.060937 0.036523
2 0.308359 0.192969 0.060469 0.034375
2 0.855937 0.193750 0.058750 0.035938
2 0.121094 0.557520 0.060937 0.033008
0 0.113984 0.019434 0.062344 0.031055
2 0.243281 0.632617 0.061563 0.034766
2 0.243750 0.566406 0.062500 0.035156
2 0.906875 0.465723 0.057500 0.033008
2 0.733281 0.595703 0.060313 0.035156
2 0.665625 0.657617 0.059375 0.033984
2 0.546875 0.620117 0.059375 0.033203
2 0.607734 0.622266 0.059219 0.033594
2 0.486094 0.651074 0.059687 0.032617
0 0.712500 0.050781 0.059375 0.042969
2 0.790937 0.463672 0.060000 0.036719
2 0.067422 0.144238 0.062969 0.034570
3 0.055469 0.761816 0.060937 0.035352
4 0.845313 0.666602 0.059375 0.036328
3 0.055781 0.795312 0.058437 0.032031
2 0.540000 0.789941 0.058125 0.033008
2 0.713359 0.014453 0.057969 0.028906
3 0.235937 0.803809 0.062500 0.033398
2 0.479297 0.820410 0.058594 0.031445
3 0.478125 0.849805 0.062500 0.039453
3 0.176016 0.833789 0.061406 0.034766
2 0.417031 0.847559 0.062188 0.031055
2 0.369531 0.158984 0.060937 0.036719
2 0.772266 0.017188 0.060156 0.034375
2 0.248984 0.154297 0.063594 0.039062
2 0.183828 0.628711 0.058281 0.030859
2 0.492188 0.165137 0.062500 0.037305
2 0.424766 0.644434 0.062031 0.038867
2 0.430547 0.162402 0.061094 0.035742
2 0.552969 0.171582 0.062188 0.034570
2 0.302891 0.636719 0.062031 0.039062
2 0.729531 0.630371 0.059063 0.030273
2 0.848828 0.633105 0.060156 0.035742
2 0.613828 0.174023 0.058906 0.035547
2 0.181250 0.560449 0.059375 0.034961
2 0.424453 0.578906 0.064531 0.036719
2 0.242500 0.599316 0.063125 0.030664
2 0.886484 0.063965 0.060469 0.038086
2 0.488203 0.617676 0.057656 0.032227
2 0.362344 0.575781 0.059063 0.034375
2 0.303750 0.603223 0.063750 0.034570
2 0.794687 0.599609 0.061250 0.035156
2 0.121641 0.592480 0.065156 0.036523
2 0.302969 0.570410 0.059063 0.031445
2 0.550078 0.586426 0.056406 0.032227
2 0.610938 0.588477 0.062500 0.032422
2 0.061406 0.590332 0.060313 0.036133
2 0.365703 0.640234 0.062656 0.042188
2 0.677031 0.178809 0.063438 0.037305
2 0.672500 0.590820 0.063750 0.037109
2 0.854375 0.600391 0.061875 0.036719
2 0.181797 0.595313 0.060469 0.030469
2 0.489141 0.581445 0.062656 0.037891
2 0.305391 0.434668 0.057656 0.029492
2 0.829297 0.059082 0.058594 0.036133
2 0.122578 0.625098 0.060781 0.027539
4 0.726172 0.662598 0.061719 0.036133
2 0.946562 0.066699 0.065000 0.043555
2 0.365313 0.607129 0.061875 0.030664
2 0.426094 0.612793 0.064687 0.030273
2 0.736328 0.183105 0.063281 0.041992
3 0.356563 0.814453 0.063125 0.035156
2 0.062500 0.625098 0.062500 0.031445
