2 0.109531 0.954688 0.056563 0.026563
2 0.367422 0.095508 0.059844 0.038672
2 0.342187 0.968359 0.059375 0.030469
2 0.075391 0.155469 0.057031 0.037500
2 0.021563 0.119141 0.043125 0.035156
2 0.307266 0.132129 0.058281 0.033789
2 0.073047 0.120605 0.058594 0.034180
2 0.270547 0.328125 0.059844 0.035156
2 0.342344 0.939941 0.056562 0.024414
2 0.095625 0.354883 0.056875 0.033984
2 0.036953 0.351758 0.058281 0.035547
2 0.211484 0.292090 0.060469 0.033398
2 0.151797 0.323535 0.059844 0.037695
2 0.213125 0.361230 0.060625 0.031055
2 0.223594 0.962793 0.059687 0.027148
2 0.426797 0.100195 0.059844 0.040234
0 0.189219 0.125195 0.059687 0.039453
2 0.425938 0.136523 0.058125 0.034766
1 0.189609 0.163184 0.060469 0.033398
2 0.307578 0.166895 0.058906 0.036914
2 0.425938 0.171289 0.058125 0.033984
2 0.248750 0.131348 0.060000 0.036133
2 0.399375 0.942383 0.061250 0.029297
2 0.282344 0.963965 0.058438 0.029492
2 0.150938 0.288477 0.058125 0.033984
2 0.167266 0.959082 0.059531 0.027539
2 0.092500 0.285645 0.060000 0.036133
2 0.212031 0.326367 0.061563 0.035547
2 0.390625 0.333594 0.059375 0.030469
2 0.023359 0.152344 0.046719 0.035156
2 0.248203 0.164746 0.058906 0.032617
2 0.367812 0.168555 0.060625 0.036328
2 0.130703 0.123145 0.058281 0.035352
2 0.283125 0.936035 0.060000 0.028320
2 0.153359 0.357617 0.059844 0.031641
2 0.400078 0.972559 0.056406 0.027148
2 0.050313 0.950977 0.063125 0.026953
2 0.330156 0.330762 0.060312 0.036523
2 0.389688 0.301563 0.060625 0.036719
2 0.035078 0.317188 0.057656 0.032813
2 0.329609 0.296484 0.059219 0.038281
2 0.093516 0.320215 0.058906 0.034961
2 0.270000 0.293164 0.061875 0.035547
2 0.032500 0.282813 0.058750 0.034375
2 0.366250 0.132422 0.060625 0.034375
0 0.131016 0.159180 0.058906 0.037109
2 0.389609 0.367090 0.057344 0.034961
2 0.234844 0.497949 0.060312 0.034961
2 0.357109 0.506348 0.061094 0.036133
2 0.295703 0.536328 0.060156 0.033594
2 0.119687 0.559082 0.058125 0.032227
2 0.237266 0.564258 0.058906 0.030859
2 0.147109 0.755859 0.059844 0.031250
2 0.281875 0.905371 0.060625 0.029492
2 0.307969 0.094531 0.059687 0.040625
2 0.106406 0.927148 0.059688 0.030078
2 0.029844 0.751172 0.059688 0.033594
2 0.383281 0.707812 0.060313 0.032813
2 0.063125 0.555762 0.057500 0.033398
1 0.206016 0.761328 0.058906 0.034375
2 0.237266 0.531934 0.058906 0.032617
2 0.295469 0.503418 0.059687 0.034180
0 0.415781 0.508301 0.059687 0.036133
2 0.177969 0.529297 0.059063 0.031250
2 0.061875 0.524023 0.058125 0.032422
2 0.441406 0.776172 0.057813 0.032813
2 0.272422 0.362500 0.060469 0.029687
2 0.176875 0.496191 0.060000 0.035352
2 0.116953 0.493750 0.058906 0.034375
2 0.330391 0.366016 0.057656 0.032813
2 0.060234 0.491211 0.057969 0.033203
2 0.027656 0.689258 0.055313 0.034766
2 0.165781 0.930078 0.059688 0.028125
2 0.383047 0.769043 0.059844 0.030273
2 0.020547 0.085254 0.041094 0.033789
2 0.146719 0.726660 0.059062 0.031445
2 0.263203 0.699512 0.060781 0.031836
2 0.145391 0.695410 0.059531 0.031445
2 0.224844 0.933984 0.059063 0.028125
2 0.401094 0.911816 0.058437 0.030664
0 0.047266 0.924316 0.060156 0.028320
2 0.247187 0.091992 0.060000 0.039453
2 0.044453 0.895215 0.060781 0.032617
2 0.342187 0.910352 0.059375 0.031641
2 0.188047 0.088574 0.060469 0.036523
2 0.222422 0.905664 0.057344 0.030078
2 0.103359 0.895703 0.059844 0.029687
2 0.163984 0.901367 0.059219 0.033203
0 0.070938 0.084180 0.060625 0.035547
2 0.084453 0.692383 0.059531 0.033203
2 0.119375 0.525586 0.060625 0.031641
2 0.355391 0.538770 0.060781 0.030664
2 0.324063 0.766406 0.060625 0.036719
2 0.263828 0.731445 0.058906 0.029297
2 0.088672 0.752441 0.058594 0.032227
2 0.441797 0.712109 0.058594 0.033594
2 0.383125 0.738086 0.060000 0.030859
2 0.029375 0.721387 0.058750 0.028711
2 0.323359 0.704883 0.059219 0.030859
2 0.441563 0.743750 0.058125 0.030469
0 0.086172 0.721582 0.059844 0.029102
2 0.323672 0.733984 0.059844 0.030469
2 0.415547 0.542383 0.059219 0.033984
2 0.204375 0.697266 0.058750 0.031250
2 0.204453 0.727930 0.058906 0.030078
2 0.415625 0.575586 0.059375 0.033984
2 0.296797 0.568750 0.059219 0.032031
2 0.356641 0.571191 0.060156 0.033008
2 0.263906 0.760645 0.059063 0.033008
2 0.130625 0.086719 0.058125 0.036719
2 0.178437 0.561719 0.060000 0.033594
